698
724
712
684
647
630
614
605
593
610
621
617
611
642
662
646
650
636
609
611
611
602
599
597
592
590
592
604
617
606
603
615
614
600
589
578
576
573
567
565
571
580
584
565
568
572
572
561
565
586
584
599
648
623
627
613
634
627
603
594
597
606
618
612
608
617
630
657
664
670
646
646
648
637
632
617
598
589
578
576
576
571
558
549
563
558
565
596
624
588
582
590
624
600
624
564
598
594
573
567
557
556
555
560
570
557
567
583
592
604
616
627
625
615
611
620
621
609
601
601
621
637
635
621
625
677
705
734
707
713
763
804
821
721
703
704
711
694
736
763
770
794
813
789
789
786
720
712
690
646
639
675
812
770
813
805
757
805
789
805
828
771
790
760
716
780
952
870
904
866
872
867
823
855
834
781
823
810
824
878
854
895
840
802
861
809
818
815
734
722
729
739
712
773
874
806
782
809
867
905
864
881
831
777
829
980
884
931
935
867
909
896
928
947
868
917
972
877
913
862
863
892
933
874
915
938
931
958
879
833
802
854
851
977
913
884
938
928
934
963
898
884
915
885
867
823
798
898
857
932
937
814
784
805
855
824
961
969
955
974
957
909
930
865
825
778
769
815
827
1006
876
842
882
892
918
906
957
895
931
876
901
926
859
854
853
845
877
831
870
1057
989
1000
908
858
849
794
814
938
986
951
1012
944
875
961
937
866
956
1021
938
949
921
911
912
881
851
873
897
943
880
880
906
896
895
862
925
916
924
952
893
937
892
928
917
896
870
811
776
729
813
770
769
823
871
828
914
968
927
977
884
924
946
863
872
928
890
906
940
911
864
922
983
846
881
912
861
924
900
834
881
849
807
859
899
790
783
740
696
700
720
687
720
745
745
739
758
706
691
698
702
678
686
712
789
777
806
805
791
732
723
744
784
791
791
828
819
760
754
794
896
826
809
800
833
760
751
777
769
746
752
789
842
841
927
922
829
817
810
831
782
795
884
863
917
892
823
855
880
855
857
819
846
890
863
925
854
777
742
704
703
715
714
802
943
902
823
832
904
825
859
994
934
927
975
866
943
942
879
838
813
826
971
930
982
883
814
850
842
813
871
872
802
809
814
805
775
835
886
826
813
836
827
835
933
960
885
882
954
905
927
929
882
882
930
989
936
931
985
922
946
978
932
875
866
895
931
865
909
964
1007
964
917
930
903
834
806
831
938
895
926
987
982
910
907
950
939
835
833
886
890
839
962
974
902
859
891
871
805
802
895
872
776
714
701
714
794
931
815
868
911
834
901
973
836
834
847
769
758
856
783
855
1035
897
913
957
937
887
819
805
881
986
893
925
960
905
978
978
920
886
813
809
925
875
844
907
890
925
960
902
896
879
836
821
846
879
808
805
856
834
774
733
743
820
763
718
737
851
909
885
964
957
853
811
831
858
919
844
802
837
781
775
931
935
824
849
942
1005
915
854
864
922
861
879
969
902
831
817
980
994
936
963
966
915
930
952
897
890
907
941
887
933
989
978
931
980
962
927
840
882
955
1008
925
1012
982
887
854
856
833
772
736
704
721
711
716
695
725
773
779
736
757
802
835
791
824
853
843
833
879
975
981
934
955
1000
916
965
959
885
947
961
870
964
956
978
926
994
966
894
938
978
902
938
852
839
881
823
878
932
856
788
840
899
897
866
914
855
822
879
990
838
791
754
717
788
892
880
959
850
775
736
764
809
827
797
833
799
816
854
836
863
883
917
896
841
822
785
739
740
756
829
804
810
866
871
805
768
748
733
695
690
701
679
662
650
635
630
624
608
604
613
616
633
666
677
704
744
738
726
709
763
888
940
799
768
723
763
971
1037
958
902
938
974
996
926
898
916
910
843
842
813
805
892
799
750
748
764
830
773
804
868
919
840
845
912
825
846
886
949
827
880
930
837
879
958
907
818
823
782
769
896
842
832
933
979
907
921
969
962
962
904
915
900
879
842
904
924
872
854
934
992
894
871
903
954
922
859
896
856
829
919
998
1038
997
983
991
929
829
771
790
999
847
802
852
807
873
1004
872
898
936
938
836
836
895
940
916
872
964
973
967
907
1026
994
915
888
795
755
721
706
683
679
691
705
697
752
736
710
715
731
708
700
680
674
690
719
726
739
742
728
719
706
725
749
700
700
710
718
748
727
726
715
708
665
654
650
660
685
690
681
690
714
688
686
728
721
727
738
764
724
697
683
688
704
676
657
677
706
682
691
736
767
743
769
834
843
819
856
877
778
743
725
692
705
803
771
796
901
917
837
900
847
771
774
815
850
868
957
876
850
896
939
878
895
850
766
746
779
742
759
806
781
737
747
798
929
891
870
914
908
843
820
822
856
815
752
755
785
810
813
862
938
961
915
912
955
852
784
742
753
803
896
862
872
949
866
887
885
829
770
770
783
766
794
814
778
731
756
760
715
685
688
717
687
675
693
723
698
700
685
664
667
652
628
623
634
657
727
759
736
788
836
835
732
745
752
780
733
746
823
827
746
737
748
760
711
704
717
751
753
722
696
707
709
679
688
727
795
769
771
830
850
752
719
729
742
725
712
737
804
758
729
766
801
788
738
730
763
813
744
745
759
768
708
691
721
787
723
704
730
817
860
794
795
855
738
689
653
664
657
643
637
636
646
643
637
623
618
618
620
610
594
596
592
580
576
569
557
562
564
567
573
566
566
578
596
600
606
602
591
604
605
615
644
713
808
805
739
737
729
714
747
832
855
851
825
842
780
748
709
712
730
736
720
758
814
798
768
758
745
716
704
718
772
867
808
780
748
749
708
686
687
694
707
688
700
762
822
736
721
723
755
788
724
702
754
825
792
739
722
749
757
736
727
770
870
843
786
817
851
809
754
743
733
676
674
688
678
674
692
726
727
703
703
683
666
700
716
704
743
822
809
768
754
772
726
743
798
809
803
818
882
928
808
795
790
909
822
805
753
785
930
890
852
863
878
818
746
740
776
822
823
805
844
884
874
927
823
751
763
777
789
837
941
930
965
895
803
816
891
896
817
844
916
936
786
741
731
832
991
897
760
722
725
736
761
783
774
746
758
784
799
786
777
800
787
742
727
741
738
728
704
729
772
746
730
726
724
706
686
685
710
709
701
713
731
735
736
729
718
670
659
656
646
640
621
627
649
691
697
688
701
741
744
721
735
726
695
675
682
668
658
643
630
636
648
664
662
649
667
709
723
682
709
710
688
662
647
651
666
658
648
646
646
656
667
681
691
663
658
653
653
635
623
637
659
700
680
631
608
592
585
589
605
644
639
652
710
715
741
698
669
666
672
682
674
646
645
650
659
662
646
627
619
620
624
611
605
618
634
678
717
665
638
634
642
653
646
656
689
723
755
722
719
730
737
685
666
670
656
644
640
661
706
743
750
723
698
707
752
737
723
774
787
752
712
715
739
700
672
675
709
778
727
724
744
728
721
732
729
705
702
712
674
662
675
654
663
676
710
707
671
669
700
718
700
730
830
796
722
694
676
673
646
637
619
618
632
618
602
590
596
603
604
613
603
584
577
575
566
566
567
563
564
565
572
569
565
554
547
550
543
543
544
548
554
550
550
567
590
571
568
581
604
648
650
618
606
624
644
675
659
642
708
734
666
652
652
668
674
692
711
702
685
723
685
702
700
726
799
897
799
753
747
738
779
743
729
733
737
738
696
641
639
652
723
708
709
759
844
872
921
878
774
764
857
992
1075
1058
977
921
811
740
750
765
794
789
833
953
979
958
933
871
864
840
800
679
632
639
667
763
697
701
663
642
616
595
576
559
547
543
534
532
526
521
517
517
519
520
518
512
506
507
505
503
509
504
505
505
503
506
515
524
538
540
541
539
540
546
545
545
540
530
528
526
519
521
528
550
567
607
651
673
719
694
633
610
618
611
611
600
592
583
577
571
562
555
551
554
580
647
631
627
608
628
658
651
626
614
607
608
623
618
619
608
604
613
632
660
644
630
654
660
633
616
620
628
643
651
637
613
618
619
636
667
663
622
606
610
606
609
608
609
584
575
573
581
591
624
650
637
614
603
600
605
609
601
585
582
597
642
650
696
719
675
646
646
660
660
678
655
627
638
668
672
660
674
649
622
640
718
752
727
688
647
631
618
623
621
604
602
601
625
644
641
614
598
596
604
615
606
594
588
594
603
607
589
578
569
574
576
576
563
559
562
560
556
558
568
598
669
683
698
732
738
702
678
684
703
711
679
658
650
613
589
578
568
580
655
845
858
875
818
788
706
674
691
757
785
737
704
680
649
628
640
688
744
752
765
681
639
609
600
595
591
611
618
634
624
632
626
597
590
581
585
598
581
575
583
595
598
604
627
632
628
620
624
591
596
609
636
620
626
628
670
611
593
585
590
591
598
580
585
576
576
570
563
555
547
537
534
537
543
570
620
666
708
789
781
767
745
702
638
627
611
604
600
610
624
625
628
628
603
596
588
587
585
576
590
606
624
630
668
622
610
609
620
622
624
625
609
592
584
596
586
568
567
571
568
562
555
570
563
557
545
539
538
533
530
518
513
519
519
513
511
512
518
512
505
501
500
496
495
493
496
498
495
496
497
502
506
519
520
520
519
523
528
532
543
558
551
551
559
563
563
569
563
556
550
548
555
572
597
613
605
604
600
582
564
556
557
557
549
541
537
534
533
533
534
538
550
566
580
599
605
621
589
568
554
552
550
540
534
530
536
556
575
570
568
553
544
539
535
536
533
534
544
564
580
583
573
560
547
537
531
530
523
520
520
521
523
526
529
553
584
634
583
562
562
566
569
560
552
567
574
563
557
562
571
569
561
555
552
557
557
557
548
541
533
529
529
533
541
539
530
524
526
531
530
524
519
516
514
513
512
512
509
507
516
534
564
592
635
697
742
764
703
743
739
674
624
598
587
587
586
573
564
557
551
552
563
585
634
654
644
656
644
613
605
601
568
551
537
529
525
524
533
537
527
528
537
552
566
550
543
552
570
582
568
555
555
551
550
545
540
535
534
534
537
526
521
521
523
530
555
569
596
623
616
604
592
575
557
548
547
542
545
540
536
531
527
526
526
528
530
533
535
541
535
529
535
547
557
564
552
549
551
555
552
550
555
558
564
567
563
567
570
565
566
563
570
616
633
629
608
633
649
651
649
637
626
603
612
658
668
685
673
710
693
657
668
662
664
667
670
643
633
659
657
639
620
607
630
676
625
625
628
626
621
622
629
617
616
624
634
630
629
645
653
696
687
653
648
637
624
624
620
625
614
623
633
650
646
640
638
662
640
623
617
605
593
586
598
607
595
610
638
658
653
675
751
766
702
665
642
616
590
573
559
551
563
616
607
637
630
660
651
632
596
579
563
554
544
531
525
523
519
521
515
515
513
514
515
526
520
516
511
507
502
502
498
498
496
493
491
489
485
482
481
480
480
479
479
485
968
481
478
475
473
468
468
464
466
463
466
462
465
461
458
454
452
449
453
453
456
455
454
452
456
452
457
451
454
451
450
445
446
447
451
451
448
447
449
444
449
448
451
449
452
448
446
448
447
447
448
448
448
444
447
445
450
451
457
454
454
456
454
453
457
457
456
459
456
453
457
452
458
459
457
461
463
461
461
467
467
472
472
476
471
467
471
466
472
478
479
475
477
478
478
479
967
482
484
481
479
476
480
470
446
459
466
462
443
448
455
452
441
433
438
442
443
440
428
422
429
433
438
435
424
421
412
424
428
431
424
424
414
407
408
412
411
417
414
416
416
414
409
410
396
396
395
398
396
402
400
404
401
405
402
403
398
401
396
396
396
394
393
389
387
391
392
393
394
398
398
396
397
396
395
395
394
392
383
386
382
387
385
389
386
391
387
396
391
391
388
388
387
392
385
384
381
378
380
379
379
380
380
382
382
385
385
388
392
780
394
391
390
390
396
394
394
389
394
390
391
390
394
784
795
400
1211
401
474
711
391
396
396
396
401
404
402
397
397
400
397
394
390
395
396
400
401
380
827
399
396
393
390
392
390
392
395
394
395
396
397
397
396
395
774
387
380
382
378
382
382
382
379
384
383
386
380
383
381
383
383
384
377
382
377
382
379
381
376
377
377
382
377
377
379
376
376
372
372
369
372
371
372
370
371
369
370
368
371
369
370
370
367
368
368
367
368
368
366
366
367
367
368
365
365
364
366
365
365
365
365
364
364
364
364
364
362
363
364
363
362
362
361
361
361
362
361
361
359
358
359
359
359
357
357
363
364
363
363
361
359
365
364
366
362
362
363
367
365
363
361
363
366
368
364
362
362
366
367
366
365
366
365
369
367
366
363
369
368
371
367
366
364
370
369
369
364
366
368
371
367
367
365
369
367
370
367
370
370
371
369
365
368
371
370
371
366
370
369
372
369
367
365
369
369
372
364
366
365
371
368
370
363
368
367
370
365
366
364
369
366
368
362
364
366
367
365
365
366
364
368
367
367
364
364
364
365
366
363
364
357
360
361
359
359
359
357
358
357
360
354
356
354
358
356
357
357
360
363
363
362
359
355
362
361
364
359
360
361
363
365
365
362
364
364
366
366
365
362
727
365
364
360
358
356
358
359
357
355
356
354
355
355
354
353
356
356
355
355
356
359
360
360
357
357
355
360
1080
1814
366
364
365
730
364
363
364
366
366
365
366
368
367
1836
371
370
2182
370
365
730
361
364
366
364
365
357
359
365
365
361
364
358
359
360
362
361
356
358
362
357
360
355
357
450
266
359
361
356
355
353
356
354
355
351
352
354
356
358
356
353
354
358
358
358
358
357
354
352
354
354
354
354
352
352
354
354
355
354
352
356
360
357
357
355
359
358
362
358
358
354
354
354
356
354
353
352
355
354
354
354
354
357
358
360
354
354
357
358
359
355
357
354
356
354
352
351
352
353
353
352
348
352
354
354
354
352
354
352
352
355
356
357
357
355
354
353
354
354
354
354
352
352
354
354
355
354
354
355
357
359
358
356
357
358
354
357
357
355
354
353
354
355
354
354
353
356
356
355
357
361
358
358
363
362
362
361
364
363
363
361
367
363
364
362
365
366
366
363
361
731
365
366
361
363
365
367
365
362
362
365
363
365
1084
367
360
725
367
362
363
364
365
366
365
363
361
363
368
364
361
365
365
364
361
364
365
363
362
360
364
362
363
357
362
362
362
358
363
361
363
360
361
360
358
358
359
358
360
354
356
357
357
354
354
354
355
351
351
351
351
351
351
348
351
349
348
348
354
354
354
352
351
354
354
355
353
351
352
354
354
354
353
352
354
356
355
356
354
354
354
354
351
350
353
347
351
349
350
351
348
349
349
347
347
354
354
353
353
350
352
353
354
353
354
356
355
357
356
355
352
355
355
352
350
348
351
350
353
347
349
350
352
352
352
351
351
354
354
355
354
357
357
356
359
356
355
356
354
355
351
353
354
352
348
352
354
349
353
356
354
351
355
353
354
354
353
354
353
355
354
353
354
352
355
354
355
354
353
355
354
356
355
356
355
353
355
354
357
357
357
356
354
357
358
359
359
359
360
358
360
359
362
363
363
361
363
363
364
366
368
366
367
369
367
370
371
371
367
369
372
370
372
372
372
371
371
375
375
376
378
375
377
377
378
380
381
381
380
381
385
383
385
386
385
387
385
388
388
389
392
389
391
392
390
395
395
394
394
395
395
392
396
394
396
396
398
396
399
401
401
405
408
407
403
412
414
414
411
412
414
411
411
405
411
412
414
413
412
410
411
412
411
412
409
406
408
409
405
401
403
402
403
403
401
401
404
406
407
405
407
411
412
414
411
416
417
416
412
420
418
419
418
415
416
416
416
412
413
411
410
411
410
408
413
415
415
417
416
415
416
418
414
412
415
412
413
413
411
414
417
412
415
417
416
417
418
419
421
424
420
421
423
422
416
419
419
419
418
417
419
424
425
424
425
426
427
426
427
428
429
429
428
431
433
434
432
434
435
437
438
435
439
439
442
443
438
439
441
441
442
440
440
443
446
447
446
449
450
451
447
447
446
442
442
445
444
445
445
445
445
443
443
440
436
437
439
439
443
444
444
445
452
453
456
457
460
466
467
466
469
467
468
467
466
464
461
459
455
451
445
447
447
451
453
450
457
463
463
464
468
468
473
476
477
477
476
478
479
479
478
479
480
483
481
480
480
477
471
468
464
461
459
458
461
459
462
462
460
462
467
466
467
468
468
473
477
483
485
484
484
486
480
476
472
467
463
455
453
453
451
452
458
461
465
465
465
466
468
465
466
465
465
468
466
465
466
465
466
463
465
466
465
466
468
466
468
460
462
462
458
456
455
455
455
456
460
460
460
461
463
464
466
467
467
470
466
469
471
464
457
455
454
451
449
449
449
445
445
447
443
445
448
444
446
447
446
446
447
445
448
446
446
445
439
432
430
429
429
425
430
427
425
424
429
430
428
423
426
426
426
424
425
418
412
410
408
407
406
407
405
409
406
404
404
407
407
409
404
413
405
404
406
407
408
405
407
407
406
406
401
400
400
400
398
398
396
394
396
396
395
394
394
391
391
389
388
390
386
384
385
386
386
387
387
387
391
389
390
388
391
393
396
396
396
395
396
396
396
395
393
396
394
396
392
393
392
390
390
387
389
389
388
389
391
390
388
390
386
389
393
387
387
387
384
388
386
392
388
386
382
386
384
390
385
383
383
385
386
386
383
381
382
382
381
380
377
381
381
379
379
379
381
377
382
376
380
378
380
378
379
374
377
378
376
374
374
377
377
374
374
376
379
376
377
373
374
371
373
373
374
368
370
366
367
364
369
366
369
369
372
374
375
374
373
373
376
374
376
373
374
375
377
372
376
373
377
374
377
373
378
375
378
375
376
374
376
376
376
374
374
374
376
373
377
372
379
378
380
379
378
377
379
378
379
376
380
375
379
375
379
375
380
374
376
372
374
371
373
369
373
371
373
370
371
371
368
375
375
374
371
372
369
373
374
374
374
370
368
370
369
372
369
366
365
366
363
364
364
363
363
365
363
365
363
369
367
367
365
367
370
370
369
368
369
368
374
370
311
809
374
304
830
379
378
381
381
382
379
381
384
381
381
382
382
384
385
386
385
384
381
388
380
384
378
378
380
382
379
383
379
380
380
379
378
380
374
376
375
377
374
374
370
373
372
373
369
368
369
370
371
372
372
374
369
375
372
375
369
373
368
371
372
374
372
370
372
373
372
372
372
374
374
375
373
373
375
377
375
377
375
377
377
378
374
374
375
379
375
376
373
380
376
378
375
374
374
374
373
373
372
374
375
375
373
376
375
375
376
378
376
377
375
375
377
373
372
373
372
372
369
371
371
371
368
370
370
371
370
370
371
372
369
369
575
537
369
367
368
366
368
368
370
368
370
367
370
370
368
367
369
368
370
370
368
369
369
370
263
475
370
369
368
367
368
369
370
368
370
368
369
367
368
370
368
368
368
367
370
369
370
369
371
369
375
374
372
374
377
379
377
379
379
377
378
380
379
379
378
377
378
379
375
376
377
377
376
376
377
378
379
381
379
376
380
379
386
383
380
381
381
379
380
381
383
382
381
382
382
382
385
382
384
384
387
386
386
385
386
385
385
385
389
388
387
386
383
384
384
385
388
386
387
385
388
389
384
388
386
391
387
389
390
391
390
390
386
392
393
392
387
390
391
393
394
392
393
393
395
396
389
393
393
392
390
388
389
388
389
389
390
386
383
386
385
388
386
383
386
388
386
382
381
384
386
386
384
386
386
389
387
386
389
393
390
389
393
394
396
395
398
403
403
402
407
407
410
407
407
408
408
406
406
406
409
406
404
408
405
411
438
382
413
413
415
416
414
418
419
422
421
421
425
426
426
427
424
426
422
422
423
423
422
426
428
430
427
431
432
432
430
431
436
437
437
441
447
449
452
456
461
460
460
462
467
463
458
454
449
447
444
443
441
441
440
440
440
444
444
442
444
442
444
440
439
438
438
438
436
436
435
438
437
439
438
439
441
442
441
441
443
442
445
446
447
442
443
442
443
442
439
441
440
439
438
436
436
434
435
434
433
434
433
431
434
433
432
432
432
438
435
431
432
432
433
433
432
433
433
434
432
429
430
431
430
428
426
428
426
426
426
425
428
428
429
431
432
433
433
432
435
438
438
440
441
444
441
443
445
444
445
444
449
450
448
452
453
454
454
454
455
454
451
448
452
450
448
447
446
447
450
451
449
448
449
445
447
448
446
446
443
447
449
449
450
449
452
454
456
462
463
465
462
463
463
462
459
456
454
449
450
447
443
443
440
440
438
438
445
444
449
448
449
452
454
458
458
460
459
457
456
456
454
454
453
451
447
450
449
453
453
451
454
452
455
456
452
452
447
451
450
449
901
453
451
452
452
452
451
451
451
457
453
453
448
451
450
900
444
446
447
449
449
448
450
451
454
453
452
450
440
444
440
441
440
438
438
438
439
439
440
438
445
444
442
483
406
810
525
443
443
442
444
446
448
448
448
446
449
440
439
440
438
437
436
432
434
434
433
428
431
430
431
430
428
430
431
429
430
426
425
425
424
423
424
840
420
420
417
416
413
416
412
413
411
410
409
409
409
408
407
405
404
808
405
403
405
809
401
406
405
405
402
403
406
812
409
406
408
410
411
409
413
415
420
418
420
420
422
429
424
425
427
429
429
423
421
417
422
419
418
417
413
415
417
414
413
413
415
414
416
413
413
414
415
414
412
413
415
416
417
831
418
421
419
422
413
421
422
422
419
419
830
413
418
265
569
418
847
425
427
428
846
425
425
422
419
421
416
415
415
412
416
413
411
409
412
412
412
410
410
405
407
410
409
409
823
411
409
411
413
414
412
415
412
421
417
418
834
412
418
413
1232
411
413
411
411
823
413
413
417
417
413
491
345
418
421
419
417
385
878
422
419
420
415
412
1253
416
412
833
419
263
580
336
502
561
279
419
423
421
416
420
459
382
419
828
412
2774
381
356
1184
741
698
806
797
405
403
806
272
329
605
396
391
393
395
395
450
1549
400
402
403
399
397
397
395
791
393
394
884
696
1169
856
592
412
621
639
566
424
718
362
435
731
703
1537
330
1147
420
1247
1117
6024
950
2305
633
3214
477
904
4278
3508
744
372
370
373
369
370
367
735
368
367
366
366
360
372
365
366
367
366
367
366
366
362
363
364
364
361
367
367
367
366
366
363
542
390
534
364
365
364
364
371
368
367
364
737
370
366
365
369
364
366
365
735
1023
1100
1099
1161
324
1472
517
539
354
785
328
351
642
489
348
1091
750
366
3960
2172
335
1132
714
335
425
264
1607
253
345
1117
2178
305
868
940
905
1195
404
377
1445
397
380
402
662
945
324
885
2171
4177
729
708
1404
3769
505
299
370
304
1086
4258
533
1266
1406
1476
272
512
419
3451
626
350
358
513
780
444
302
397
254
565
1406
1280
2498
1306
1251
4900
712
354
359
354
716
1083
487
599
256
367
384
445
275
440
301
425
328
1476
361
361
364
406
320
719
411
304
358
358
354
357
352
359
351
357
353
355
355
359
360
358
356
357
356
363
356
356
357
355
358
354
702
354
354
354
355
357
356
354
352
350
351
351
347
350
345
348
344
345
342
1037
343
345
346
348
349
686
342
346
340
342
340
688
262
386
414
305
342
338
338
338
327
342
337
344
339
340
667
355
677
417
266
337
342
335
340
336
338
340
340
341
674
337
751
269
335
340
337
338
337
335
338
340
336
676
1343
344
673
337
1324
1358
493
1078
373
1453
663
342
340
887
2567
374
346
741
1836
1838
1465
366
748
352
1115
1085
729
588
847
726
386
308
2020
3993
347
877
2262
1199
1456
719
389
1033
729
699
375
319
729
725
382
1402
1402
354
708
373
3569
1340
343
482
898
2656
1006
1991
335
668
994
927
1066
396
1002
1290
662
333
662
989
990
335
326
328
333
982
329
327
330
655
981
319
326
663
327
328
983
2065
350
367
346
448
657
712
1081
363
793
1741
718
368
2543
1465
979
1225
1471
732
372
1814
364
709
412
295
1470
438
646
407
641
2071
270
1361
330
329
327
325
327
327
327
330
325
328
328
329
326
333
328
329
327
329
326
330
331
327
332
330
331
328
327
327
327
326
328
329
329
328
330
329
659
327
329
330
331
329
329
325
329
325
327
324
330
326
281
377
329
657
329
327
326
329
330
658
1946
328
1642
328
319
1194
1085
284
789
276
434
323
259
956
661
3535
538
343
3516
2359
984
323
332
324
343
355
607
651
321
654
976
977
323
326
323
328
324
648
320
357
715
336
531
321
574
718
646
418
347
710
1092
337
511
574
351
704
730
349
728
344
705
1102
329
720
349
935
1661
3369
648
324
322
322
319
322
319
321
643
321
323
319
319
322
318
323
319
321
322
321
318
324
326
321
325
317
324
319
325
322
968
325
321
402
563
323
319
324
324
966
428
1052
694
758
527
751
613
1132
1059
1052
716
346
1095
1403
334
376
711
342
373
337
356
687
350
1392
342
363
381
331
363
353
338
342
358
351
368
353
357
333
734
720
706
718
711
721
326
365
339
366
702
325
4944
1062
363
360
438
631
355
354
349
356
388
313
352
354
354
354
357
352
356
357
348
357
355
354
356
353
711
354
356
355
352
359
354
350
360
354
355
356
715
358
436
429
483
1801
1132
1059
1713
1179
2429
818
1078
308
1067
614
715
1171
3384
1301
1511
1881
1169
2964
1134
705
1656
1706
1769
584
588
604
1180
1090
582
1180
653
1139
512
5749
3438
684
1100
541
1217
1178
413
512
3044
3445
1119
2188
390
392
391
389
388
390
393
381
256
529
274
504
390
391
388
392
388
389
384
385
767
387
386
389
385
388
386
381
385
386
381
386
388
383
387
391
386
390
391
388
390
391
392
390
389
390
390
390
392
388
390
392
388
390
388
394
388
393
392
392
386
395
390
388
393
778
392
392
392
393
391
396
392
388
394
778
393
391
390
391
392
392
392
391
394
392
388
394
391
391
395
392
393
394
393
392
395
391
394
395
391
393
393
396
394
394
393
394
394
394
395
396
394
396
396
392
400
395
396
398
393
396
394
393
394
393
392
394
392
393
394
391
394
394
393
394
393
394
394
392
395
393
782
393
392
393
393
391
393
393
392
391
394
393
393
394
393
392
395
390
394
394
393
393
392
396
394
396
397
396
394
397
395
395
396
392
394
395
394
396
396
398
397
395
400
398
399
403
400
399
398
399
401
396
400
400
399
401
400
403
401
396
401
403
400
400
403
402
404
404
406
403
400
403
401
403
402
398
406
404
400
399
406
403
400
404
402
402
402
403
401
404
400
402
401
400
403
400
400
402
401
399
401
403
396
403
405
398
405
406
402
404
406
405
403
407
405
406
403
404
405
404
407
406
404
405
405
405
404
407
405
402
407
406
405
408
405
409
406
405
409
405
404
409
403
405
404
406
404
402
407
405
405
406
407
408
408
411
410
406
405
405
404
410
405
406
405
404
407
408
405
402
406
404
401
406
401
405
402
403
405
405
399
402
402
401
399
401
402
399
402
401
397
401
399
399
396
396
400
399
401
396
401
397
396
397
396
397
396
398
399
396
400
396
398
401
400
399
398
398
401
404
403
400
403
402
402
405
399
403
402
403
400
403
402
403
405
399
407
405
401
406
405
407
408
403
406
406
404
405
404
402
405
404
402
405
407
505
303
406
407
407
404
408
406
404
407
406
407
406
407
405
407
407
410
406
408
408
406
405
408
408
403
405
408
407
404
405
410
405
410
406
407
408
406
409
407
404
409
410
407
408
412
411
412
413
410
410
411
414
409
410
411
411
409
408
410
411
410
414
413
411
409
407
409
409
407
406
407
412
408
412
409
411
409
406
411
412
408
411
414
414
414
410
412
415
408
414
413
412
411
414
414
412
413
416
411
413
414
413
413
415
412
414
413
410
411
414
413
414
413
413
410
409
408
413
411
412
410
411
409
407
410
411
406
407
410
409
407
409
409
408
412
406
409
407
410
410
408
407
409
408
407
408
406
406
406
405
407
408
408
406
408
405
405
407
403
403
406
406
401
403
407
404
409
406
406
407
408
412
410
406
407
410
405
406
408
406
404
405
409
408
410
410
411
407
409
407
409
407
409
412
413
830
419
419
414
420
419
417
415
415
417
416
412
415
414
412
411
411
413
414
409
414
413
409
411
412
415
410
414
413
412
414
411
415
414
410
413
415
413
415
417
415
416
414
419
419
419
419
421
421
420
414
417
419
421
422
422
422
420
420
415
420
419
416
419
418
414
419
419
418
418
420
417
420
417
417
421
417
420
420
416
419
420
413
419
420
417
418
419
424
421
422
422
426
848
425
422
427
425
424
426
425
424
422
419
422
423
419
421
422
424
420
422
424
421
423
423
422
422
424
423
428
425
427
421
427
426
427
429
426
425
425
422
425
424
419
423
425
421
422
426
424
423
423
421
423
420
419
418
422
419
417
419
424
421
414
419
419
413
416
411
418
415
414
418
420
414
416
419
417
415
418
418
414
416
418
420
412
419
421
417
418
420
417
417
418
418
420
421
417
415
422
418
415
418
417
416
412
417
420
418
416
416
413
414
1249
416
421
418
414
413
415
416
412
415
416
411
412
414
419
408
413
413
416
416
411
414
415
410
411
414
416
409
411
416
408
411
411
414
414
414
412
414
413
413
414
414
416
418
415
417
417
413
414
419
414
417
414
415
413
417
418
418
413
418
415
410
414
415
419
410
410
416
411
408
414
414
409
414
417
412
413
414
418
413
417
416
418
418
418
414
419
418
414
417
414
419
416
420
419
421
421
416
419
420
416
418
417
422
412
418
419
414
415
417
415
413
416
412
414
413
412
411
414
414
409
409
410
409
412
406
411
409
407
412
410
408
412
412
408
413
415
409
411
415
414
411
415
414
415
414
416
421
419
418
423
419
423
419
422
417
419
420
423
426
422
424
417
420
422
421
422
421
424
423
420
422
424
423
421
421
420
420
424
424
424
419
424
421
418
421
424
420
416
421
422
421
419
415
420
422
423
419
420
423
422
419
419
423
422
418
423
424
425
423
423
424
426
428
429
398
455
854
426
431
430
853
431
427
429
430
426
432
431
430
428
432
437
429
433
435
430
865
432
431
434
430
432
434
434
434
434
434
431
437
435
431
434
438
431
435
435
434
431
435
434
433
432
433
433
432
428
431
432
429
428
432
432
432
429
427
427
430
431
431
430
428
431
431
432
434
428
433
433
423
430
433
429
427
427
428
428
429
423
426
429
427
425
430
431
429
430
433
430
431
431
434
427
433
434
430
431
434
433
430
431
430
426
430
429
428
427
430
431
428
428
430
430
427
428
430
426
429
428
425
853
427
422
427
852
429
428
427
419
421
422
425
423
419
422
424
421
420
423
424
421
422
423
418
423
421
419
416
419
419
419
416
418
423
419
418
416
839
421
417
420
419
420
414
419
416
413
415
419
415
412
416
422
411
413
417
417
416
416
413
418
417
415
417
418
833
417
416
417
418
419
430
402
419
416
415
415
419
416
414
420
411
417
418
418
412
417
419
419
417
421
423
451
314
496
426
423
421
424
426
419
427
422
419
425
426
421
424
425
422
424
425
421
425
426
425
423
419
420
414
416
411
416
414
407
417
413
411
414
413
412
408
413
413
818
412
411
408
411
413
405
407
409
408
411
417
412
417
419
422
418
420
422
423
425
415
421
422
418
418
420
424
415
422
424
418
422
424
426
423
424
427
423
423
427
427
428
428
426
429
857
431
426
429
431
426
350
508
432
427
434
438
434
438
442
439
442
446
447
445
448
449
443
444
447
449
444
447
448
444
447
450
449
450
452
451
452
453
456
453
452
914
455
460
454
458
454
458
459
454
460
452
458
458
453
903
444
448
439
445
438
438
436
436
434
433
430
859
421
423
425
419
425
427
427
431
440
436
439
443
440
442
443
450
450
444
456
452
456
457
464
465
463
471
474
467
478
478
472
480
481
482
479
482
480
481
480
484
483
483
485
483
478
485
484
482
483
482
484
484
481
483
485
487
483
491
491
487
493
495
495
497
498
504
505
499
508
507
501
507
507
505
509
511
508
513
515
516
514
513
514
508
507
505
500
497
504
502
503
500
507
506
500
509
510
506
514
513
515
517
517
517
515
522
522
524
527
526
524
527
524
522
521
523
522
519
522
521
521
530
521
521
522
528
525
522
527
521
521
529
523
516
519
519
520
517
518
526
523
515
521
522
523
521
523
522
512
518
519
516
514
513
507
509
513
511
504
512
519
509
516
522
511
518
520
518
518
516
518
515
518
518
511
521
520
509
521
517
518
522
520
521
526
527
521
525
527
530
526
532
531
521
532
529
519
532
531
521
534
532
531
523
535
538
527
539
538
535
523
535
530
521
534
531
537
531
546
546
540
545
551
552
539
556
550
552
553
542
556
552
544
545
551
551
540
551
553
546
553
558
547
559
559
546
561
559
553
563
559
560
559
545
552
551
537
546
545
535
541
542
535
540
531
525
527
523
523
522
528
525
526
528
520
532
531
529
528
527
521
523
525
521
518
509
520
509
506
506
511
513
517
508
521
517
507
516
512
511
511
505
518
509
504
508
508
507
501
510
506
505
501
505
513
507
507
507
502
512
503
497
494
490
487
483
479
479
471
472
469
466
463
465
461
464
465
463
465
465
467
470
472
471
472
471
472
473
473
470
470
469
472
471
471
470
469
468
469
467
463
924
462
458
456
457
452
450
449
450
450
453
452
450
449
447
446
447
892
444
442
444
447
442
442
445
448
445
449
451
449
452
455
455
454
452
454
458
459
458
458
460
461
457
459
460
457
458
459
460
462
463
460
464
466
462
467
469
471
469
471
476
478
477
479
480
484
485
481
484
484
484
482
485
484
481
485
486
490
491
487
490
492
485
489
958
474
478
474
468
473
470
464
464
464
466
466
465
465
460
463
460
460
456
455
457
453
448
449
448
449
450
449
452
454
455
451
449
451
451
453
452
454
453
452
452
452
451
449
448
446
899
443
444
446
447
450
444
451
457
460
461
467
474
473
475
478
479
479
474
479
472
476
476
478
476
475
479
479
481
477
479
479
478
477
476
474
467
468
466
467
459
459
457
458
454
458
458
460
461
463
465
466
465
934
461
463
463
456
460
461
458
458
465
469
464
469
474
475
474
475
473
472
474
474
467
468
466
467
467
469
470
466
465
464
463
461
461
461
461
455
455
454
455
455
456
458
457
454
459
459
457
455
455
457
460
461
457
456
457
458
461
460
456
457
453
454
456
460
465
458
462
458
463
459
463
459
456
458
461
453
456
458
464
462
465
469
475
476
474
479
479
479
479
480
481
481
479
479
477
479
480
476
477
479
480
478
483
486
488
488
491
493
499
499
494
497
497
497
492
492
492
492
491
489
491
493
495
493
499
497
494
496
499
499
495
499
499
499
494
499
501
497
502
502
501
501
500
500
498
499
993
494
490
487
488
485
485
488
491
490
494
496
499
501
503
504
499
499
496
496
488
489
487
488
483
484
485
484
482
481
481
479
479
480
480
479
477
476
474
471
468
468
464
463
460
459
462
461
456
456
453
456
457
461
462
457
459
463
466
467
464
463
466
469
463
463
464
463
463
459
461
459
458
457
455
455
453
454
907
454
450
452
456
455
452
450
454
455
457
451
451
451
452
451
902
446
447
445
442
439
438
437
437
437
437
438
436
874
435
435
436
433
878
434
434
433
434
434
433
863
431
428
429
431
430
428
430
429
429
431
864
428
429
428
428
428
429
427
428
427
428
863
429
425
426
431
434
429
430
431
438
439
435
437
437
437
438
442
442
437
441
443
439
444
447
440
444
442
898
451
446
449
451
449
446
447
449
454
457
457
451
451
451
452
453
456
449
448
448
448
448
448
447
448
902
445
445
445
448
451
454
448
450
452
457
457
459
460
459
460
921
451
452
451
450
450
450
450
450
449
451
910
451
450
451
454
456
456
458
456
458
454
454
452
451
904
443
443
443
443
447
447
446
445
447
447
904
445
445
444
446
446
447
447
447
900
444
444
446
446
446
449
453
453
458
457
452
457
457
452
451
452
452
455
460
461
456
460
465
464
461
461
459
464
465
462
461
461
463
466
466
461
463
466
459
461
460
464
466
463
464
461
463
935
466
462
464
466
462
459
462
457
461
462
463
465
465
466
467
461
458
458
458
459
457
458
459
453
451
451
453
453
460
462
458
462
463
465
467
467
467
936
461
465
466
466
462
460
461
464
468
460
462
463
464
463
465
463
462
460
459
458
456
455
454
453
452
451
450
451
457
459
450
452
453
915
453
456
453
454
455
452
452
451
905
447
448
449
442
444
446
447
441
442
443
447
454
456
447
451
456
456
454
456
458
455
456
457
459
459
459
925
459
457
452
449
452
449
450
452
453
451
447
449
906
451
450
449
450
450
451
450
451
451
451
902
446
445
443
449
446
445
449
453
452
447
441
440
445
438