652
642
642
642
636
642
634
645
623
637
631
626
622
634
625
611
625
621
642
625
632
624
623
623
606
614
608
603
601
604
598
595
595
592
587
571
568
571
584
600
615
620
651
676
721
725
671
676
652
631
640
633
631
640
659
689
688
700
706
685
645
641
619
606
609
611
626
630
654
681
709
684
725
705
672
675
655
646
668
715
795
885
829
814
799
729
718
699
669
672
699
767
907
854
852
831
769
760
713
709
696
723
721
759
762
720
767
764
737
736
733
724
730
744
741
777
770
710
733
723
740
712
703
700
692
688
712
700
706
722
717
697
702
700
693
720
719
689
665
656
652
681
690
777
850
907
877
899
827
817
776
772
763
728
720
712
699
743
730
701
742
721
735
774
769
771
776
768
724
749
755
787
817
879
870
854
849
828
775
756
713
716
739
775
746
749
754
796
801
752
739
706
686
673
694
733
778
897
890
856
903
892
894
917
822
819
798
804
803
776
733
692
689
653
630
628
633
638
640
651
689
742
833
875
901
908
896
867
811
745
707
695
702
720
767
745
742
877
955
1029
928
941
927
872
830
758
721
705
705
718
716
748
786
804
833
813
790
749
697
656
653
639
636
663
747
910
988
947
824
800
784
768
721
677
681
675
665
665
663
671
705
838
829
784
749
713
709
684
683
686
647
657
655
656
672
681
674
664
646
642
628
619
608
615
613
618
618
623
621
617
609
607
604
604
606
613
606
629
630
652
656
680
716
704
665
637
643
621
617
634
664
676
659
636
625
627
612
605
606
661
809
875
924
931
901
844
774
717
647
654
629
619
621
631
637
664
669
684
691
695
685
644
654
636
630
631
631
633
629
624
623
614
608
604
597
597
596
588
600
626
663
630
658
653
680
662
665
648
658
665
673
675
680
677
665
647
638
625
602
611
604
611
656
720
803
838
794
816
775
747
713
684
664
647
638
637
621
627
641
694
772
786
818
796
797
764
777
754
739
709
706
707
710
688
690
707
696
661
676
683
685
699
693
675
657
643
635
619
608
604
621
626
632
675
714
768
843
838
793
734
672
680
642
634
648
661
671
671
674
651
671
668
658
634
656
672
672
662
692
698
707
742
731
722
714
691
646
644
625
615
609
609
610
622
624
617
633
642
659
696
715
737
694
697
693
680
668
646
628
629
614
622
635
650
669
672
667
658
653
624
633
626
628
641
645
684
752
783
822
789
782
759
745
700
702
656
654
650
648
675
721
750
711
714
700
692
674
660
649
640
632
620
604
608
604
605
624
646
662
707
732
765
757
707
681
679
664
666
662
677
681
666
645
625
607
604
595
586
601
597
596
620
667
642
657
664
652
640
619
635
621
615
613
595
604
612
609
610
618
628
643
657
638
646
639
623
622
634
626
626
635
649
654
644
622
620
620
614
608
607
608
607
608
614
637
668
680
673
666
655
634
628
612
610
612
608
635
698
766
739
737
706
707
695
679
680
670
651
660
654
671
673
658
666
650
644
644
638
625
619
606
593
595
598
611
656
712
774
775
751
724
700
677
660
648
637
637
616
623
609
607
602
606
603
608
633
669
673
668
654
642
630
623
618
609
618
618
638
641
657
709
718
814
839
830
800
709
707
688
678
673
658
645
640
626
617
611
608
611
619
675
749
768
809
755
792
734
776
739
734
678
669
665
642
646
640
654
659
681
688
668
671
659
645
632
620
615
616
617
625
646
703
731
776
791
786
757
701
682
667
648
634
657
681
714
704
726
730
755
715
706
698
650
632
621
611
611
613
604
606
608
616
611
611
625
622
632
628
626
629
627
640
650
646
633
623
606
595
580
579
574
557
554
551
557
565
569
573
581
579
573
579
595
589
604
601
607
607
603
598
594
594
593
592
591
591
591
596
594
604
593
602
626
635
628
623
610
629
623
650
711
741
719
667
640
610
633
613
612
620
701
813
814
823
791
751
708
679
654
623
629
620
633
639
640
692
741
742
725
746
761
788
780
719
678
639
616
617
617
602
614
606
631
637
689
762
863
891
850
812
732
681
664
648
639
620
621
615
602
591
592
582
573
569
563
559
551
548
545
544
540
543
546
556
546
541
545
543
558
580
621
628
604
597
593
593
592
597
598
608
604
601
611
630
649
663
665
674
671
652
651
634
622
633
650
702
782
804
769
784
739
736
717
683
658
628
617
588
577
569
562
555
556
567
581
604
629
627
623
599
593
585
586
585
584
588
604
626
646
651
658
655
653
645
650
668
678
665
659
653
681
713
752
804
769
698
708
696
679
653
636
629
620
642
771
934
896
813
812
761
724
688
654
646
637
627
644
663
680
681
700
691
694
699
668
663
650
643
639
633
629
619
604
605
605
611
628
681
708
745
731
731
728
714
700
680
675
675
673
679
690
709
688
677
684
683
686
716
720
719
740
739
725
702
694
680
661
653
653
666
632
626
622
628
642
660
704
718
734
742
745
729
722
702
667
654
646
653
675
688
680
670
664
653
659
667
661
658
633
625
616
620
615
604
604
618
621
621
621
646
654
650
652
641
628
624
617
611
604
606
604
606
600
598
630
654
640
677
709
722
696
690
688
682
663
663
658
649
641
633
629
621
614
604
604
603
604
607
631
661
713
793
783
818
798
766
732
692
661
639
634
625
620
618
622
635
665
664
696
688
678
691
695
682
671
678
664
646
640
638
630
622
616
605
605
607
606
606
609
616
617
617
618
617
609
604
602
582
568
563
558
560
567
579
604
634
650
648
635
621
614
608
599
588
577
563
551
540
539
537
541
579
746
836
848
862
810
800
743
703
677
651
614
592
584
573
568
572
597
636
674
692
724
737
700
691
653
623
605
601
596
589
592
602
620
640
645
660
660
660
646
633
609
600
588
581
580
583
598
642
692
735
741
727
721
688
678
668
652
637
642
637
628
626
624
638
633
622
623
623
625
633
646
625
618
633
651
659
631
614
599
594
593
602
604
611
630
633
652
649
644
655
634
639
629
632
631
623
629
619
611
607
599
579
584
578
565
566
575
572
566
566
563
554
549
546
548
543
540
545
554
559
566
572
591
631
629
645
660
639
634
649
630
630
605
601
603
605
603
614
615
625
621
617
599
593
590
593
593
593
598
623
609
597
604
601
589
590
581
569
576
583
576
577
587
590
582
585
589
582
578
582
581
574
561
561
559
556
554
560
559
571
569
578
573
578
573
576
567
563
551
547
549
542
537
532
529
528
527
520
526
521
525
512
521
520
514
513
511
509
509
499
503
507
493
506
500
501
500
496
498
489
494
491
481
489
486
487
491
482
483
480
481
487
478
479
483
472
479
479
473
476
470
468
476
471
463
466
464
457
466
463
455
457
457
451
453
466
454
454
459
453
451
458
453
450
452
458
451
448
454
454
447
447
451
441
442
450
883
438
447
441
438
437
441
435
434
435
436
433
429
427
434
431
429
424
431
431
428
425
431
431
429
424
425
429
429
426
423
417
435
424
424
420
425
427
422
422
418
423
425
421
419
416
422
424
422
418
415
419
420
415
417
413
418
422
416
415
413
414
421
414
415
412
417
422
828
412
412
416
413
415
409
415
413
414
415
411
413
415
416
418
415
420
418
419
419
419
419
420
420
422
418
424
419
423
423
418
423
423
421
424
421
425
428
426
424
423
423
427
423
423
418
418
425
419
417
413
412
421
414
415
411
415
417
414
414
412
416
834
418
412
414
418
414
415
410
415
413
412
414
410
417
410
412
416
413
412
410
413
830
415
410
415
412
834
416
421
414
417
421
415
412
413
416
416
412
413
411
417
417
414
415
412
828
416
415
411
410
415
416
417
409
412
411
423
416
414
412
411
418
423
415
414
410
412
421
421
417
410
410
416
420
422
408
413
418
416
421
821
408
414
418
420
415
409
412
416
421
419
414
411
410
415
422
415
415
410
413
421
424
420
413
414
420
846
411
413
412
420
417
411
413
410
418
418
412
414
410
421
411
414
416
414
411
410
413
414
412
414
407
408
407
418
413
409
407
407
413
419
821
405
411
413
408
411
409
414
408
413
415
412
417
410
419
840
418
411
413
412
419
422
412
410
409
414
420
420
410
408
409
417
417
409
406
410
410
416
421
420
411
408
414
415
417
414
407
410
413
415
417
408
409
407
412
413
408
411
407
414
410
409
412
411
419
410
418
415
414
423
412
419
417
416
414
412
417
419
417
416
407
412
416
417
415
406
409
404
409
411
407
406
397
403
402
407
410
398
399
399
405
406
405
404
401
408
398
403
406
409
408
401
399
398
406
409
401
404
407
406
398
404
410
409
408
400
408
406
413
415
404
406
405
410
411
413
407
403
405
402
405
812
408
403
406
402
407
413
410
408
404
405
410
413
413
403
410
408
409
415
412
405
402
408
816
405
400
409
406
406
412
415
413
402
409
408
412
417
408
407
404
411
412
412
407
404
409
404
405
411
405
412
399
408
405
408
412
409
400
401
405
409
406
404
400
406
402
402
407
407
408
397
403
398
401
403
406
402
395
400
396
401
404
403
400
402
403
402
402
409
407
408
396
405
403
407
411
403
403
404
406
403
406
407
401
408
401
401
399
400
404
405
402
396
400
400
402
409
401
399
401
400
401
403
406
406
405
398
402
403
407
410
400
400
404
403
403
408
410
406
405
403
408
412
413
412
402
408
408
414
410
408
416
410
410
418
417
408
405
410
410
413
413
402
407
405
406
412
411
410
398
403
402
406
406
404
406
399
400
402
405
406
404
404
395
402
402
403
404
408
410
411
409
413
410
412
411
413
413
411
410
414
411
412
412
409
408
408
408
412
413
413
416
416
416
418
422
425
425
426
429
430
430
431
432
427
433
433
433
433
434
435
435
436
438
438
438
440
444
447
451
453
455
456
457
456
457
456
455
457
465
470
475
485
490
486
492
489
485
488
485
486
488
486
486
486
488
492
492
495
496
495
498
497
492
489
483
479
476
478
482
486
491
496
500
506
508
506
505
500
498
493
492
494
492
491
492
491
491
498
496
504
509
509
501
494
496
493
491
488
492
499
509
518
520
538
562
565
568
563
551
544
535
541
544
545
548
558
548
555
552
548
540
537
535
533
532
537
538
534
538
540
534
534
533
529
530
532
535
536
537
540
548
552
553
555
555
549
545
534
524
521
513
512
503
505
505
510
521
541
564
604
607
607
607
592
593
587
574
570
556
548
547
543
545
544
551
558
556
567
563
558
560
554
549
556
557
554
559
556
549
552
551
548
552
560
559
558
561
557
552
555
554
557
560
563
566
563
560
553
543
532
529
524
518
517
515
522
526
543
551
568
577
577
581
571
571
568
562
566
569
566
570
568
569
563
562
563
555
559
560
555
558
562
556
559
563
571
574
567
576
568
563
563
558
557
560
556
549
555
561
561
561
564
562
560
558
556
550
545
547
541
542
543
552
556
553
558
562
559
558
563
556
551
547
543
539
533
542
543
550
560
566
567
577
579
580
588
585
581
575
568
580
576
581
590
591
596
585
581
576
565
563
565
564
563
563
557
547
544
542
547
540
551
545
540
530
537
530
538
532
535
526
530
523
516
517
517
511
511
507
503
499
493
495
494
485
484
484
473
474
473
467
470
473
466
461
465
466
461
463
466
463
463
459
464
461
457
462
464
462
467
471
472
468
469
474
468
468
473
470
466
470
471
466
472
470
466
469
468
458
466
463
463
459
454
458
455
453
452
453
448
450
450
450
449
442
450
443
445
448
441
443
442
444
442
437
438
447
441
438
437
441
445
434
439
438
439
439
434
436
435
435
433
431
432
430
435
436
425
431
434
433
438
430
433
434
437
435
429
432
429
434
437
429
429
425
429
438
435
435
432
435
443
439
437
435
440
441
431
437
433
438
438
429
433
433
434
435
429
431
433
436
436
428
435
433
435
438
433
435
433
438
439
435
437
436
438
443
435
439
440
444
440
438
438
444
444
440
438
439
442
440
441
438
443
440
439
438
439
442
439
440
440
446
878
441
443
442
435
441
440
444
445
435
439
447
445
442
438
441
448
442
438
437
439
445
437
435
430
431
438
433
430
427
429
436
436
432
427
430
437
438
436
429
432
435
438
440
426
435
437
439
437
429
437
438
438
439
428
435
435
439
439
429
435
435
438
439
429
434
433
439
442
431
435
435
441
444
434
440
438
441
446
435
438
437
441
445
434
436
436
440
438
429
433
434
438
440
431
434
435
440
445
433
435
434
435
438
427
430
427
429
436
429
431
429
430
433
433
431
428
436
434
438
435
429
436
438
439
446
436
438
445
443
443
436
437
440
439
436
433
435
440
437
438
433
432
435
433
433
430
427
435
439
438
430
432
440
438
440
437
438
443
444
444
438
441
450
446
441
437
439
446
439
436
434
435
442
436
432
429
434
438
432
429
426
428
433
429
424
424
425
426
431
433
423
431
429
432
439
430
434
432
433
438
436
432
429
431
438
437
433
432
437
437
440
441
443
444
445
444
446
443
444
442
442
439
438
437
437
437
436
435
435
436
436
438
439
440
443
442
446
446
446
450
448
447
449
448
450
446
449
449
450
456
462
463
465
465
465
468
465
466
467
468
466
470
468
472
471
473
473
477
477
480
478
478
473
472
471
472
469
471
471
473
473
477
476
477
479
481
482
481
482
484
480
481
482
480
480
483
483
483
487
488
488
491
494
494
495
501
501
502
503
506
503
502
505
504
503
505
500
499
500
502
500
502
505
503
502
499
495
490
485
486
482
484
483
487
488
488
490
493
490
487
482
482
485
487
491
489
493
500
502
510
513
515
520
522
524
524
527
519
517
515
516
512
515
515
513
512
512
507
510
511
508
503
501
496
496
492
495
492
496
497
497
498
500
501
501
504
503
503
509
508
507
512
510
507
508
513
508
505
500
505
509
506
504
508
511
512
516
517
516
516
517
517
520
512
513
512
508
509
504
509
510
510
512
520
521
524
528
529
535
537
540
539
534
530
526
522
517
515
516
513
510
514
517
520
523
522
522
522
519
516
513
507
499
497
494
498
498
508
515
525
534
544
544
551
561
559
565
562
550
550
544
530
531
531
524
520
518
521
520
520
521
526
525
523
531
533
529
535
536
536
534
537
535
532
524
519
516
507
511
510
503
502
503
518
520
523
525
534
533
535
537
537
535
532
534
524
528
523
521
519
520
514
519
518
517
519
518
520
524
527
524
529
531
525
525
523
522
521
521
518
519
516
513
517
518
525
529
532
529
533
531
525
525
518
520
516
513
509
512
512
510
507
504
499
493
497
493
500
501
498
504
511
511
515
519
512
506
506
509
502
503
503
495
498
500
499
495
492
497
501
496
498
501
495
492
496
493
492
496
494
492
497
499
494
497
493
501
504
504
497
495
495
502
503
502
503
502
500
503
508
509
510
517
511
518
521
513
518
516
517
514
516
510
517
513
510
513
504
503
507
503
503
509
506
497
503
498
495
496
494
490
493
493
480
484
490
479
482
485
483
482
482
484
481
482
486
481
479
483
478
474
475
486
478
475
475
475
472
469
470
470
463
468
474
474
952
477
479
481
485
482
483
491
487
485
488
485
480
488
484
481
485
484
484
489
489
483
489
489
484
489
490
480
489
493
485
490
486
484
491
488
483
490
489
483
488
485
479
480
488
479
956
469
470
478
473
472
470
474
471
472
478
479
473
479
482
476
472
475
462
460
470
461
461
457
460
456
452
449
456
447
455
450
458
448
447
450
454
450
449
449
453
453
451
455
456
461
454
454
456
460
455
455
458
456
452
454
456
457
449
454
457
456
454
451
452
450
445
445
445
448
446
444
443
451
447
444
444
452
452
448
450
461
459
456
453
457
463
458
458
460
457
453
449
909
448
449
456
459
452
449
448
463
450
455
456
457
461
450
449
459
454
451
446
450
447
445
447
452
453
450
444
444
450
445
442
441
447
447
443
446
448
450
448
440
443
449
445
442
442
441
451
444
443
439
445
447
438
440
445
446
445
443
441
450
444
444
441
439
448
440
440
438
443
445
440
438
444
440
447
439
437
442
440
441
435
434
438
438
433
430
430
432
435
430
427
428
427
431
429
421
426
425
424
429
431
426
421
425
422
425
432
428
427
422
422
424
426
429
419
422
421
423
428
423
421
420
420
426
428
427
423
426
426
426
433
426
423
420
422
429
427
422
417
415
418
419
421
417
418
414
417
421
416
422
418
417
418
419
423
424
424
419
422
422
427
430
425
425
423
425
433
430
428
425
429
437
434
431
431
430
439
430
434
429
434
434
426
428
426
429
431
425
428
425
424
430
428
427
421
420
424
423
423
417
419
415
416
423
418
419
413
412
418
418
416
412
408
406
408
410
414
411
407
408
408
409
410
411
414
409
408
406
407
412
410
408
401
403
404
402
409
405
406
400
401
399
401
406
406
405
398
399
401
398
399
400
404
400
402
396
398
396
396
398
398
399
397
396
396
396
395
398
400
399
398
397
403
396
396
396
392
395
396
396
395
399
399
397
399
396
396
398
401
405
401
404
400
404
405
410
413
414
406
408
410
409
411
414
409
409
407
406
406
407
414
412
411
408
411
408
410
413
415
418
410
415
413
413
418
416
412
410
412
410
411
417
415
415
410
414
412
411
416
414
414
406
407
408
407
413
409
410
403
402
401
403
408
405
399
396
396
396
394
396
396
399
397
394
391
390
394
390
391
393
399
393
396
392
392
388
389
391
391
395
393
398
396
391
392
393
393
395
395
397
398
392
395
393
392
392
398
396
396
397
393
391
391
394
394
393
396
396
393
391
390
389
391
392
786
393
393
389
386
389
387
389
387
393
390
392
387
385
385
385
382
384
385
389
390
389
390
385
388
384
384
383
381
385
386
388
388
389
383
388
382
383
381
379
380
382
383
383
382
382
377
379
377
373
373
372
373
372
371
374
373
378
374
376
371
375
371
373
370
368
367
370
369
368
368
371
372
376
375
372
375
376
369
374
373
370
372
373
373
374
375
377
375
378
377
379
376
372
373
375
371
372
373
372
370
375
369
375
374
373
371
370
371
368
369
364
367
366
367
366
365
367
366
369
368
370
370
376
371
374
370
370
367
369
367
368
366
367
367
370
367
370
375
370
368
369
370
370
366
364
366
366
364
365
365
366
369
370
366
368
368
370
368
365
363
365
363
363
367
368
369
367
371
371
371
369
375
371
371
369
370
372
369
373
374
377
372
373
369
367
366
369
366
366
366
366
366
369
367
370
371
367
369
364
369
363
364
363
360
361
362
360
359
362
360
359
363
365
360
365
361
360
357
361
360
356
359
358
357
356
359
355
361
359
357
359
359
360
356
361
361
362
362
358
360
360
360
357
358
360
358
357
359
358
359
359
360
360
363
362
359
363
359
360
360
359
359
356
356
357
355
354
355
355
354
354
354
356
355
358
360
357
357
357
360
358
356
357
355
356
354
355
355
356
355
354
355
354
356
359
353
355
354
355
353
352
350
351
351
349
351
349
349
348
349
350
349
350
350
352
698
354
349
353
352
355
351
350
349
353
348
352
351
348
351
349
351
350
353
354
354
354
354
353
354
352
355
352
353
350
352
353
353
351
352
353
355
354
356
356
356
355
355
359
356
354
356
354
353
352
354
353
353
351
354
352
354
354
356
353
356
353
353
350
353
350
350
349
351
348
349
348
349
349
350
352
352
351
351
354
352
354
351
351
354
353
350
351
352
350
353
351
351
352
351
356
355
353
354
353
356
354
353
352
350
350
350
349
353
349
353
354
351
353
353
350
351
353
348
348
347
345
348
346
347
348
349
349
349
352
350
348
348
347
348
347
346
347
344
347
344
346
345
346
343
346
346
350
347
348
345
350
346
342
345
343
683
343
340
342
344
344
345
347
345
348
343
347
345
346
343
343
342
343
344
341
341
341
346
344
346
346
348
341
348
345
342
343
344
340
341
342
345
341
346
350
345
345
346
346
346
344
343
343
345
341
342
343
342
346
343
346
347
341
348
346
342
345
343
343
339
346
339
344
342
344
342
688
347
343
348
345
341
344
345
341
339
344
340
341
339
342
341
343
342
345
344
346
341
346
342
342
342
342
341
340
341
343
341
345
347
343
345
343
344
344
345
340
342
342
338
342
342
341
343
687
342
344
343
343
339
345
341
338
340
341
338
339
338
338
339
341
339
341
340
342
338
340
343
336
335
339
338
336
337
338
338
341
339
341
338
338
341
338
337
339
338
336
337
339
336
337
340
340
338
340
341
340
338
340
341
332
346
338
336
337
338
337
340
340
342
338
341
340
340
338
340
340
337
338
339
338
336
337
342
343
338
343
339
342
336
340
339
337
338
338
337
338
339
339
343
339
341
340
339
341
338
338
338
337
674
337
339
339
340
337
340
340
337
338
338
335
333
335
337
338
340
338
337
338
339
334
335
338
335
334
335
334
335
335
336
338
340
335
339
337
340
335
337
339
335
333
337
335
333
334
338
336
334
340
337
337
334
341
336
336
334
336
335
331
337
337
336
333
339
336
337
335
340
335
335
334
336
333
333
336
333
335
336
339
336
335
337
334
331
332
334
331
334
334
335
335
333
335
337
332
335
336
333
332
335
331
333
331
334
336
335
334
334
336
333
334
334
332
335
331
330
332
331
334
332
330
333
335
333
333
334
331
330
333
330
331
331
330
330
330
332
336
330
333
333
332
334
334
327
331
333
331
330
329
330
331
333
333
332
332
336
334
331
332
333
328
331
331
329
330
332
335
332
337
334
334
335
332
331
333
330
330
330
331
333
331
336
330
334
331
333
334
330
334
329
331
331
331
329
329
330
330
331
333
331
332
330
334
331
332
332
330
333
336
331
335
336
337
335
336
331
337
337
334
341
338
335
339
339
341
334
340
343
341
337
344
343
344
344
344
345
343
346
349
349
345
353
352
347
353
352
352
356
357
354
356
357
358
357
361
363
356
365
363
362
365
366
368
370
370
368
372
371
372
366
373
373
372
376
377
377
377
379
378
373
384
383
380
386
385
382
389
384
386
389
386
389
391
393
391
386
393
390
387
393
390
384
394
389
389
391
386
394
391
383
393
390
387
389
388
386
389
389
389
388
385
384
388
388
386
390
392
387
391
391
387
396
395
388
399
396
393
398
398
394
398
398
396
399
398
396
401
397
396
401
401
401
403
406
404
405
403
410
404
408
406
406
410
405
406
406
403
401
405
403
407
409
410
410
418
411
411
418
413
412
412
415
412
410
417
411
407
405
407
407
408
411
407
408
412
410
407
415
410
417
421
413
412
416
414
416
419
416
418
424
424
425
425
426
420
419
421
428
419
428
428
433
428
428
431
429
432
425
428
433
427
431
433
439
436
438
446
443
450
452
453
457
451
455
454
448
451
450
449
449
450
444
446
444
443
448
447
451
449
452
449
450
447
442
447
444
442
441
444
444
452
450
454
458
453
458
456
460
463
460
464
466
460
459
461
460
464
456
461
463
466
466
463
465
456
462
456
457
464
463
461
464
469
466
470
466
471
474
468
469
474
469
471
475
470
472
470
475
470
470
471
464
466
467
460
465
468
468
475
470
473
477
471
476
475
478
474
478
479
476
482
480
474
478
476
478
481
483
482
480
487
487
485
488
479
480
480
470
472
475
480
471
471
482
478
483
484
488
480
483
484
481
484
484
483
489
487
479
491
489
492
491
489
485
480
482
475
476
482
474
477
482
477
485
486
487
489
488
492
500
497
496
492
491
495
492
485
479
485
487
482
490
497
497
505
504
512
510
513
516
512
513
517
507
506
506
506
495
504
509
499
508
505
504
507
500
509
506
502
499
513
505
507
499
495
493
492
496
494
487
491
501
496
504
503
512
515
512
520
523
516
521
519
515
516
514
521
521
515
522
513
521
526
523
526
521
525
533
526
535
538
534
528
522
529
520
513
513
509
509
505
511
505
505
513
517
514
515
509
512
513
516
521
525
521
530
526
524
529
531
525
525
520
524
527
521
522
526
521
520
522
527
532
529
529
530
532
533
531
517
521
519
512
513
505
507
505
510
514
515
506
512
512
520
520
521
513
520
519
519
509
512
509
506
499
505
501
492
491
504
499
505
517
521
517
519
521
524
522
523
521
521
519
517
517
518
516
520
518
522
524
521
525
521
522
525
518
522
523
525
520
529
525
530
523
519
524
523
516
521
519
515
512
510
514
513
510
503
504
506
500
506
507
501
508
511
504
511
517
517
515
522
533
530
531
528
537
535
529
531
533
524
531
530
528
535
532
528
530
525
526
530
527
528
528
523
531
528
529
526
524
525
526
522
521
518
521
521
522
523
524
528
527
523
526
525
524
524
524
524
525
522
525
525
524
526
528
525
526
520
518
514
518
514
506
509
515
512
507
516
517
517
519
517
518
518
520
518
517
521
518
523
523
520
524
530
526
530
532
530
532
536
531
532
531
535
532
529
528
527
525
528
527
526
523
522
521
521
519
518
518
521
521
522
521
522
522
521
518
520
520
515
518
521
516
521
522
520
522
523
523
521
530
527
525
522
524
529
530
525
529
526
524
527
530
522
525
522
519
519
521
517
522
521
517
521
525
518
524
523
520
522
527
523
525
523
521
523
526
523
527
528
527
531
531
530
531
525
526
527
524
523
527
520
521
523
521
518
518
517
519
519
518
519
519
514
513
508
512
512
507
508
513
510
513
509
512
513
515
514
516
518
517
518
521
518
519
517
516
516
519
521
521
522
524
524
526
525
525
523
521
524
524
524
528
532
529
533
539
537
541
538
531
535
536
534
535
532
529
532
529
532
529
531
531
531
528
534
532
524
530
528
520
525
526
521
527
531
526
525
529
530
533
531
530
531
530
526
530
528
528
527
530
527
530
530
536
533
535
534
533
531
535
538
530
536
536
533
541
539
534
535
531
533
530
530
524
531
528
524
531
535
528
535
535
528
533
536
532
532
534
530
528
530
534
530
534
536
535
532
539
538
534
532
531
526
524
524
522
518
523
521
519
521
523
518
524
526
519
521
521
515
519
521
514
522
527
527
527
537
535
533
539
540
532
537
533
531
533
532
526
529
529
523
527
528
525
527
528
528
525
529
527
527
528
528
526
529
526
521
527
529
522
526
526
520
522
524
518
522
527
523
522
520
529
528
527
533
534
528
532
530
530
530
530
528
530
528
527
526
527
526
529
527
530
527
535
536
530
535
533
532
535
537
534
535
531
537
533
534
534
534
534
533
534
536
534
536
528
535
533
530
523
526
525
520
530
530
524
533
537
532
539
539
536
539
545
538
547
548
545
549
547
545
550
545
549
548
543
545
547
545
556
560
556
562
559
554
552
545
543
542
533
536
536
528
534
532
528
532
533
530
536
533
530
533
530
526
531
528
526
520
528
523
518
520
522
519
519
525
522
517
524
527
521
525
526
523
519
514
518
518
511
516
517
516
518
523
519
520
517
521
523
523
515
511
515
519
512
507
506
515
511
507
515
521
518
517
521
521
512
518
519
516
510
509
511
509
501
508
511
507
505
502
510
512
505
507
509
505
508
511
508
503
508
509
501
506
507
503
507
510
508
508
515
513
506
511
513
510
507
504
509
512
507
501
499
507
509
508
507
517
519
519
520
526
532
541
541
535
529
519
519
521
515
518
519
516
521
522
521
520
526
527
520
527
527
525
523
525
524
527
530
531
530
533
537
536
542
544
542
539
540
539
532
533
531
530
533
536
544
557
565
570
575
574
576
572
566
563
557
550
558
544
542
534
532
526
524
527
526
523
524
527
527
526
530
536
529
533
541
547
550
549
549
554
555
552
551
542
536
533
533
527
532
535
539
543
553
574
581
583
583
573
572
565
562
555
557
554
554
556
560
568
578
591
605
604
611
614
614
614
610
605
595
597
589
584
590
585
589
589
589
586
591
591
594
601
599
601
603
604
605
612
618
620
633
635
633
633
636
628
613
613
604
598
595
604
602
609
637
649
651
645
625
612
607
601
596
588
586
586
581
587
608
660
722
739
709
691
670
646
625
611
599
602
580
573
572
574
575
570
570
573
582
585
585
585
579
573
570
570
565
560
553
555
552
557
557
569
574
575
593
601
599
607
605
602
595
592
588
592
603
607
624
644
652
647
663
661
672
671
677
676
667
651
639
624
618
609
604
602
604
612
616
630
636
643
647
648
664
647
646
636
620
611
600
593
592
575
576
593
618
642
625
643
637
633
623
619
618
615
622
624
623
634
632
640
640
636
639
636
631
621
624
619
617
617
613
618
615
623
631
634
632
636
630
617
623
613
605
600
598
593
589
586
583
569
562
563
568
571
579
604
692
802
794
819
751
716
673
647
624
606
603
595
592
596
605
623
632
635
630
620
618
600
592
594
602
604
603
604
597
596
591
590
601
621
663
698
737
757
708
696
681
667
646
631
616
608
599
593
587
586
602
621
668
788
777
767
762
739
693
685
660
636
636
622
608
608
618
620
619
605
611
604
594
587
586
590
584
587
593
603
600
600
602
600
600
593
597
590
579
574
566
563
562
564
573
577
599
623
639
639
641
629
616
615
606
599
589
584
581
588
586
590
599
606
620
628
619
637
633
630
625
620
614
611
605
603
602
593
586
584
590
603
632
666
743
785
781
809
738
733
703
674
671
652
639
631
628
633
656
675
670
674
663
657
650
636
623
614
604
596
589
587
590
596
602
616
640
655
652
644
637
616
631
610
601
595
595
598
601
606
609
604
592
587
604
586
578
576
584
593
600
602
604
603
602
594
592
588
582
582
584
595
626
755
804
809
809
783
766
724
694
667
646
628
615
604
597
591
592
589
599
633
681
723
734
751
705
691
699
684
683
678
670
664
651
641
628
615
605
600
596
597
589
598
610
627
645
656
657
655
655
637
634
630
620
627
618
616
615
626
648
636
650
664
662
651
644
631
622
621
611
604
603
604
610
622
632
635
627
630
625
618
613
608
596
589
584
579
578
583
589
600
659
739
824
820
816
780
706
714
678
658
653
636
629
621
614
609
607
604
599
596
589
585
595
584
585
615
680
771
806
814
787
752
718
676
678
649
636
625
615
609
605
593
597
599
601
604
614
614
617
623
619
624
625
619
625
618
612
616
612
610
615
604
597
597
597
592
589
593
607
623
651
681
691
693
693
681
661
650
636
615
605
606
598
588
589
606
658
765
836
831
816
761
753
730
697
674
654
638
633
621
612
621
624
668
718
741
783
805
793
749
712
701
679
660
657
651
662
685
706
687
682
694
676
666
656
649
653
656
662
673
679
683
664
674
648
636
630
622
622
618
613
609
604
599
596
594
591
588
591
601
589
587
590
602
604
607
606
604
596
593
585
581
580
582
585
593
605
611
619
621
632
627
626
629
631
626
632
639
635
643
639
629
633
625
624
623
623
627
627
629
629
627
621
606
600
595
585
578
577
586
582
618
707
793
785
761
742
728
702
684
668
646
632
619
610
604
595
592
595
609
623
644
651
657
655
654
651
643
633
624
615
607
610
608
616
643
679
698
710
713
705
701
689
663
667
651
637
635
625
649
716
716
691
712
694
681
679
663
658
632
622
619
611
604
608
628
655
688
736
721
727
718
706
692
680
659
645
632
620
611
607
604
615
642
792
889
835
876
790
763
732
705
699
701
687
700
689
684
669
674
669
673
666
682
692
701
710
722
700
686
690
679
678
691
685
710
709
703
694
701
696
691
686
698
698
697
682
687
690
682
681
672
676
688
699
709
687
659
660
646
637
633
644
668
672
665
664
658
655
656
651
660
668
669
670
672
676
670
660
653
653
652
656
674
714
767
718
749
727
703
677
675
653
637
626
621
619
634
618
622
631
634
634
632
627
624
624
612
615
618
645
662
681
666
641
645
637
631
631
631
631
634
631
625
621
625
623
622
627
630
642
651
661
677
677
698
699
683
682
691
673
687
671
663
691
686
653
645
637
632
636
626
635
642
646
645
642
637
628
616
614
605
603
612
627
651
679
695
676
651
650
640
638
644
661
690
724
743
751
732
712
689
681
677
669
669
673
696
746
833
865
807
786
740
689
682
660
649
661
663
688
712
759
759
685
684
703
667
655
644
623
635
619
614
626
639
657
668
675
683
680
674
664
662
666
676
697
733
729
719
709
708
696
684
674
668
667
661
656
675
666
660
657
659
645
650
661
672
682
705
700
721
715
705
691
689
681
672
685
679
671
698
707
722
735
773
768
746
745
735
717
696
688
672
674
685
693
692
770
823
828
854
826
764
775
744
729
732
714
689
710
687
713
744
781
759
787
739
757
732
698
709
690
687
708
722
752
785
771
765
767
740
748
741
729
729
715
693
669
661
649
642
644
663
707
758
744
811
797
812
755
766
739
729
709
688
678
679
681
698
719
729
764
774
771
761
733
731
717
692
698
698
695
706
709
725
719
705
677
677
661
646
646
650
667
695
743
738
782
789
762
761
709
664
645
630
630
633
686
896
870
891
885
856
818
760
722
680
667
661
657
655
649
634
645
629
634
676
723
754
750
728
695
676
647
629
615
611
608
630
713
687
699
667
653
670
665
668
657
644
653
637
624
620
609
607
611
623
633
651
659
680
692
681
665
654
641
619
620
614
606
608
613
620
634
645
657
661
650
640
630
613
629
625
611
614
648
742
792
825
814
776
730
669
683
654
646
645
647
669
679
688
695
689
681
658
658
643
633
634
644
662
699
714
732
728
735
736
731
719
701
686
676
663
651
635
627
625
636
660
730
816
832
827
799
757
725
697
677
653
641
627
621
617
611
611
634
647
671
681
697
666
695
682
668
672