545
549
535
540
560
619
624
581
559
553
552
538
534
524
514
526
560
583
572
564
575
610
575
564
565
591
585
556
552
579
681
867
761
719
724
674
637
645
604
596
596
590
610
580
561
570
596
646
691
691
734
736
690
652
604
563
550
604
829
830
747
735
889
904
803
867
892
875
840
751
743
716
795
879
839
819
872
856
823
810
769
675
672
640
683
753
893
778
895
872
883
757
695
702
710
1002
685
778
758
815
780
786
713
705
776
804
744
779
814
827
836
805
768
741
677
691
696
786
869
838
833
857
805
771
813
702
847
748
705
722
716
704
677
702
771
787
770
945
890
837
818
741
771
768
769
758
677
728
707
793
781
759
746
701
641
588
566
551
540
535
550
556
599
597
563
558
561
545
531
523
531
535
572
607
611
724
737
810
877
875
840
797
729
718
692
668
662
668
983
923
867
933
996
963
923
979
1001
941
847
919
926
823
767
751
834
842
746
844
875
935
841
849
810
778
750
809
811
772
741
709
743
781
768
731
732
695
670
681
741
754
759
827
771
780
757
756
716
725
686
653
644
638
623
667
785
987
931
906
867
834
700
789
771
792
866
940
958
850
1005
938
876
936
929
892
832
923
949
876
950
942
918
840
953
977
856
869
929
870
723
958
837
751
919
822
834
717
806
703
731
878
926
828
762
720
714
714
677
696
772
849
741
775
695
666
636
721
845
765
720
711
729
755
799
734
760
778
813
861
852
847
735
882
842
864
802
904
900
825
880
855
739
852
835
920
835
874
889
906
840
902
935
942
878
976
962
916
758
984
928
896
945
847
898
888
833
723
783
730
793
766
894
825
841
915
902
854
834
862
880
839
833
719
833
802
857
911
830
943
999
933
837
895
760
832
827
873
826
909
960
909
877
846
820
716
756
713
774
850
869
823
865
896
867
802
713
732
701
658
677
733
777
820
694
662
636
616
593
593
597
623
625
634
637
638
630
672
707
750
682
703
761
812
831
792
954
958
935
773
975
835
827
717
934
876
919
723
765
749
929
979
927
879
846
877
870
733
999
927
905
748
922
864
960
854
1002
932
937
937
940
945
943
942
942
944
937
935
944
938
937
940
938
938
942
943
940
937
938
934
941
776
777
838
856
867
842
896
938
984
934
937
933
933
933
931
926
927
933
934
931
931
937
939
939
937
938
938
929
930
926
926
920
919
919
905
916
953
927
925
928
928
925
921
917
922
923
915
916
918
924
837
912
981
883
815
864
886
903
751
944
938
960
919
872
915
924
880
833
716
714
699
699
931
947
908
915
914
919
925
920
829
875
932
876
720
865
710
884
874
901
733
895
915
933
935
868
804
900
900
816
842
856
739
787
779
859
751
785
835
752
692
693
803
853
813
763
751
699
737
771
720
720
706
727
680
729
771
860
749
852
848
837
719
804
781
794
759
702
689
727
905
961
850
875
938
872
859
729
899
862
862
814
886
914
947
894
736
833
819
906
859
926
977
920
924
928
933
930
928
933
726
664
746
769
971
904
917
919
926
937
936
936
936
934
941
940
934
933
934
937
929
935
932
929
926
924
926
911
791
865
921
851
834
924
933
951
836
858
894
914
914
815
832
819
886
891
925
862
931
970
917
917
918
920
924
920
922
924
862
713
758
792
854
818
980
905
910
912
921
918
925
927
924
922
923
926
920
925
925
923
923
921
925
920
926
926
924
923
897
872
717
848
828
975
913
812
817
735
781
800
790
813
848
808
729
699
669
631
621
611
590
575
566
555
549
539
538
533
524
519
518
515
524
534
531
530
529
521
515
521
532
563
596
602
595
580
589
584
569
573
566
564
573
573
567
564
550
545
547
534
519
514
505
499
494
491
498
542
590
671
916
849
897
910
957
921
909
946
927
896
797
757
863
850
973
919
919
921
921
922
920
923
921
917
915
903
781
669
640
659
899
960
906
912
911
909
902
818
784
751
813
872
891
825
884
953
909
864
938
878
807
777
862
895
810
890
919
948
853
817
788
772
790
867
944
896
896
844
915
890
866
850
843
849
777
770
836
881
944
906
893
894
897
898
897
896
796
758
799
747
770
724
711
735
751
859
847
852
779
739
770
769
766
744
684
671
640
651
622
615
609
619
594
662
717
773
838
838
787
771
827
878
813
825
827
869
820
820
766
782
772
754
726
717
721
679
696
719
720
765
767
684
641
602
592
602
692
760
751
709
707
720
716
741
855
935
904
855
785
712
721
746
829
834
783
782
879
912
834
752
722
721
678
667
668
654
655
693
761
791
803
734
714
709
701
660
638
615
609
619
635
628
617
607
601
610
705
748
695
700
720
792
767
728
707
654
657
699
807
821
826
758
698
730
725
721
658
656
659
712
756
739
746
692
636
619
590
621
625
622
595
618
731
741
683
678
687
701
672
636
626
626
643
658
685
796
806
805
774
714
701
711
748
729
721
824
814
729
674
702
745
802
718
702
748
766
773
725
795
843
762
708
675
642
653
654
682
874
915
848
821
952
917
913
916
916
917
808
846
816
783
772
767
743
800
880
804
714
658
620
592
585
627
654
737
795
818
766
838
848
868
711
779
706
740
739
701
697
840
875
817
741
706
743
768
731
696
687
683
652
660
653
653
625
603
580
561
554
552
566
600
581
584
588
648
661
678
654
619
616
618
623
599
583
570
585
597
605
584
563
558
563
565
582
557
560
560
573
578
568
554
534
536
521
509
500
496
493
490
491
505
527
529
538
566
548
582
618
613
593
576
590
604
605
576
582
596
613
601
578
579
604
623
634
607
592
582
574
550
543
531
524
523
526
534
531
534
568
647
646
629
619
617
634
611
568
548
545
521
512
519
499
488
482
478
485
472
469
451
449
454
448
446
437
442
433
437
422
425
415
418
411
412
405
408
401
408
400
402
397
404
396
406
396
405
398
406
809
399
407
400
405
400
405
403
400
399
403
396
399
395
397
393
396
391
389
392
388
389
383
385
382
385
378
386
379
386
381
382
382
385
380
382
383
380
384
380
384
377
383
376
388
378
391
385
388
384
388
382
385
386
382
385
379
380
379
382
375
383
379
386
378
383
382
384
378
384
379
379
383
379
378
374
380
373
380
376
382
379
378
376
379
376
375
377
373
377
375
377
371
376
372
379
373
374
376
380
373
377
375
374
377
375
377
371
376
369
377
369
376
374
378
374
372
374
373
376
372
373
369
373
367
373
371
375
369
374
371
371
375
372
373
368
371
366
374
366
375
371
372
367
369
369
367
370
365
369
364
371
368
368
368
363
369
365
371
362
367
368
371
367
368
368
367
371
364
372
365
373
370
369
368
364
368
365
369
361
367
363
370
364
365
365
363
368
361
366
363
368
366
366
365
365
369
364
369
361
367
733
361
366
364
365
366
362
366
360
369
360
364
362
366
365
361
365
358
367
361
361
362
361
364
359
363
356
362
362
360
358
359
365
360
364
355
366
362
726
361
366
363
368
358
367
360
369
362
368
365
365
368
363
365
362
365
355
367
361
362
363
361
364
356
364
357
363
361
723
362
367
360
368
360
371
367
367
368
366
370
368
372
363
372
369
374
367
371
370
372
374
369
369
365
370
363
369
363
366
367
364
366
360
367
362
368
364
367
367
366
369
366
371
362
373
365
373
370
369
356
380
371
367
370
367
370
369
375
366
380
372
374
374
375
372
376
374
369
371
368
372
360
370
367
367
363
365
365
365
367
360
363
358
367
359
365
364
364
367
361
367
361
366
354
369
362
368
367
367
368
364
367
367
369
362
370
366
372
371
370
368
366
373
368
370
362
373
361
373
366
368
366
364
370
363
369
362
367
363
366
366
362
367
366
367
361
370
363
371
363
371
367
370
372
366
369
365
373
361
375
366
373
368
370
367
365
372
367
370
362
370
361
372
366
367
371
364
370
362
366
361
369
358
372
367
371
368
368
372
368
372
365
368
363
370
368
369
367
370
372
370
372
368
368
364
370
361
372
366
368
369
367
369
366
365
360
365
363
362
360
361
365
362
364
357
364
355
368
361
360
365
360
365
357
363
353
367
358
363
363
360
365
355
360
355
364
358
357
361
359
363
354
362
358
362
358
356
360
357
362
352
366
360
359
363
356
362
356
722
363
361
363
365
358
361
356
361
359
359
360
357
363
358
364
353
366
361
362
363
359
363
356
364
360
361
362
364
363
359
363
360
723
363
361
361
363
357
362
358
362
354
363
360
359
361
356
360
351
364
354
358
357
355
359
350
356
350
356
353
352
354
354
355
347
358
354
354
355
351
355
351
355
353
351
354
349
355
348
355
351
352
354
354
355
345
354
354
355
354
352
356
352
355
352
356
354
356
357
352
356
351
358
352
354
354
350
360
350
359
349
357
355
353
358
351
356
350
356
351
355
354
354
360
353
359
354
362
357
357
357
354
360
347
360
354
357
355
354
358
351
357
347
355
354
352
357
354
356
349
358
353
352
356
351
356
346
356
353
354
356
348
353
348
354
348
349
350
352
354
353
358
343
355
354
358
353
351
356
350
356
351
354
353
352
359
354
358
350
360
354
353
357
353
360
348
362
354
359
359
356
360
354
358
350
360
354
356
359
355
361
351
360
352
355
357
354
359
355
358
351
360
356
357
359
353
357
352
357
352
355
354
354
359
351
353
359
352
356
357
358
355
352
358
358
356
358
357
358
351
362
355
358
358
358
359
363
369
369
366
365
374
371
369
368
373
377
378
378
372
379
385
382
376
387
390
385
383
392
394
396
400
396
394
402
408
412
408
408
400
412
413
409
408
418
426
422
424
421
414
428
430
432
428
426
422
417
416
420
421
423
418
420
437
435
432
435
443
466
471
457
455
476
472
462
470
478
472
464
460
480
486
477
474
466
470
471
457
456
456
446
450
455
462
463
464
485
488
474
475
497
499
501
485
489
509
517
506
494
498
514
500
489
493
505
517
510
492
498
501
512
516
498
488
488
502
523
532
536
520
504
514
521
518
511
509
523
520
508
498
483
482
500
512
512
507
517
540
535
530
509
494
506
507
513
504
496
516
523
513
508
501
522
522
514
502
490
493
500
497
493
493
512
515
498
503
520
516
512
508
526
527
516
523
534
524
521
521
535
519
511
522
528
524
514
497
494
493
505
511
503
514
522
529
520
512
530
526
524
515
510
532
542
528
526
537
544
524
520
528
527
526
516
517
524
514
510
508
507
504
510
524
519
520
521
505
508
527
516
517
521
554
551
536
536
549
566
561
542
529
538
538
520
532
540
538
527
521
543
548
549
537
527
546
545
539
529
535
546
531
527
521
537
551
549
536
518
523
523
513
505
499
514
520
511
518
536
565
546
549
567
572
560
552
560
545
534
523
527
526
522
518
508
501
500
496
503
498
494
490
501
535
522
538
564
608
611
577
569
560
562
550
543
531
522
534
517
521
543
560
548
544
563
568
547
545
550
558
553
536
533
532
544
541
524
523
525
529
521
510
515
509
511
508
504
504
507
489
491
483
480
479
475
479
476
470
456
457
456
456
454
448
451
450
448
446
446
438
444
438
438
430
438
433
438
428
438
431
434
429
437
434
432
434
432
430
430
432
430
427
426
426
421
420
417
420
413
414
408
406
403
401
401
397
396
393
396
390
398
393
401
397
400
398
397
400
396
398
394
401
394
405
396
406
402
412
408
407
406
404
400
402
397
397
395
391
396
391
395
389
395
391
398
396
396
392
393
392
387
394
387
391
384
396
386
396
389
393
387
386
386
381
385
380
385
380
388
384
386
384
383
387
382
388
379
386
377
388
387
387
385
385
383
378
385
377
383
378
384
379
385
380
381
381
377
384
376
380
374
378
378
374
375
373
377
370
372
371
374
369
371
371
366
370
367
375
371
374
374
372
375
368
379
372
373
375
372
378
369
379
372
378
375
373
376
375
376
370
378
372
373
373
368
373
365
740
370
367
368
367
365
365
361
366
363
361
365
360
366
356
369
363
363
369
363
367
363
368
364
365
366
365
369
361
372
367
368
370
366
369
362
372
364
370
368
368
373
365
369
368
368
370
367
372
367
371
367
370
371
369
371
368
372
364
374
370
377
373
374
377
374
376
370
375
372
372
373
371
376
367
375
369
373
374
374
376
374
377
374
379
374
374
377
375
378
370
377
370
378
370
370
373
367
372
362
368
369
372
371
368
372
368
371
362
372
371
372
372
370
372
366
370
367
368
369
367
370
371
372
369
374
369
374
376
373
376
375
379
373
382
375
379
379
379
381
377
380
371
377
369
381
375
378
376
376
376
372
376
376
376
375
374
375
369
373
364
376
369
372
370
366
370
363
370
367
372
371
369
372
365
370
362
367
366
366
365
366
368
366
367
369
366
370
362
368
361
371
369
370
371
366
375
364
375
369
370
373
371
371
369
373
365
375
370
372
374
368
372
370
373
374
371
377
368
376
369
374
373
370
373
368
376
369
373
372
369
374
366
372
366
374
373
368
375
363
374
368
371
370
368
372
364
370
367
368
372
365
370
363
375
370
375
372
371
376
369
374
368
376
375
376
376
374
377
378
375
376
376
377
377
378
369
377
375
374
379
376
374
380
376
383
386
380
379
384
379
381
380
384
388
383
377
392
388
386
391
384
396
397
398
400
397
406
414
411
410
408
403
414
411
409
408
402
409
411
408
411
403
411
415
412
414
420
434
434
427
433
445
441
438
432
448
454
456
457
445
448
446
455
461
450
450
449
467
455
448
453
458
463
454
446
443
438
449
446
444
446
443
467
467
473
462
462
473
480
484
475
476
471
489
486
471
471
472
480
475
478
477
495
479
477
485
482
477
467
482
479
479
472
471
487
487
487
478
487
487
512
489
488
485
493
483
476
490
488
485
476
490
480
480
473
480
483
476
479
482
494
484
485
475
465
463
460
467
461
470
471
483
473
471
480
485
484
476
488
493
498
481
484
488
495
488
478
481
485
487
476
480
481
494
485
480
484
488
504
493
496
486
510
506
511
496
497
500
501
487
481
493
494
495
485
495
498
502
484
485
484
494
491
484
488
492
507
492
495
489
517
498
498
487
499
497
492
487
483
496
499
498
488
498
500
502
491
486
484
484
500
490
498
480
475
467
465
471
467
465
456
464
455
460
453
450
453
452
455
448
455
462
452
455
457
463
454
452
457
453
454
451
455
450
443
444
447
451
443
459
459
453
450
452
450
447
453
450
447
456
454
460
459
460
459
460
467
468
480
470
479
475
470
470
462
453
446
443
439
441
447
463
468
460
480
504
511
493
497
511
511
513
505
502
485
484
493
486
473
475
462
461
456
450
453
457
463
455
465
466
461
466
459
455
446
458
457
449
453
457
461
455
453
458
462
459
453
457
453
452
451
448
450
437
443
438
437
434
423
426
427
427
431
426
448
469
466
475
515
547
523
525
554
562
531
528
524
519
496
490
476
476
471
479
475
466
470
476
486
472
475
472
483
482
473
474
478
483
477
479
474
488
480
479
471
469
477
472
466
464
479
475
475
466
465
460
459
464
456
460
455
469
460
457
456
456
459
454
457
451
467
467
460
462
471
483
471
480
483
493
480
482
478
480
471
464
460
456
459
461
467
454
463
464
472
469
460
463
459
464
462
467
459
462
466
467
465
460
466
466
474
464
465
463
459
456
450
449
444
443
436
438
433
429
427
423
418
412
419
410
410
411
407
422
415
431
436
431
430
427
432
429
430
434
432
432
434
439
431
440
439
457
457
451
451
455
462
461
457
451
469
463
465
458
461
463
453
453
456
460
460
458
446
451
445
456
461
465
457
453
454
460
453
451
462
460
465
453
462
465
468
459
459
466
466
461
453
454
448
448
438
446
436
438
437
439
438
437
439
440
456
450
451
448
458
460
451
456
463
467
459
465
461
473
463
465
467
471
473
461
461
464
462
452
451
441
449
445
440
442
444
450
440
444
441
447
450
442
442
448
449
446
443
438
437
430
427
422
429
419
423
414
431
423
428
423
425
419
418
415
412
412
407
408
400
405
403
410
406
404
400
400
402
396
399
396
398
389
403
399
401
398
397
398
394
396
396
396
393
396
397
396
392
394
391
387
396
384
389
385
391
387
392
389
389
393
391
396
391
398
392
401
397
405
402
401
399
397
398
393
396
387
399
394
400
395
399
394
394
395
390
393
385
393
389
394
392
394
391
389
393
388
394
383
387
380
394
381
386
385
382
386
377
380
371
384
377
376
381
374
380
372
381
374
379
378
373
381
749
375
376
375
373
377
367
374
370
374
372
371
372
367
371
364
376
369
368
373
369
374
363
375
373
375
369
379
376
368
375
361
373
369
369
370
371
372
364
370
366
369
368
362
370
359
368
366
364
366
364
366
361
368
359
370
367
369
372
368
371
363
372
369
375
372
373
375
367
373
362
374
366
369
369
366
368
362
371
363
365
369
363
366
360
369
362
364
366
363
367
359
372
370
374
372
369
374
368
371
367
374
373
372
372
367
372
363
367
362
369
367
369
369
365
368
360
368
364
365
368
364
366
360
369
362
366
365
363
368
358
366
359
361
366
362
365
365
365
358
368
362
361
365
357
363
354
367
359
364
363
357
362
357
363
354
361
363
360
363
356
364
354
361
359
357
365
354
363
359
360
362
354
362
354
355
358
356
359
360
359
351
364
357
354
360
354
359
351
360
352
355
358
352
356
350
351
354
350
355
344
352
350
351
354
348
351
344
353
350
347
353
342
350
348
349
353
348
354
345
353
354
348
350
345
353
347
346
351
342
348
343
345
346
343
347
343
346
348
344
345
341
345
347
344
350
339
349
346
346
350
344
352
339
350
348
351
354
350
350
697
347
347
350
343
350
343
345
348
344
352
340
353
344
352
352
346
353
345
351
347
348
349
345
352
342
352
349
347
351
344
350
338
353
344
348
351
343
350
691
343
344
348
342
346
341
348
346
343
353
339
346
347
346
348
343
349
341
349
343
344
349
341
347
341
348
349
342
351
343
348
345
343
348
343
347
338
348
344
344
348
340
348
343
341
345
340
348
340
346
343
340
345
337
347
343
338
348
341
350
339
350
341
349
344
343
347
340
344
346
346
349
345
348
342
351
346
344
349
342
347
340
343
346
346
348
340
349
340
343
344
340
349
333
345
342
343
343
338
344
335
344
339
343
344
338
347
337
347
340
340
344
342
349
340
346
338
351
339
343
345
342
343
335
349
342
341
346
339
346
336
345
341
343
344
344
347
334
689
347
347
345
347
337
349
341
346
685
347
342
346
339
350
344
343
346
340
347
339
348
339
342
344
341
347
341
347
336
348
344
340
346
336
345
333
347
337
343
339
340
343
336
342
332
338
339
338
342
332
342
334
338
333
334
340
333
336
331
336
336
333
338
330
338
330
332
333
329
338
325
336
332
330
337
329
337
330
333
334
330
336
327
331
333
333
335
335
335
331
335
338
334
339
329
340
332
337
334
335
343
334
341
331
340
336
340
339
338
342
332
340
336
337
337
337
343
334
345
332
342
336
337
337
338
339
333
340
336
338
337
334
339
331
341
331
339
339
334
342
333
340
329
337
332
334
341
329
340
331
338
333
335
334
331
338
332
338
330
335
334
333
338
329
336
332
332
334
330
335
326
335
330
332
339
331
337
331
334
333
331
338
329
336
325
333
332
332
336
325
337
331
331
332
330
333
325
328
329
326
335
322
330
326
330
330
326
332
323
332
327
326
336
322
331
329
328
329
325
332
324
327
326
323
332
325
331
320
329
328
326
333
317
328
324
326
329
323
328
317
328
324
325
331
324
327
318
327
325
326
331
320
329
320
324
331
320
329
320
328
323
324
329
326
330
318
327
323
323
333
321
328
322
327
326
323
333
321
332
323
328
328
325
332
323
333
320
331
325
331
330
328
333
323
331
328
330
331
328
331
324
330
324
327
328
326
334
322
332
323
325
330
322
331
319
331
322
327
332
322
329
321
327
326
322
329
318
329
318
324
324
325
328
323
332
321
329
324
324
324
321
330
317
326
323
323
328
319
329
314
326
325
324
325
322
327
318
327
322
322
328
322
327
318
324
323
321
326
318
326
315
322
323
322
324
317
326
317
320
318
318
329
311
321
321
320
322
317
323
314
322
317
318
321
318
323
313
322
322
318
322
315
324
314
317
318
320
320
312
322
319
317
321
314
323
315
322
315
318
317
319
322
314
321
318
317
324
313
324
312
322
315
321
323
317
321
637
317
318
320
321
321
313
321
318
320
319
316
324
314
320
319
316
322
318
321
315
322
315
319
319
314
321
314
319
319
315
320
314
322
313
315
313
313
322
311
316
316
318
319
313
320
310
320
313
317
319
317
322
310
320
316
318
316
312
320
313
320
314
317
316
315
320
309
320
316
315
318
314
320
308
313
310
317
317
317
320
309
321
315
313
317
315
322
309
319
315
316
317
314
321
313
315
315
315
319
311
320
317
314
318
313
320
311
314
316
313
317
311
315
317
314
318
308
318
314
314
315
312
318
309
312
313
316
316
309
317
313
312
318
308
320
307
317
312
314
320
310
318
310
318
316
312
316
312
319
309
313
313
314
319
309
316
313
314
316
311
318
308
318
311
314
319
313
319
312
313
315
312
320
309
315
314
315
316
310
319
312
311
313
312
316
311
310
313
315
314
309
314
312
311
314
310
318
306
315
310
312
318
309
315
309
312
313
309
318
309
315
309
314
315
311
315
310
315
313
311
313
313
314
309
317
312
314
314
312
315
309
315
311
312
316
311
314
310
316
309
313
313
313
314
308
316
314
310
313
311
317
308
312
313
313
312
312
316
307
315
310
314
315
311
314
310
314
311
313
314
310
316
308
316
307
313
306
309
313
311
316
306
312
312
313
313
310
316
308
313
308
312
316
310
315
308
314
312
313
316
309
313
308
312
312
310
317
306
313
310
314
312
309
313
309
312
307
313
314
307
315
309
315
307
311
308
308
316
307
308
312
313
311
310
314
307
313
309
312
316
309
313
308
315
308
311
311
312
313
306
314
311
310
311
309
315
308
312
310
309
312
312
313
306
314
308
312
310
311
313
306
313
310
312
311
307
313
304
311
305
311
311
307
313
307
311
307
309
312
305
313
306
314
303
311
307
310
313
303
313
307
307
309
306
314
305
310
306
310
308
306
311
305
311
306
310
312
307
313
304
310
307
309
314
302
310
306
309
311
304
314
304
309
306
309
308
305
310
309
307
306
304
313
304
306
307
310
309
304
311
306
304
310
307
314
302
311
302
310
308
311
308
307
313
306
310
307
312
310
310
311
305
311
305
312
309
309
306
309
310
302
311
306
307
311
302
308
304
308
309
305
312
305
309
304
305
312
303
309
304
310
303
307
306
309
309
301
304
307
308
307
302
311
302
309
303
308
310
302
309
303
307
305
308
308
303
310
302
307
305
307
310
304
307
302
310
308
305
307
304
311
304
304
305
309
312
298
310
306
311
303
306
306
304
310
300
309
305
308
313
299
310
302
312
301
307
314
301
309
302
312
302
306
314
300
308
301
313
300
305
310
309
303
303
311
303
304
310
300
306
303
311
309
299
309
304
302
305
305
310
298
310
305
302
304
308
306
299
309
304
303
304
306
308
301
307
302
304
305
304
307
302
308
300
302
304
307
295
312
305
301
302
304
305
304
302
307
301
305
304
303
307
300
307
303
304
306
303
306
302
308
302
304
307
306
305
303
307
301
306
305
306
306
304
308
303
306
305
303
305
304
308
302
308
302
308
301
304
302
300
303
304
300
301
306
304
302
301
306
304
303
302
309
305
304
304
307
302
309
306
312
308
312
310
312
311
311
307
312
313
313
307
314
313
313
306
316
312
314
313
313
313
311
308
317
313
313
314
315
320
317
315
318
317
328
315
317
314
329
313
316
321
325
318
314
319
320
316
315
321
318
316
315
317
317
315
313
323
321
322
323
325
317
325
333
317
321
327
332
318
329
324
332
318
321
332
330
318
321
330
331
319
322
332
326
329
324
329
328
322
331
334
323
323
339
322
325
332
331
332
321
327
327
333
326
331
336
324
328
336
328
329
327
343
326
331
331
335
331
329
344
329
333
334
335
334
333
343
333
335
335
336
335
335
341
332
334
336
330
333
336
332
330
339
346
334
338
338
333
336
340
341
334
336
346
341
343
338
348
342
341
347
346
345
344
348
348
350
352
348
351
352
345
354
353
352
349
353
352
346
350
354
350
354
353
350
346
354
351
343
350
355
348
348
358
354
347
357
357
354
355
366
357
354
366
367
361
360
360
366
361
363
361
363
361
357
365
365
363
355
370
367
364
363
375
368
367
370
376
371
368
371
376
372
372
379
375
375
373
380
378
374
382
382
375
377
386
380
375
388
381
374
388
383
378
380
386
379
377
385
381
379
383
385
380
381
383
383
385
378
388
388
385
383
396
389
385
392
388
391
396
386
382
389
387
382
381
391
387
384
393
394
392
395
401
396
398
406
399
398
409
405
402
395
410
406
401
399
410
404
402
402
409
406
401
413
409
404
410
414
407
407
415
409
406
419
412
409
410
420
413
413
417
419
413
413
422
416
412
413
423
418
417
415
425
422
416
427
425
418
431
426
419
429
425
419
419
422
418
418
414
427
420
414
433
425
847
432
422
421
416
427
425
421
425
433
426
426
435
429
431
434
428
427
432
428
430
429
427
424
427
427
427
424
421
412
427
416
412
428
416
413
430
420
414
429
423
423
434
429
430
431
429
430
424
434
425
419
427
425
427
430
426
421
418
423
418
417
420
424
420
415
433
423
423
431
427
426
427
436
429
427
425
435
426
424
435
425
426
434
426
425
438
426
427
433
435
434
427
440
436
431
433
440
438
436
436
445
441
438
437
449
438
438
445
440
442
444
450
441
436
443
439
436
448
439
437
449
441
439
449
441
442
445
438
440
441
439
438
445
440
430
437
439
435
442
434
428
436
431
427
433
432
429
432
437
431
432
441
438
436
437
445
438
439
445
441
445
442
440
440
446
441
439
449
447
440
442
453
446
444
451
452
447
445
450
450
445
447
453
441
445
439
435
440
438
440
441
438
438
431
429
429
430
425
425
429
432
423
435
434
426
443
438
432
446
448
439
439
448
444
444
447
448
439
451
444
437
451
444
438
452
443
442
447
446
446
446
447
444
441
438
450
449
448
443
450
452
447
445
460
449
452
455
449
450
459
453
450
454
458
453
453
458
456
454
461
464
457
457
464
454
461
460
454
458
456
452
460
453
454
455
457
454
454
462
455
451
458
451
453
460
455
453
461
457
452
462
455
444
459
444
453
458
448
449
444
437
450
441
440
440
435
441
438
434
439
444
440
441
451
450
448
448
461
452
448
450
458
456
445
458
453
450
468
455
454
466
456
451
464
457
456
457
456
455
455
459
452
449
455
458
458
453
449
460
453
457
453
444
454
444
438
443
446
443
438
451
445
439
454
453
446
450
453
454
451
444
458
455
451
448
460
458
454
451
466
457
453
457
459
463
454
454
454
440
456
449
444
452
450
447
449
457
457
453
459
458
456
470
462
459
463
466
464
454
453
462
462
460
452
464
456
452
468
458
453
458
460
457
449
460
451
446
462
455
449
464
457
459
454
463
458
452
465
456
448
462
453
451
451
461
458
450
458
459
452
461
463
457
459
461
466
455
458
463
454
458
463
451
457
461
455
454
449
462
455
452
455
458
455
447
457
457
450
450
452
456
459
459
459
454
455
465
458
451
465
456
456
458
465
464
455
458
464
461
462
467
464
464
462
473
462
460
469
462
462
466
462
462
469
466
462
468
463
465
472
463
463
465
460
462
463
459
461
467
463
460
466
467
458
469
462
453
462
458
457
452
457
452
446
460
454
449
462
452
449
456
457
458
449
461
457
450
458
457
451
450
458
457
450
458
456
453
462
460
460
458
461
466
460
453
466
457
454
462
459
466
459
455
461
453
453
453
450
448
448
449
448
442
450
451
443
449
447
448
446
454
456
448
451
458
454
457
463
459
455
454
465
458
450
461
452
452
454
458
458
447
460
457
454
462
457
451
455
460
456
449
460
456
450
464
457
454
457
460
457
455
463
462
452
462
466
459
461
465
461
460
463
464
456
460
461
453
459
460
454
454
459
461
451
456
464
457
453
462
461
460
451
461
458
453
466
454
455
458
461
458
452
461
456
450
465
457
452
464
457
458
452
449
463
453
450
458
456
458
452
458
456
452
459
454
451
455
455
460
453
456
452
441
447
443
439
446
439
440
445
441
443
446
446
444
439
451
450
442
455
449
444
442
447
448
442
452
448
441
450
453
451
451
451
455
455
448
463
454
452
455
458
458
451
464
459
451
459
461
460
457
457
459
457
450
450
458
457
455
452
461
447
454
457
450
454
450
456
455
445
450
453
445
450
448
451
450
447
457
451
451
460
452
449
459
457
455
447
450
452
443
447
446
441
440
434
438
438
437
441
436
436
439
434
444
445
442
444
450
445
447
446
448
441
451
452
445
449
452
448
455
456
451
452
453
456
451
450
457
445
450
454
452
451
449
452
450
444
455
451
444
455
444
445
450
442
448
441
442
444
435
443
443
441
447
444
442
446
451
453
450
448
454
450
451
450
449
448
444
445
443
440
445
441
442
444
438
442
444
440
446
449
446
448
450
454
448
451
455
448
451
453
452
451
449
451
450
446
455
451
446
449
450
451
444
449
448
441
443
447
448
449
443
444
444
442
443
440
438
439
436
439
438
435
441
439
438
439
433
437
438
438
441
437
448
448
438
449
447
444
440
447
441
445
439
434
438
435
437
434
436
433
428
434
431
430
435
428
427
429
423
432
432
429
438
434
434
440
434
435
441
439
443
436
444
445
439
445
450
447
448
440
454
451
449
462
456
452
456
457
456
449
459
456
446
453
455
449
450
449
450
448
447
450
445
443
445
439
443
440
440
445
442
442
445
441
448
443
444
446
444
442
447
443
448
448
448
451
440
448
448
449
450
447
448
447
447
452
448
445
450
444
447
445
445
449
445
451
451
445
447
453
451
452
451
455
452
453
456
456
454
456
455
457
451
458
458
448
455
457
452
457
451
453
450
445
449
445
444
444
438
438
437
436
438
436
438
438
438
445
448
444
450
446
448
445
444
449
447
443
450
444
443
445
441
444
443
444
445
441
444
444
439
443
444
441
440
438
441
437
436
436
434
433
433
430
431
434
433
430
433
434
433
434
433
432
435
437
438
434
433
437
429
431
429
430
430
425
434
431
424
428
428
424
425
422
423
425
428
429
441
443
448
460
469
472
466
468
479
477
469
472
472
468
478
480
478
473
483
483
479
487
496
503
505
494
509
512
505
497
513
509
499
505
513
523
516
511
531
527
520
510
521
523
524
510
530
527
515
541
542
537
529
556
555
558
542
549
562
558
539
557
560
563
552
544
557
560
546
536
548
528
546
552
561
551
545
531
531
525
520
516
527
530
525
542
553
565
546
543
561
568
576
560
537
526
531
532
524
523
532
521
534
538
548
548
539
563
556
550
562
572
568
553
569
560
550
564
568
569
557
570
577
585
577
560
585
576
566
562
581
570
563
561
570
574
578
563
564
580
585
589
587
569
559
576
564
556
573
577
572
554
588
583
578
564
597
590
593
570
590
577
568
553
568
557
549
548
539
551
560
558
548
554
558
562
558
559
570
574
580
573
570
578
572
563
566
573
580
572
573
585
579
599
595
592
620
620
620
605
619
615
610
594
604
594
584
604
603
600
598
633
636
641
628
612
607
606
591
594
598
592
595
604
595
596
612
606
601
617
612
603
607
615
616
621
606
605
587
588
594
603
608
623
616
598
612
611
598
601
606
594
592
606
601
593
594
601
587
591
600
595
594
601
594
590
595
602
598
601
603
606
589
578
573
566
578
583
593
582
580
587
594
594
587
585
589
597
595
576
571
577
577
578
572
574
580
591
589
595
614
625
642
636
629
617
619
622
628
613
609
613
619
615
601
602
604
590
582
592
594
590
584
602
612
636
636
631
613
616
625
624
620
607
614
617
611
603
609
603
602
604
611
607
609
620
612
606
608
614
611
607
603
604
603
587
584
592
598
592
589
604
612
619
609
604
608
619
627
629
619
609
613
623
619
613
600
596
611
621
632
611
623
638
638
634
609
603
607
608
605
596
599
612
621
626
613
619
631
634
616
604
602
591
577
563
556
553
557
547
546
540
549
553
558
570
560
557
549
547
556
572
580
585
594
598
600
604
602
603
602
603
584
575
575
600
582
566
590
628
656
655
612
617
612
617
609
609
603
600
597
595
596
598
598
598
585
592
614
634
648
623
633
653
658
663
641
629
617
600
589
592
606
634
642
619
638
663
667
684
665
632
631
636
630
616
608
616
623
634
631
616
623
645
661
663
639
642
647
646
647
632
616
613
617
617
606
597
604
634
653
636
638
653
636
614
620
622
619
616
595
588
590
611
634
631
636
646
645
612
619
623
637
628
613
622
624
623
619
602
598
598
602
605
598
602
627
641
641
633
633
612
611
618
633
647
635
614
620
634
635
637
615
625
633
639
646
618
620
630
638
641
627
616
619
622
628
609
606
611
629
649
619
616
625
626
623
604
603
603
599
586
578
580
603
634
664
630
628
645
659
664
658
616
605
600
600
598
585
589
597
599
587
583
581
589
602
625
637
654
641
643
660
659
629
640
656
659
654
648
622
632
641
643
652
649
622
632
649
663
682
688
648
653
672
664
669
640
627
634
656
667
662
641
648
670
668
648
642
648
668
672
668
651
634
635
633
637
633
631
619
607
616
638
661
654
634
648
674
684
663
631
633
635
628
629
613
606
609
625
637
641
624
632
641
641
645
638
632
616
604
602
607
610
609
598
605
622
634
648
646
618
618
629
633
629
615
600
594
595
598
588
583
578
574
571
565
582
599
592
596
610
653
675
676
643
635
642
620
602
587
590
588
593
585
594
603
623
637
622
602
587
587
574
574
565
567
563
559
557
553
548
549
544
547
542
535
535
530
529
528
527
524
530
545
549
553
553
548
545
545
544
545
541
540
537
537
534
537
536
531
527
530
526
522
524
526
528
531
537
536
535
543
545
547
539
538
537
533
525
520
516
506
504
502
505
507
507
505
501
500
498
496
494
495
495
492
492
492
510
524
515
526
541
554
544
534
532
528
531
526
521
519
515
510
510
510
514
524
522
526
535
532
530
550
557
547
551
552
546
558
555
556
551
544
544
536
537
532
533
544
562
564
553
569
582
588
569
580
573
565
571
565
557
554
561
563
568
574
576
569
567
577
585
597
594
588
581
584
594
579
564
560
549
539
531
526
528
531
535
538
535
548
562
582
633
629
638
615
608
591
581
565
560
563
563
570
565
592
587
585
573
568
565
563
556
548
541
548
568
576
601
601
588
582
579
571
559
558
553
546
537
532
529
519
520
522
532
527
530
530
529
528
525
521
528
536
541
563
595
597
596
620
632
638
623
601
570
558
549
557
686
442
500
268
933
1384
962
445
689
2077