680
434
816
606
608
647
781
776
731
779
832
798
799
774
686
629
596
577
565
591
1140
962
936
915
876
838
771
824
813
712
666
647
706
1047
845
864
811
741
712
736
712
661
639
638
790
926
857
890
791
817
846
723
719
761
830
864
791
746
673
725
752
755
834
744
752
758
739
715
671
638
608
604
598
606
584
564
595
1172
756
708
686
647
750
1053
950
882
760
707
694
678
689
666
710
725
715
748
741
693
662
627
595
586
586
684
1023
784
748
813
922
912
810
700
656
643
631
663
700
723
703
675
654
632
604
603
604
616
604
598
580
562
559
572
673
715
747
821
857
795
685
645
638
688
1098
864
771
879
1007
977
813
837
930
992
957
898
762
750
872
797
895
982
935
843
726
675
670
729
1157
953
815
799
842
953
811
821
898
887
753
766
740
714
717
838
1092
894
899
897
800
873
799
934
930
811
693
678
694
707
730
716
766
797
746
706
647
643
639
686
721
804
755
681
647
641
702
1097
885
779
811
838
757
771
789
769
730
773
821
720
763
791
812
731
653
641
658
771
853
837
834
808
696
676
665
647
702
987
961
761
773
755
744
771
831
712
661
690
703
729
733
653
658
631
591
577
565
562
595
624
732
802
786
748
653
623
613
612
658
707
688
689
731
784
793
720
689
675
668
643
645
663
701
720
695
728
749
706
713
670
645
656
662
669
704
761
854
805
708
643
620
609
648
870
828
883
892
777
742
721
678
685
677
701
769
687
642
631
667
1166
947
779
781
809
871
763
759
778
739
754
786
797
706
662
637
654
732
871
873
802
749
688
643
625
627
630
652
668
680
672
651
639
621
602
589
575
559
557
552
601
879
824
793
755
709
678
647
634
619
606
600
600
594
577
565
559
549
574
816
778
749
684
624
599
575
563
570
618
719
772
775
847
907
849
756
646
618
601
604
646
818
846
823
753
656
634
626
667
658
674
680
751
757
729
646
608
589
574
624
778
865
797
761
714
685
659
629
612
615
633
649
664
609
615
597
618
675
731
693
704
735
786
784
759
685
625
611
592
627
787
700
826
1001
941
868
788
717
672
686
723
729
707
631
634
626
625
677
718
723
793
780
761
707
647
639
625
622
650
683
703
837
957
967
906
854
792
745
728
709
700
693
693
699
700
662
677
697
739
737
741
751
780
704
732
747
808
801
728
770
818
793
804
774
719
675
703
788
933
789
835
823
734
708
828
805
789
775
778
809
765
784
856
847
764
803
774
756
892
976
839
889
789
752
776
810
740
747
779
765
762
825
849
844
727
685
682
741
773
761
762
773
786
818
766
676
673
690
784
1074
925
780
755
783
767
781
1022
1053
924
799
801
837
873
810
699
698
808
1055
872
889
960
896
816
842
801
703
695
717
710
728
793
825
827
775
681
664
665
680
729
768
832
822
782
741
729
742
802
727
723
669
678
683
722
741
729
673
674
661
645
628
644
668
687
671
694
743
780
764
744
724
670
658
651
658
631
598
598
617
686
874
845
736
718
692
663
660
670
701
688
730
784
814
730
709
729
739
744
718
675
682
646
658
668
679
661
637
643
688
1010
939
769
734
725
725
729
730
714
662
650
691
803
813
746
706
682
662
639
658
741
924
871
774
769
753
681
674
709
911
961
879
895
863
771
733
726
743
707
703
761
912
968
797
741
729
721
698
719
697
699
749
799
688
673
680
732
920
880
848
817
741
730
735
753
795
830
839
850
760
726
740
776
800
764
806
852
772
719
735
806
803
803
842
875
781
792
802
777
729
753
755
742
810
875
808
845
844
814
741
717
698
693
668
688
683
647
663
768
749
679
657
656
711
885
899
755
767
807
843
798
749
708
657
661
681
825
776
770
765
719
818
848
808
751
648
602
595
569
556
560
578
568
562
551
538
531
525
516
507
505
503
499
492
487
482
477
475
472
467
464
460
458
452
451
450
462
516
620
661
639
643
613
633
664
670
637
615
631
634
631
619
629
694
773
702
667
649
641
612
598
596
616
578
558
568
569
577
641
760
845
819
695
653
637
640
617
614
644
1092
865
730
699
715
761
726
728
694
684
686
711
700
726
723
683
638
605
622
666
740
781
771
771
731
683
659
642
648
646
641
635
620
723
805
798
754
700
640
604
588
600
706
922
799
726
661
608
595
593
700
1083
846
695
631
615
603
616
742
1073
928
864
807
761
744
742
728
702
688
673
660
683
736
730
667
639
643
646
661
674
713
766
797
772
731
705
696
729
720
701
665
675
701
817
877
789
726
736
778
776
770
731
672
621
613
677
777
743
714
664
630
613
632
677
736
775
725
658
621
604
616
661
778
803
771
715
661
617
591
588
626
764
800
752
701
668
629
597
580
579
615
790
768
683
624
599
582
562
559
582
635
744
740
744
704
673
642
607
595
614
696
941
893
795
679
637
641
670
711
703
658
618
605
605
621
645
645
614
602
588
568
568
562
546
546
543
528
531
532
532
532
528
531
528
537
538
536
540
543
543
538
531
529
523
528
533
543
547
544
538
531
526
516
508
498
494
496
505
528
552
557
551
544
553
570
582
582
578
572
572
580
587
606
610
594
589
577
563
540
524
514
513
510
518
532
559
617
621
620
602
585
570
548
533
527
535
548
589
620
631
610
603
606
586
564
542
535
533
571
683
667
605
602
598
584
589
586
577
586
584
577
576
573
557
550
535
518
516
511
495
490
494
492
483
477
471
477
471
463
459
454
458
458
455
447
442
443
447
457
462
461
455
452
450
450
452
451
449
443
441
441
443
445
440
438
440
439
446
450
454
458
451
450
447
446
446
444
440
436
434
434
436
439
441
442
441
438
435
434
431
435
430
427
425
422
420
418
421
419
420
422
425
425
423
421
421
419
414
413
409
409
408
411
412
413
416
414
413
412
410
411
411
410
408
408
411
411
410
408
411
405
401
402
402
400
404
401
404
403
408
406
408
404
404
399
401
401
401
400
401
402
406
407
404
407
401
401
398
397
399
401
398
399
402
401
396
396
396
397
396
398
398
396
395
395
391
395
394
396
396
397
397
400
399
397
396
397
395
396
395
396
397
397
394
393
393
394
395
394
396
396
399
396
399
396
398
396
397
394
399
396
393
393
391
392
392
389
389
388
385
387
384
383
387
384
387
387
388
385
385
385
385
385
387
388
391
393
397
393
392
390
391
389
392
389
391
393
394
389
390
387
390
387
390
389
393
391
393
389
394
391
394
396
396
394
393
394
394
391
394
391
390
389
391
386
391
387
386
383
387
386
385
385
388
384
387
386
387
386
385
384
386
384
383
385
385
385
388
389
391
389
391
391
392
391
391
389
391
393
393
393
392
391
393
393
393
394
393
393
394
393
393
395
396
391
391
390
392
387
389
388
387
384
387
384
387
385
387
383
387
387
387
387
389
387
392
390
391
388
392
389
393
389
390
389
392
392
396
390
393
394
396
389
393
392
390
388
392
390
391
389
392
387
390
386
386
385
388
385
386
384
384
382
385
385
385
382
382
384
385
384
384
385
383
383
382
384
383
385
383
381
382
385
383
382
379
378
378
383
381
382
380
378
377
378
377
378
375
376
372
376
371
375
373
374
374
374
375
378
382
382
380
380
385
384
386
386
383
384
390
386
388
384
386
384
386
383
382
383
385
384
381
379
382
379
379
377
377
378
376
373
376
373
375
373
377
375
377
379
381
379
378
381
382
383
382
386
385
387
383
384
382
383
376
377
380
380
378
379
378
374
371
373
374
371
371
373
369
371
373
374
377
375
376
377
379
379
381
380
383
381
380
379
380
379
379
377
377
378
374
372
371
369
371
369
369
370
373
374
374
378
378
381
382
384
386
383
383
389
385
387
385
386
382
387
386
387
386
386
384
383
383
386
385
384
381
379
381
383
380
380
377
375
375
377
373
379
371
373
373
376
376
377
379
379
379
382
381
380
381
378
377
374
378
376
378
374
372
370
372
370
373
364
367
368
371
369
372
371
374
377
379
377
375
382
381
382
380
380
380
384
380
377
376
378
376
375
375
378
376
374
373
373
375
372
372
373
370
373
373
374
374
373
375
374
373
371
371
371
376
374
374
373
372
373
374
371
373
368
369
367
372
371
372
372
373
377
379
382
381
379
377
384
381
383
382
381
380
385
383
383
380
379
380
380
379
377
373
378
378
377
372
371
374
373
372
370
369
370
370
370
368
371
371
376
373
371
374
376
377
374
375
375
372
375
375
373
370
374
373
369
372
368
373
372
372
371
373
374
376
380
381
379
379
383
385
386
382
383
384
388
385
384
384
389
386
386
382
386
383
388
384
385
380
386
382
382
376
376
378
375
377
372
372
374
372
370
372
374
371
368
369
369
368
369
363
371
368
368
367
365
369
369
371
368
369
365
367
367
369
365
365
369
369
368
368
369
370
370
369
367
369
373
368
374
374
368
371
371
373
372
374
372
371
374
375
371
373
376
374
373
375
374
375
378
378
374
379
378
379
381
379
377
377
376
375
374
376
380
376
381
379
381
381
384
384
385
386
391
392
392
396
395
397
398
398
398
403
402
404
407
408
414
414
411
413
414
413
419
430
426
427
423
420
420
425
434
443
461
459
457
452
450
443
441
450
457
472
498
506
500
487
469
463
455
450
440
439
438
452
460
470
470
467
477
486
484
478
476
479
492
502
493
484
479
483
487
482
473
473
474
485
489
487
489
496
501
504
509
518
525
521
518
514
521
510
505
498
496
499
496
497
501
504
505
507
515
514
503
501
503
508
504
505
506
503
499
486
483
479
482
501
518
525
528
519
502
491
486
483
479
479
482
501
512
507
500
493
496
499
503
500
511
517
517
532
549
540
539
546
549
540
545
541
532
527
523
518
510
502
497
500
507
521
540
546
542
526
513
508
507
514
523
529
522
516
509
510
508
502
504
509
524
543
541
534
522
523
525
533
542
549
539
529
518
512
507
505
506
501
496
499
507
508
502
492
493
499
503
519
531
540
538
529
516
503
495
489
491
496
509
524
527
520
514
509
509
519
536
546
547
531
521
507
498
496
500
523
546
550
549
538
525
516
511
516
531
541
532
523
517
509
512
508
509
502
496
498
498
504
504
494
490
489
491
506
518
521
510
499
491
486
481
476
477
481
492
499
493
496
497
505
505
505
511
516
513
512
509
512
508
504
503
498
498
492
490
488
486
488
490
498
503
502
500
494
492
488
485
490
498
504
500
489
483
478
479
477
479
488
491
499
509
529
565
563
542
535
533
534
541
545
540
526
513
509
502
497
498
493
487
493
490
479
476
473
481
479
473
473
470
471
471
471
463
459
463
463
465
465
459
463
458
462
457
450
448
443
439
438
439
434
432
431
427
428
426
430
425
424
421
423
422
424
424
423
425
424
424
423
427
423
422
422
420
419
421
417
417
415
416
415
415
414
414
414
413
413
410
409
407
406
406
407
404
409
411
413
417
415
415
415
413
415
413
415
413
416
416
416
415
415
412
410
409
409
412
413
412
409
408
407
408
405
409
405
410
408
408
407
405
402
404
404
406
407
410
411
411
410
408
406
409
404
404
407
406
406
400
403
402
402
400
403
398
396
392
398
395
395
391
391
387
388
383
381
377
379
379
379
378
378
376
378
376
375
379
379
379
384
389
390
390
389
390
389
391
390
393
392
393
396
395
394
396
395
397
396
399
401
404
408
405
405
403
400
400
399
396
398
398
398
399
400
398
398
396
395
394
394
390
395
396
398
396
396
394
394
396
394
396
393
396
399
397
396
394
395
396
394
392
393
396
396
395
392
392
392
392
391
391
393
391
395
391
389
390
389
388
388
387
389
390
394
391
395
394
393
394
394
393
395
397
399
398
397
396
397
396
396
396
396
397
399
396
396
392
394
388
392
393
394
393
393
391
394
391
394
394
396
395
395
394
396
395
393
395
396
396
396
395
398
396
398
396
394
396
395
394
393
393
395
391
394
388
392
389
390
389
389
390
388
388
389
389
389
388
390
387
393
390
394
396
396
397
400
400
398
399
398
397
401
396
395
396
394
391
392
390
389
391
391
390
392
389
390
386
389
385
387
385
388
388
389
390
393
391
394
395
393
393
397
396
398
396
397
397
398
397
398
396
396
396
396
396
393
394
396
395
393
390
392
393
391
389
391
390
392
390
390
387
391
389
387
385
387
387
389
385
387
389
387
385
389
388
387
389
389
387
387
391
389
389
391
394
390
392
395
395
395
396
398
396
391
392
392
390
390
390
392
388
391
391
391
388
395
392
393
395
397
394
395
396
396
399
397
401
398
398
398
399
398
400
402
401
399
402
398
401
399
403
406
406
408
410
412
414
410
412
415
416
417
413
417
416
417
421
421
424
428
434
436
431
433
432
432
436
437
444
454
453
442
444
451
446
447
446
444
450
448
450
449
447
450
452
457
457
455
447
452
453
448
447
451
451
448
439
439
438
440
439
438
437
439
444
447
452
448
451
456
473
466
460
466
474
484
480
484
473
468
458
448
444
448
457
475
502
519
510
499
494
488
506
517
519
504
503
499
501
494
487
494
497
482
486
479
480
488
487
494
493
491
487
488
489
486
488
492
496
490
484
481
479
482
487
500
509
520
517
514
500
492
488
485
488
496
502
500
496
494
496
487
483
477
476
479
486
501
512
513
508
503
505
512
517
517
500
491
480
474
473
468
467
464
470
479
492
490
488
494
497
507
510
505
502
516
522
518
515
522
518
510
502
502
504
509
517
510
509
505
502
496
492
494
494
496
501
498
502
502
503
500
498
498
501
496
489
484
477
479
485
488
495
500
514
514
524
528
535
526
528
530
523
515
512
507
508
506
500
501
505
501
502
495
494
497
499
495
497
495
497
498
498
499
499
508
501
497
486
479
475
473
474
481
498
506
520
510
512
508
505
498
501
499
497
497
491
488
488
494
499
498
492
493
492
495
496
496
492
492
491
490
483
478
477
471
473
473
476
479
479
485
485
486
479
482
479
481
485
484
482
479
477
469
466
462
463
466
468
468
475
477
474
479
479
481
480
479
477
479
477
474
482
489
501
507
510
514
509
512
505
509
506
494
498
498
498
501
492
491
487
487
487
487
488
490
487
489
492
491
490
488
485
486
489
496
500
504
507
508
502
499
499
493
493
498
498
499
496
492
488
487
486
489
492
492
488
486
489
486
486
483
482
481
479
483
483
482
481
481
483
482
483
492
490
490
490
488
490
487
485
480
479
477
475
475
476
472
473
468
467
470
471
470
471
469
468
471
470
473
474
474
474
471
470
470
471
468
469
466
463
461
462
466
471
476
477
478
475
475
471
474
474
472
472
470
472
472
474
478
480
480
483
482
482
482
481
478
476
475
472
471
469
465
466
466
466
470
470
475
478
475
479
479
480
480
481
481
477
476
473
471
472
470
470
471
469
468
465
461
462
458
458
458
458
458
454
457
453
450
446
445
444
445
446
443
452
448
448
454
454
455
455
456
461
453
451
456
458
461
459
458
459
456
453
454
451
450
453
451
453
449
448
449
452
454
457
460
464
461
457
456
452
452
450
450
454
457
452
452
449
448
451
449
453
452
449
448
445
444
446
440
439
444
444
445
446
442
443
444
448
450
445
449
450
450
455
457
458
459
456
454
453
457
459
453
455
453
450
451
448
452
449
449
447
451
450
447
449
449
447
449
445
443
446
445
450
447
446
445
445
447
444
443
444
438
436
435
431
438
435
430
433
427
435
435
429
429
431
430
431
427
428
429
422
426
429
424
421
421
422
425
425
420
426
429
426
422
422
421
428
422
421
420
421
414
414
413
415
414
413
408
413
411
412
409
411
409
411
409
411
411
412
409
412
410
411
410
411
411
413
415
414
415
413
414
414
417
413
415
414
410
409
410
405
408
410
410
406
406
405
405
403
403
404
404
402
400
397
399
400
400
397
400
396
396
397
396
396
400
395
396
396
397
395
394
393
394
390
390
390
393
389
393
391
392
392
395
394
396
396
398
399
399
401
402
402
402
401
404
400
404
402
400
397
401
396
396
396
396
395
395
396
393
391
394
395
395
397
396
396
396
397
398
395
398
396
395
393
394
391
395
391
392
393
392
392
391
392
393
392
395
392
391
388
392
389
392
392
390
389
394
392
392
391
392
390
391
395
393
392
394
391
391
391
392
390
391
391
388
390
394
391
391
393
391
390
391
389
389
390
388
390
388
393
392
392
392
391
393
396
396
394
392
392
393
394
391
393
393
394
390
389
386
392
387
391
387
388
386
384
383
385
383
383
381
377
379
378
377
377
376
377
376
381
380
381
381
382
386
389
389
388
386
385
386
387
386
386
388
387
388
386
388
388
387
383
388
386
388
383
386
381
385
385
385
382
381
381
377
377
378
379
378
376
377
376
377
378
381
380
380
380
378
379
380
383
383
381
381
380
381
384
382
381
378
382
380
380
377
376
375
378
372
374
373
374
371
371
371
372
370
371
370
373
371
369
372
372
375
375
373
374
377
376
378
377
375
372
375
373
373
369
368
368
372
368
368
367
367
369
368
372
370
372
371
370
367
368
368
367
366
367
362
363
362
361
362
363
364
363
365
362
362
363
364
362
364
357
362
360
361
360
358
364
359
360
357
359
359
362
357
360
356
358
360
358
362
362
362
362
362
362
360
362
360
359
361
358
360
362
361
363
360
364
365
365
365
365
364
363
359
363
360
361
360
359
361
363
363
360
363
366
366
362
363
361
359
359
362
358
357
358
356
357
358
361
359
359
360
360
356
357
356
359
357
358
359
357
360
358
362
359
361
359
358
355
359
357
355
355
354
358
359
358
358
360
359
358
357
358
356
356
354
357
355
357
356
354
355
358
358
356
358
355
356
354
355
357
358
357
357
360
357
358
354
357
355
357
357
352
354
354
357
359
357
357
356
359
359
360
356
356
356
357
354
357
357
357
354
357
357
358
356
358
352
354
353
354
353
354
354
353
356
356
359
356
355
353
353
356
354
352
351
349
350
354
352
352
350
350
353
351
351
351
347
346
351
349
351
349
349
347
348
352
348
349
343
348
347
347
346
350
347
348
345
347
347
348
344
346
347
344
348
347
347
344
346
343
346
346
345
348
347
347
345
350
348
349
344
346
344
343
347
345
347
344
344
342
344
344
347
342
341
343
344
347
345
345
343
343
345
346
340
343
344
342
344
342
345
341
345
342
341
344
347
343
342
343
341
344
345
342
341
346
342
344
341
341
341
342
345
342
341
341
342
342
342
339
339
339
341
343
342
340
339
343
341
343
343
341
341
342
341
343
327
353
344
340
340
338
342
340
339
338
342
341
337
340
338
340
342
343
342
340
341
342
346
337
341
340
339
342
339
338
338
343
338
337
338
341
337
337
337
333
339
338
336
335
336
336
335
336
337
334
332
338
334
336
334
332
332
330
333
331
334
334
333
332
329
333
331
333
334
333
333
334
328
330
333
334
335
332
335
329
334
331
329
334
331
332
329
331
334
334
332
329
331
328
334
332
333
330
333
329
331
331
333
329
329
331
333
335
328
326
331
331
333
330
328
329
331
328
327
329
330
332
329
329
327
332
329
329
327
325
330
332
326
327
332
327
325
330
328
329
326
327
331
333
327
326
326
328
329
330
326
327
333
327
327
327
325
329
331
328
331
326
326
327
330
329
326
325
331
328
326
327
326
329
329
329
327
326
326
328
329
327
326
325
324
328
330
326
324
326
325
325
327
329
326
327
323
323
330
326
327
325
325
327
327
324
325
324
323
327
327
326
320
321
328
326
325
322
323
325
328
323
321
323
324
325
325
320
324
329
322
324
322
321
322
327
322
321
323
324
324
321
321
321
323
325
322
317
324
323
324
324
320
321
328
322
321
323
318
323
326
325
323
320
321
319
324
323
320
318
326
321
321
321
320
321
325
320
320
322
322
322
321
319
321
324
323
318
318
320
321
321
320
319
321
320
320
321
318
318
322
316
321
320
317
319
318
323
638
320
317
316
322
321
320
317
314
324
317
315
316
316
317
318
319
313
318
319
316
316
313
317
320
316
314
313
314
316
313
315
311
314
313
319
313
314
313
312
317
316
318
314
313
311
321
316
313
313
314
318
313
315
312
317
318
316
313
312
316
314
316
317
313
312
315
318
314
313
314
310
316
314
314
309
315
317
315
315
310
313
315
314
313
309
315
314
316
311
316
316
315
311
316
318
313
310
316
315
316
315
313
313
317
314
313
312
313
313
316
311
311
313
314
316
309
309
313
314
313
313
308
308
316
311
310
307
311
312
312
307
306
313
311
310
310
308
306
313
312
310
306
310
313
311
307
307
307
311
312
307
307
307
311
312
306
304
311
312
308
304
304
313
311
307
308
304
310
311
305
306
308
312
309
308
303
309
312
309
306
305
315
308
308
304
308
312
310
306
306
309
309
310
307
306
312
313
300
308
314
305
305
312
312
308
306
309
312
310
307
306
307
310
307
304
308
311
311
310
306
304
312
311
309
305
618
309
307
304
308
309
311
306
306
307
309
310
307
301
310
310
309
305
302
313
309
306
307
302
308
313
305
307
303
308
306
311
306
304
306
308
312
301
304
305
310
309
305
303
305
310
310
306
302
306
313
306
306
304
306
309
306
306
304
306
310
309
306
303
305
313
306
310
303
305
310
308
309
303
301
313
308
308
304
306
308
309
304
302
309
307
310
302
303
309
309
308
303
303
309
308
307
305
302
310
310
307
303
305
306
311
302
303
309
307
312
301
308
309
306
306
303
311
304
304
304
310
307
304
301
308
308
306
303
302
308
308
304
300
306
306
310
298
302
308
306
309
300
301
310
307
304
303
301
306
310
304
302
302
305
309
302
301
305
308
307
304
304
306
305
308
610
298
305
307
306
303
304
312
301
299
309
306
310
298
310
304
306
303
304
309
303
304
301
308
307
305
296
313
302
306
297
308
305
308
299
304
306
306
298
303
307
305
303
301
304
308
298
300
309
304
304
297
306
302
304
300
304
306
301
298
306
304
307
296
302
304
306
304
299
300
305
301
304
297
297
304
304
303
297
297
304
304
301
298
300
302
305
298
297
305
303
301
297
300
303
304
294
304
305
300
296
305
303
300
295
303
304
301
293
305
302
304
297
296
607
298
295
304
301
302
296
297
306
302
296
296
306
301
300
290
609
301
296
303
302
302
295
298
305
303
295
297
303
302
299
294
303
303
299
295
303
300
298
295
304
301
297
293
304
299
302
293
301
301
302
297
299
300
300
293
304
298
300
600
297
295
303
301
298
294
304
301
296
296
604
295
298
303
299
296
300
299
302
293
305
297
295
300
303
304
291
300
300
303
295
300
301
297
295
305
296
303
293
298
303
302
293
600
300
293
299
297
306
294
299
301
300
296
298
299
300
293
307
295
299
301
303
295
300
303
296
296
304
300
293
298
302
302
294
302
296
296
303
298
300
294
305
299
296
301
301
300
292
299
302
296
292
303
298
299
292
304
295
293
302
298
301
597
297
296
298
300
302
291
297
305
292
297
298
301
297
295
306
292
293
300
297
300
288
306
294
298
293
301
302
289
298
302
292
293
299
301
294
296
303
293
291
301
298
299
292
303
296
293
299
299
296
291
298
302
291
291
303
296
296
293
304
293
290
302
296
295
287
306
295
296
295
302
294
291
295
301
299
287
301
294
299
292
300
293
291
301
296
295
293
301
295
292
301
295
294
296
295
303
292
298
294
292
301
299
293
289
301
299
292
298
291
294
297
299
297
591
292
296
301
293
299
294
291
300
300
293
291
301
294
295
296
295
293
299
295
301
293
299
292
292
298
302
287
299
298
295
295
304
293
296
296
293
297
296
295
293
298
297
293
299
590
297
293
293
297
297
291
295
299
295
287
299
293
298
293
294
293
292
296
299
288
298
293
294
293
300
290
290
297
297
293
292
299
290
295
296
293
294
291
292
297
297
294
287
298
290
293
298
291
290
298
292
296
296
292
288
299
292
591
292
288
289
299
293
288
297
298
291
295
292
298
288
298
296
295
293
295
302
295
293
296
303
293
594
299
292
601
298
296
302
296
304
295
600
299
294
306
304
300
298
304
305
299
302
299
306
301
604
305
303
303
307
303
300
303
309
305
301
614
305
917
307
302
308
310
305
305
308
309
305
308
306
311
306
305
621
304
305
621
308
304
311
314
308
307
624
309
307
313
313
619
310
308
627
310
307
313
312
313
309
629
311
313
312
320
310
313
318
315
313
317
317
319
313
320
316
321
315
323
320
319
319
318
326
318
318
320
326
318
642
327
317
652
324
319
652
322
323
654
325
320
333
324
325
325
328
331
327
328
329
331
329
656
334
325
332
330
331
325
332
332
330
330
333
332
332
333
334
337
333
338
333
339
336
335
341
342
336
338
344
337
337
346
339
681
348
340
693
347
344
342
354
346
344
352
350
345
350
353
347
351
351
352
351
349
358
352
352
354
359
352
354
359
355
353
353
361
354
354
354
357
353
357
349
356
354
353
350
359
351
355
351
356
354
353
357
356
356
354
356
357
356
352
357
358
355
356
359
354
358
360
358
360
358
360
359
361
358
362
361
362
357
362
360
720
362
357
360
360
364
361
364
359
365
365
360
364
366
364
365
363
365
368
363
368
363
363
363
366
362
364
369
363
368
366
370
368
371
372
372
371
370
372
370
370
375
748
374
375
376
374
375
372
372
741
372
366
367
369
742
373
369
375
378
377
377
376
382
380
385
382
379
378
380
385
377
380
381
382
381
385
381
383
388
381
384
384
381
384
383
381
386
387
382
385
384
385
382
385
386
384
383
383
388
384
390
390
387
390
388
393
390
395
391
392
391
391
396
393
394
392
396
395
398
394
398
397
394
398
398
394
395
400
396
402
396
397
407
397
400
407
400
403
404
404
403
400
399
406
400
398
401
397
396
400
396
396
398
398
399
396
400
400
399
398
400
399
397
399
401
396
401
400
401
398
401
404
400
404
403
401
397
400
402
398
399
402
404
402
402
410
404
407
412
409
408
410
410
413
412
412
413
414
414
413
415
415
412
415
414
412
414
412
415
418
412
412
419
414
416
416
419
416
416
417
417
413
420
418
422
418
418
421
424
422
419
418
426
420
418
418
419
419
419
415
416
417
414
414
419
418
420
418
420
420
421
419
421
425
425
419
421
426
418
417
420
420
421
415
419
422
419
422
419
422
420
418
419
419
420
425
420
420
421
423
425
424
428
431
427
428
426
427
424
419
428
422
417
421
427
421
422
420
426
428
417
422
419
425
423
414
420
420
416
420
420
421
424
420
420
426
427
421
425
426
434
428
427
428
429
423
425
421
421
416
420
419
422
419
422
422
424
424
426
424
424
430
429
429
429
433
430
428
429
427
430
429
425
427
432
435
430
434
437
435
433
434
441
436
441
435
441
439
442
440
438
438
440
438
438
432
435
438
433
433
431
437
436
430
434
431
434
435
433
431
436
440
432
434
433
435
434
436
432
433
433
432
433
435
435
437
436
435
437
438
433
430
428
429
430
429
429
429
431
432
430
432
431
438
430
432
437
438
437
433
435
437
439
435
438
438
437
435
438
438
437
437
439
439
438
437
434
428
430
431
429
427
429
431
432
433
433
438
440
438
442
439
442
446
440
442
440
442
442
440
443
439
442
446
440
441
443
441
445
445
440
444
444
446
444
446
444
444
448
443
444
442
443
447
446
440
444
444
445
444
442
445
446
447
445
443
440
444
442
449
440
446
444
449
444
446
445
444
445
443
440
443
440
443
442
444
445
445
447
449
448
447
445
448
444
442
438
442
442
442
437
443
442
447
442
442
441
447
446
445
447
445
449
452
447
450
453
449
453
453
450
453
452
449
453
456
450
452
451
452
455
457
449
453
452
457
453
453
457
454
454
457
457
457
454
457
458
457
454
453
456
454
457
460
453
456
456
454
459
456
457
449
452
458
456
454
457
452
457
459
454
458
464
456
458
463
461
461
460
458
461
462
457
461
460
457
457
460
466
457
461
461
459
463
465
457
461
459
458
458
461
460
458
458
461
460
455
452
454
450
452
454
456
453
452
452
460
456
457
458
457
460
462
462
459
460
461
462
458
458
459
456
453
454
449
450
448
448
450
449
450
450
447
450
451
446
443
443
448
447
447
449
447
453
454
453
451
452
456
456
453
461
456
460
459
458
463
467
460
462
465
465
463
463
463
460
462
465
466
461
463
462
461
466
464
461
464
462
461
464
471
462
462
466
462
466
468
463
460
461
461
461
461
462
459
462
462
463
462
465
461
462
462
461
465
465
460
459
461
465
460
462
465
460
459
466
461
460
458
459
458
460
459
461
456
459
459
458
460
460
457
455
458
463
456
458
459
457
462
460
461
460
460
458
460
462
465
457
462
460
462
461
465
459
460
463
465
468
470
464
467
468
472
469
472
469
468
470
473
471
469
468
468
469
462
468
467
464
468
468
463
464
471
466
461
465
461
462
461
462
464
467
464
463
467
468
470
465
465
465
464
466
470
465
464
465
467
465
466
473
466
467
469
467
470
469
468
466
464
464
464
465
465
463
460
460
460
466
463
461
456
456
457
456
460
451
453
454
457
462
456
457
455
459
462
464
461
457
458
462
464
466
465
464
466
470
466
467
468
466
464
464
464
468
461
462
463
464
465
465
465
465
463
462
463
463
468
464
461
461
466
471
465
463
466
467
468
468
468
470
466
465
463
466
470
466
464
464
464
466
466
462
466
467
461
461
462
465
469
461
463
464
467
467
464
462
458
456
456
456
454
454
451
454
453
456
458
455
453
457
458
460
456
456
459
458
456
457
457
454
454
459
458
461
458
457
458
469
461
460
461
461
464
462
459
459
463
458
459
463
464
465
461
463
467
473
467
465
468
471
468
470
472
474
465
468
471
469
468
470
474
464
464
464
469
468
466
465
463
462
467
466
467
468
466
467
469
472
473
469
469
471
470
471
471
472
468
466
469
476
472
472
472
478
473
476
478
477
474
474
474
473
473
474
476
473
466
468
469
469
469
467
467
469
463
465
465
473
464
464
462
463
468
469
467
465
465
468
467
470
471
468
464
467
466
467
467
465
466
469
465
467
470
466
465
466
466
463
465
467
471
461
464
464
466
473
469
467
465
467
470
469
468
471
476
466
467
473
470
470
470
470
464
465
472
469
469
467
466
468
470
468
470
471
468
468
468
473
472
473
468
468
468
470
470
467
468
464
464
464
465
467
471
463
465
467
469
473
473
470
465
463
463
464
461
459
463
465
461
466
469
465
461
464
465
462
466
467
463
460
461
464
463
465
464
466
468
462
464
468
467
467
465
463
465
470
466
462
464
462
463
463
463
465
469
464
464
470
470
469
473
469
473
473
463
470
462
460
466
928
457
458
461
455
456
453
449
448
448
450
448
450
449
449
453
451
456
456
451
462
451
459
454
456
453
452
452
453
449
449
447
446
445
445
447
446
443
446
441
442
444
438
441
440
440
440
448
445
448
449
450
448
447
449
444
449
442
447
442
440
439
439
438
439
437
434
436
438
433
435
438
433
435
438
436
437
438
436
438
435
435
439
434
441
445
446
450
450
452
455
459
463
460
463
463
463
463
462
466
463
463
462
463
460
460
456
456
454
453
453
452
454
453
453
1365
453
455
452
455
459
460
459
459
458
457
457
459
461
460
460
459
456
455
454
452
451
450
448
449
444
444
443
447
446
454
450
455
454
456
456
458
462
465
469
467
469
467
468
468
468
467
470
471
476
478
481
481
486
491
495
497
495
493
490
487
485
487
490
492
496
496
500
502
508
507
509
517
520
519
521
521
521
516
518
516
519
519
517
519
528
529
527
525
529
525
523
522
524
523
519
520
523
523
519
517
524
524
522
519
519
519
522
528
523
521
517
513
508
505
500
497
494
493
498
506
509
508
508
509
514
513
512
512
506
506
502
500
504
512
512
514
513
516
525
531
529
527
530
533
529
522
524
525
523
518
520
523
522
521
516
519
525
532
534
537
542
547
545
540
537
537
538
534
530
524
518
517
523
532
536
532
531
531
528
521
521
522
524
523
521
519
520
530
530
526
528
527
534
530
525
525
521
523
526
525
520
521
521
525
524
520
516
517
520
522
522
518
524
523
529
534
540
543
536
534
528
522
519
513
515
521
528
529
525
527
532
539
537
533
534
540
547
548
544
540
537
539
545
550
548
544
542
544
548
549
546
539
543
547
546
544
537
537
539
537
535
529
531
537
538
538
537
544
554
552
551
550
550
552
548
542
545
544
545
543
539
539
540
544
543
542
541
545
551
556
553
549
551
551
550
543
539
532
524
521
521
526
530
533
530
534
539
546
546
543
547
549
543
538
532
533
531
530
523
526
535
539
537
541
545
543
537
540
538
533
525
529
529
528
525
521
521
522
522
520
524
532
536
528
532
531
526
521
521
520
517
515
512
506
502
496
490
482
478
472
469
469
467
468
471
538
622
790
685
645
625
618
602
574
550
535
524
519
515
511
509
508
510
514
513
516
515
512
505
493
490
486
482
483
478
478
482
488
489
482
486
490
489
489
493
492
494
492
497
496
494
489
487
487
492
497
498
496
492
483
479
479
483
485
481
485
491
492
500
508
510
507
511
514
522
522
522
521
517
507
505
501
501
496
498
489
493
497
502
498
494
983
496
504
503
504
500
496
494
493
493
493
491
486
482
481
490
497
504
515
539
554
550
545
533
521
512
500
493
482
474
474
470
469
467
466
476
524
680
771
719
669
629
591
563
542
524
508
494
487
481
474
469
475
486
499
510
501
520
544
592
589
590
567
563
552
544
532
514
504
497
490
484
479
478
476
473
466
470
488
535
596
614
577
557
545
543
544
549
550
558
551
554
539
532
523
516
509
504
501
495
490
487
486
487
502
550
617
647
625
604
582
565
554
542
531
524
514
509
501
490
490
501
498
505
509
515
518
510
509
508
498
498
498
499
502
503
508
502
502
498
495
488
490
494
500
515
524
517
525
522
524
519
502
504
498
491
486
481
476
470
463
459
449
447
448
451
454
458
461
461
463
459
460
458
458
455
451
444
448
444
439
438
447
460
464
466
473
470
471
474
473
474
480
479
485
487
490
491
494
504
508
508
509
514
515
513
1488
490
479
480
468
466
461
456
455
451
453
460
471
486
510
527
563
554
555
536
521
511
500
491
488
476
473
466
456
461
456
449
449
445
446
469
485
486
500
546
564
555
537
521
517
511
500
494
488
483
483
469
469
915
457
455
447
451
448
445
451
455
460
463
470
479
483
489
488
489
484
479
481
483
490
505
531
526
522
519
521
520
521
521
522
517
512
500
500
484
481
473
473
472
469
460
458
461
459
461
462
453
453
449
448
441
448
442
444
441
434
436
853
422
424
427
423
422
413
415
417
416
418
426
427
441
462
483
487
484
479
466
446
452
445
449
439
438
436
433
433
430
431
424
424
421
418
411
413
407
407
414
426
427
447
436
458
465
476
469
478
471
463
466
460
461
458
459
456
456
455
453
447
452
446
448
445
445
444
442
442
439
439
442
438
439
441
441
444
454
465
467
474
485
497
500
501
503
497
491
484
481
480
478
475
474
477
474
476
480
475
478
479
479
477
477
480
479
483
488
497
497
498
498
507
509
506
506
505
505
509
507
506
508
513
528
530
530
530
534
531
538
530
524
520
511
506
500
498
497
495
496
494
495
497
505
501
515
515
516
516
514
522
524
528
526
526
527
519
520
516
516
518
518
521
525
531
538
540
543
542
541
539
531
522
519
519
520
521
522
516
514
506
508
512
520
530
530
529
545
551
551
553
554
547
538
532
526
521
518
517
517
521
539
555
567
563
558
555
558
549
558
558
558
553
546
542
528
510
509
501
499
495
492
489
485
481
479
479
479
483
479
489
503
513
520
521
523
519
517
512
506
493
494
492
492
493
495
498
502
509
505
505
506
509
516
546
541
540
539
537
532
527
528
524
525
528
529
531
527
525
522
523
524
521
519
518
517
518
524
533
537
536
538
540
547
558
563
559
559
562
565
561
554
551
548
553
559
563
560
559
560
562
554
552
554
559
566
563
563
563
564
567
567
563
559
560
551
548
544
548
551
550
547
555
552
551
548
538
545
546
545
546
541
537
531
526
521
519
515
515
516
525
543
542
535
538
555
575
577
572
584
600
591
580
580
578
576
571
565
559
545
535
530
526
522
528
542
561
579
585
586
580
570
559
564
555
553
550
544
543
535
528
523
518
514
511
508
508
509
511
518
521
524
523
521
519
517
516
517
529
544
559
573
579
572
569
560
547
537
529
523
520
516
514
512
507
503
505
505
513
545
607
580
602
628
644
618
604
596
592
585
569
559
548
539
533
530
530
527
528
529
533
542
544
544
543
544
548
541
533
541
540
540
540
533
532
525
520