1114
1079
1067
1112
1144
1152
1137
1196
1208
1122
1103
1220
1207
1141
1125
1207
1238
1214
1200
1232
1234
1198
1212
1089
905
876
1324
1185
1179
1189
1167
1143
1151
1135
1109
1044
1199
1216
1107
1220
1201
1194
1299
1270
1284
1250
1289
1326
1232
1328
1324
1309
1202
1286
1294
1251
1269
1098
1529
1148
1438
1243
1252
1307
1193
1139
1083
922
881
909
1067
965
894
937
1028
989
1022
1240
1257
1216
1104
1047
1085
1062
1278
985
1176
1310
1245
1177
1211
1219
1206
1227
1200
1229
1233
1262
1229
1087
1207
1290
1158
1190
1303
1133
1220
1275
1166
1219
1199
1174
1220
1135
1276
1214
1269
1249
1210
1292
1181
1247
1248
1242
1275
1148
1263
1126
1240
1201
1249
1246
1230
1163
1245
1295
1216
1274
1200
1232
1319
1235
1220
1301
1240
1193
1116
986
1195
966
1052
1006
1027
964
852
775
812
808
935
1055
960
936
909
912
890
828
764
766
787
969
978
1038
964
936
884
868
812
760
724
711
790
985
1070
995
983
996
994
964
898
790
743
726
871
912
1042
991
1090
1006
1068
1030
1000
1039
1031
1036
1057
1021
1064
1025
1013
1044
974
963
1003
878
880
1047
951
950
1099
982
1077
1020
1137
1061
1117
1118
1154
1067
1104
1115
1104
999
857
828
913
1272
1342
1210
1138
1125
1104
1110
1139
1087
1043
1083
1172
1031
1221
1104
1127
988
895
964
965
974
979
975
1020
919
896
439
349
4991
2395
1849
496