877
940
947
945
861
766
736
948
1031
1025
1000
958
933
937
916
878
895
906
913
896
905
886
847
818
777
776
778
823
877
920
934
895
954
973
960
942
938
897
877
851
839
843
854
830
865
855
854
813
769
798
798
856
940
903
955
916
957
927
910
912
890
864
833
829
825
811
812
806
754
735
748
806
810
757
700
676
865
980
960
869
819
890
888
872
873
842
835
837
815
769
805
859
909
908
833
793
808
794
807
820
817
815
825
816
812
812
792
793
864
919
925
903
907
896
880
847
894
904
902
893
900
850
776
777
748
776
795
807
805
778
823
827
823
735
722
688
662
681
693
766
862
888
879
864
804
756
733
729
709
738
814
874
922
876
865
830
784
734
667
646
656
726
796
799
806
825
841
833
780
783
795
816
821
753
750
747
714
675
718
755
854
844
827
903
916
892
840
854
853
855
830
828
809
797
805
795
783
823
845
836
843
849
818
757
757
765
767
705
708
735
721
826
910
941
943
928
886
884
910
895
885
891
830
800
822
792
833
830
801
854
885
899
887
867
864
793
846
906
945
950
919
824
784
768
786
822
837
875
854
893
899
806
828
827
894
943
946
904
841
769
724
696
676
711
797
813
822
811
790
736
711
764
841
817
837
868
845
841
854
869
803
840
831
878
885
865
844
841
816
795
800
758
785
760
719
794
804
843
897
880
888
816
794
769
779
812
832
899
877
885
869
793
793
796
793
779
763
758
743
730
711
701
720
717
703
738
719
768
813
847
824
776
721
690
692
684
728
794
857
855
850
834
811
801
791
766
837
909
935
934
936
906
906
854
844
872
860
839
830
805
780
720
706
670
698
795
904
940
923
924
902
901
894
863
828
845
785
847
901
778
724
793
825
814
843
851
842
855
858
862
849
841
820
762
744
777
807
837
829
857
845
845
736
741
771
818
869
869
875
854
854
817
822
805
798
741
696
702
713
668
653
688
800
843
853
872
911
876
867
843
780
784
799
801
783
734
727
752
802
817
815
835
829
816
844
867
896
893
837
812
758
758
813
802
829
835
850
802
838
810
858
876
816
723
735
766
805
819
771
737
746
772
852
886
900
879
917
917
869
871
872
829
868
871
820
853
781
854
875
845
872
854
847
871
877
885
840
766
755
733
753
784
765
752
734
765
802
720
712
703
718
728
712
675
659
646
640
635
624
623
624
629
621
625
683
752
799
803
802
744
698
705
684
705
764
816
806
799
772
741
738
761
766
826
844
896
891
898
809
829
785
760
768
778
728
730
689
700
734
791
818
814
807
830
816
801
808
813
818
784
770
797
807
805
781
820
857
886
887
880
819
835
777
721
764
804
879
891
826
805
823
888
881
818
824
802
727
722
733
753
793
832
870
885
895
846
844
832
765
814
905
908
858
831
765
760
716
687
729
852
916
774
691
829
864
844
883
852
841
815
797
781
776
775
1438
729
741
770
749
771
796
752
774
751
775
777
793
786
775
746
679
683
716
796
908
854
901
844
815
822
848
840
839
827
834
826
809
811
840
847
825
869
839
851
825
835
854
794
708
689
681
847
883
883
845
864
905
910
841
849
837
872
846
844
844
757
681
682
876
955
973
890
833
819
802
809
821
813
816
832
799
778
749
751
768
771
693
704
797
918
901
884
882
868
794
776
722
710
693
716
751
847
857
889
891
832
879
883
852
857
784
775
775
787
754
750
729
688
703
739
729
763
808
698
663
685
673
662
648
649
643
620
599
602
592
589
590
594
594
597
604
596
597
611
600
595
593
592
586
601
604
592
596
620
658
645
632
654
700
706
790
822
755
734
714
774
863
869
864
858
875
831
820
821
833
855
763
729
712
709
651
652
725
778
825
888
884
885
915
878
894
882
828
785
771
769
804
854
825
733
656
633
605
594
611
670
968
925
820
837
901
837
791
804
774
758
784
777
783
841
753
710
701
674
681
713
718
688
709
740
738
651
640
629
618
596
601
614
617
629
652
642
637
633
585
569
558
562
571
606
631
599
600
603
601
605
606
652
681
700
615
683
730
759
788
849
790
742
720
671
643
629
636
629
604
660
710
685
823
749
722
683
642
619
613
600
572
583
613
639
846
837
788
792
724
689
642
609
641
661
620
609
574
604
634
637
647
658
632
628
641
617
607
610
651
651
733
776
791
843
797
818
832
818
854
823
795
805
758
768
749
704
727
735
707
735
771
762
789
790
765
772
785
752
743
708
680
673
660
648
676
662
657
697
712
794
754
814
758
753
738
708
725
742
733
745
762
735
736
782
754
769
735
700
706
646
638
641
677
673
702
670
758
770
708
762
780
787
748
785
766
701
667
660
626
674
746
775
788
822
837
817
816
704
646
693
703
759
628
881
698
674
646
616
644
648
669
724
745
741
727
697
657
632
622
632
655
680
707
730
710
753
792
802
777
815
843
860
830
790
778
735
744
767
773
832
921
859
884
898
883
787
766
720
672
643
629
678
748
821
854
854
877
833
818
807
798
795
793
821
871
896
878
861
795
754
731
696
668
639
645
701
786
766
862
994
967
938
884
889
885
827
832
772
792
773
929
857
772
800
923
925
896
851
809
742
723
716
755
800
800
882
856
845
853
810
758
714
715
720
737
762
760
722
715
689
674
660
664
656
683
720
753
702
730
755
712
666
669
649
614
587
580
724
790
736
672
619
605
605
597
588
592
573
570
558
540
535
534
538
548
548
539
525
522
520
518
536
588
689
698
635
588
586
659
724
713
650
612
597
594
326
838
563
552
559
604
646
694
669
646
615
601
623
655
713
654
632
636
653
633
627
670
706
742
780
785
786
787
746
696
668
651
648
641
637
667
734
785
732
721
651
625
614
596
582
1169
570
576
551
552
547
537
533
533
538
521
523
518
511
510
504
501
500
502
490
491
984
484
480
476
486
475
473
472
480
482
483
487
496
491
494
490
505
495
501
491
501
484
488
479
481
470
472
474
472
471
468
478
463
939
471
467
465
474
473
476
481
477
479
474
481
471
963
484
478
478
481
466
465
459
458
457
446
453
455
447
451
446
445
448
445
441
446
447
436
439
443
435
437
872
435
424
435
427
431
862
427
434
437
432
431
431
438
438
437
440
431
434
440
438
433
436
434
430
434
438
434
434
428
441
428
431
432
428
425
427
430
430
425
423
436
434
438
442
438
438
443
453
440
445
445
440
446
440
434
436
432
434
434
864
425
429
432
438
428
433
429
428
428
431
435
425
427
430
436
431
434
864
431
438
440
430
433
434
436
429
428
428
424
427
865
428
430
437
436
440
440
437
438
438
441
429
436
432
432
435
436
440
434
874
428
433
433
437
426
429
430
428
425
848
419
418
421
413
417
413
416
414
413
408
410
413
416
412
411
408
412
417
412
411
410
411
418
429
413
418
415
420
419
415
417
410
422
412
417
413
826
411
412
418
417
415
413
414
418
428
416
419
412
425
421
419
418
833
413
415
421
413
417
412
412
412
412
408
409
413
412
414
407
408
408
409
415
406
411
405
419
414
410
410
408
422
415
414
412
822
409
414
856
416
419
844
419
419
418
831
408
412
408
414
405
408
405
410
414
406
408
404
410
413
407
404
408
410
412
402
407
407
414
411
410
409
411
412
422
410
413
412
426
414
418
419
419
413
413
412
420
418
411
413
416
420
416
413
413
836
414
416
415
837
410
416
413
831
412
418
417
422
415
420
416
419
415
413
417
840
415
419
419
422
430
419
424
422
427
422
426
419
422
414
418
415
416
416
409
411
416
836
412
415
413
418
408
406
405
403
815
400
404
404
401
411
402
405
411
827
409
409
409
410
415
408
411
416
834
413
419
419
843
418
418
423
419
412
414
418
418
422
411
417
412
423
422
415
419
837
411
418
414
415
416
413
415
414
832
415
416
421
428
417
424
421
427
424
420
422
418
430
420
421
418
417
428
423
424
424
418
427
422
427
426
425
420
426
854
431
420
422
415
422
415
419
424
424
419
419
418
418
425
414
415
413
416
421
416
419
420
422
417
416
422
419
432
425
425
426
852
419
422
423
420
413
412
415
409
822
408
404
411
406
412
409
404
404
404
405
810
401
396
399
396
402
406
398
396
400
401
402
408
404
400
403
405
413
421
409
411
410
412
422
410
413
412
415
415
408
409
411
413
411
407
408
406
406
813
404
397
399
397
397
802
399
392
395
393
398
402
394
396
400
406
410
401
400
405
408
405
409
402
403
402
400
403
402
401
399
398
404
394
405
406
397
401
404
411
405
406
413
414
406
409
406
412
417
402
405
405
406
408
401
400
402
402
402
405
402
396
396
396
397
396
400
395
393
396
398
397
403
401
397
401
400
401
404
404
400
403
402
405
412
405
406
410
412
412
409
415
419
417
416
414
416
418
416
413
408
412
419
422
422
417
418
420
429
442
467
468
465
453
448
440
439
455
492
511
508
494
479
463
463
474
510
530
534
511
513
553
598
593
540
510
502
508
528
521
506
498
510
534
521
532
554
534
551
585
557
581
594
555
565
559
537
520
525
599
604
578
552
531
521
503
496
496
493
498
525
554
531
517
531
537
526
535
573
546
588
596
564
570
584
547
556
556
538
551
585
582
562
565
574
595
574
572
590
603
586
567
574
617
838
779
697
619
594
577
580
589
605
665
710
677
662
640
607
601
609
619
616
601
575
551
524
508
505
527
661
817
715
643
638
642
620
609
626
613
607
625
657
652
614
600
587
587
563
567
589
607
636
786
303
268
679
680
658
652
609
591
593
588
576
591
605
595
608
878
760
729
698
703
686
654
657
674
659
672
687
650
620
617
626
624
591
577
566
606
667
743
722
692
664
642
615
607
615
621
641
619
621
608
583
575
567
618
676
731
695
640
634
704
735
716
644
599
578
567
560
562
588
611
653
739
715
640
630
780
841
810
728
660
618
598
579
572
567
557
549
539
541
559
623
704
760
704
692
637
609
609
621
600
586
591
616
606
590
593
599
600
609
616
597
604
620
611
604
602
603
586
599
601
597
602
614
578
566
566
579
571
575
582
605
723
745
690
704
681
665
676
604
582
552
530
527
514
514
522
527
521
542
534
541
552
561
537
542
543
531
529
516
506
500
491
500
489
494
498
495
491
481
487
480
473
476
471
465
467
458
453
454
452
444
446
443
441
437
437
441
441
431
435
432
437
428
432
433
438
428
433
435
444
435
443
444
451
439
445
443
450
440
439
451
438
438
439
443
436
437
436
439
435
430
436
440
453
447
444
448
437
439
442
449
437
439
886
435
441
440
444
432
438
437
443
437
439
444
447
440
443
444
449
439
445
448
452
438
442
441
451
437
438
438
442
432
434
432
439
435
429
432
433
439
433
430
430
429
437
427
427
430
432
437
433
441
443
447
445
447
450
442
449
447
441
442
438
434
437
436
436
431
428
438
434
429
430
427
433
424
428
431
431
429
429
433
439
439
436
444
438
438
435
432
438
434
430
436
438
437
441
442
448
442
443
452
438
438
437
438
433
434
438
442
439
442
446
452
443
448
449
453
444
447
453
445
445
446
450
438
442
438
442
434
440
452
449
447
454
463
456
467
457
452
454
468
482
497
489
472
475
468
453
456
446
444
439
442
446
440
438
444
450
449
448
450
464
451
460
470
458
463
467
460
463
468
464
460
461
461
451
453
449
444
444
443
456
445
448
452
455
447
452
457
453
456
459
463
462
926
455
456
462
452
459
456
453
450
454
452
447
450
449
442
442
445
449
440
446
454
449
450
455
457
448
455
457
450
452
448
456
443
442
447
445
434
437
438
440
432
432
433
432
434
430
434
438
437
427
430
433
437
433
430
432
435
436
428
428
429
429
426
423
425
430
429
423
424
424
427
418
420
422
426
419
420
423
430
431
423
424
430
430
434
421
421
419
422
425
414
416
417
418
417
411
408
409
409
409
413
413
405
408
409
416
415
412
410
413
415
414
418
425
415
418
425
424
419
425
423
423
418
422
423
417
416
416
420
421
426
425
421
424
424
431
433
432
438
432
440
440
440
437
443
438
439
443
439
438
437
444
466
478
482
478
474
476
468
462
464
460
456
457
458
461
457
457
466
467
464
463
466
461
459
462
465
459
459
462
471
479
487
487
480
479
479
478
475
485
485
484
481
479
475
475
481
479
482
493
497
492
496
511
509
510
520
504
503
498
493
488
482
479
481
483
478
487
515
520
511
516
521
511
503
502
517
561
562
543
532
519
501
490
479
470
465
468
480
490
492
491
491
495
485
481
484
482
484
486
494
488
480
482
483
485
484
486
490
488
482
480
492
525
544
557
531
529
521
509
503
489
478
484
483
484
491
496
501
525
523
523
525
544
528
518
515
521
522
509
498
493
490
483
478
476
479
470
468
474
475
480
485
489
485
493
497
497
503
510
499
504
510
519
519
508
520
507
505
501
496
496
485
489
490
480
486
495
484
490
497
486
492
489
482
487
488
474
475
476
484
523
519
511
489
489
491
487
491
497
491
509
500
492
494
499
500
493
487
501
493
485
488
491
490
493
486
492
492
488
497
497
485
486
488
481
476
483
481
481
483
490
500
492
491
493
483
488
484
483
483
478
481
487
479
487
494
482
480
483
472
476
478
468
477
481
470
479
488
473
479
481
476
484
482
479
480
486
482
476
471
471
468
464
462
464
467
456
456
461
450
449
451
455
443
447
451
470
505
509
504
497
483
474
468
464
451
457
455
453
460
468
471
479
479
479
485
482
478
483
476
477
483
471
473
479
470
471
477
468
469
471
460
455
453
453
444
447
445
454
444
446
450
449
443
447
447
446
445
444
453
445
451
452
452
445
445
445
442
442
443
452
444
445
447
455
444
450
452
454
450
451
457
447
450
451
454
444
445
445
450
461
476
477
462
458
461
454
459
469
460
462
458
451
447
450
454
448
449
448
457
450
456
456
449
449
456
454
447
452
458
456
457
455
465
462
462
469
462
475
473
462
461
466
456
457
463
455
459
458
458
455
454
458
450
456
455
454
457
452
457
451
453
453
447
451
451
451
443
449
457
457
453
449
456
445
449
451
454
444
450
453
456
457
453
460
453
465
474
466
467
468
461
454
450
450
442
450
453
452
447
451
461
451
455
463
459
462
460
465
463
465
462
455
460
459
451
456
459
456
454
462
455
461
460
455
458
454
452
451
445
456
445
450
453
446
448
453
453
445
450
446
440
440
440
444
435
437
436
437
426
430
432
436
436
436
439
440
441
439
439
444
445
438
440
438
438
436
435
441
438
436
438
439
433
434
430
437
430
429
429
429
430
427
426
432
434
424
428
425
433
429
426
428
425
434
427
432
437
439
435
436
431
438
438
446
453
453
441
440
437
446
438
439
439
441
433
436
434
438
433
433
437
438
438
435
439
440
440
431
431
431
438
431
428
429
429
437
428
433
433
438
436
440
439
448
438
443
450
443
448
454
445
448
447
445
438
440
438
437
436
434
438
434
430
432
428
436
427
430
433
438
438
441
438
440
431
432
430
431
423
421
421
422
424
418
420
421
422
422
412
412
413
418
417
418
415
417
423
429
422
421
423
424
422
425
418
419
418
417
415
409
408
409
407
410
416
407
409
412
416
415
419
414
415
416
413
420
416
415
416
415
425
423
418
420
419
424
422
413
414
416
416
419
412
409
410
410
409
416
412
410
412
410
414
417
413
412
412
415
413
417
416
411
413
415
415
418
419
414
414
417
417
423
417
416
421
416
422
425
416
418
417
422
425
417
414
413
415
411
418
409
411
413
417
412
412
414
414
411
417
412
410
411
407
413
415
405
406
409
409
410
414
414
407
407
411
417
415
415
413
417
417
418
424
417
417
418
417
420
411
411
410
408
412
408
405
408
412
413
410
412
409
411
418
415
416
416
411
413
416
419
414
414
408
408
410
408
412
408
404
406
405
411
412
404
403
406
405
402
407
409
402
404
406
411
412
414
409
413
417
416
416
412
414
414
410
415
412
407
410
405
414
413
405
407
410
411
408
413
403
403
405
400
406
408
402
400
399
400
396
400
401
392
392
391
394
390
393
396
396
393
392
393
394
396
396
398
397
393
394
395
394
396
395
399
391
394
394
396
397
393
391
395
395
396
396
393
391
391
391
394
392
395
393
386
386
388
386
388
385
387
387
382
381
380
378
381
379
382
382
385
383
384
382
383
381
385
385
381
387
388
383
383
379
382
380
383
382
382
381
386
388
382
383
383
385
385
386
387
386
382
382
380
380
383
379
384
382
384
382
379
380
382
383
383
386
386
388
388
381
382
382
387
380
384
382
387
381
377
379
377
380
378
379
378
385
386
385
378
379
380
380
383
380
380
381
379
376
375
376
373
377
373
377
375
377
380
373
374
373
374
373
376
375
375
374
379
380
376
374
375
375
379
376
376
382
384
386
383
384
386
387
390
381
393
392
383
384
384
384
383
383
385
381
383
376
384
386
378
380
377
379
378
380
380
379
379
373
374
373
374
375
377
370
379
376
378
371
372
371
371
372
370
374
372
372
375
370
368
368
369
369
373
368
376
369
374
374
373
369
371
368
372
369
367
371
370
371
370
369
366
364
366
364
365
364
368
364
371
364
368
368
372
366
362
364
361
360
360
360
363
360
359
364
359
360
362
365
361
357
360
357
360
357
359
360
362
358
363
360
360
361
367
364
364
364
366
365
367
366
367
368
366
374
367
370
374
374
370
369
369
370
370
365
370
369
363
362
360
360
361
362
363
360
357
363
360
362
360
359
361
354
357
353
356
353
356
355
360
355
356
353
361
354
358
355
359
357
354
354
353
354
353
352
355
355
716
359
354
356
352
354
352
353
351
354
352
356
352
353
351
356
353
354
354
355
354
351
354
351
352
351
352
355
354
354
353
356
356
354
354
352
349
349
348
348
346
349
349
348
345
351
345
345
347
349
348
345
346
345
346
343
344
344
342
342
343
343
344
345
346
350
349
348
349
348
348
346
349
349
349
350
348
351
347
348
346
347
345
347
347
352
346
349
349
352
349
344
346
344
344
345
349
344
346
344
346
346
349
347
346
347
346
345
342
345
343
347
347
348
350
348
344
351
347
347
347
348
350
343
346
341
343
341
342
342
344
345
344
344
343
341
343
341
343
345
345
346
342
344
341
345
340
342
340
342
339
342
340
340
342
340
344
342
338
342
341
341
340
344
341
342
343
342
339
340
339
344
342
342
345
344
348
348
341
342
342
340
339
340
339
343
340
343
343
342
341
345
342
344
343
341
343
339
340
339
339
339
339
338
342
342
345
337
343
339
341
339
341
340
342
340
341
338
338
338
332
337
335
334
332
334
332
333
332
333
331
333
332
334
332
333
332
333
334
335
332
335
333
333
334
335
334
335
333
336
332
334
333
335
333
332
334
331
331
332
333
334
335
334
335
331
334
334
331
332
331
333
333
334
334
336
335
336
333
335
334
333
329
334
331
331
331
332
330
330
329
332
333
332
332
333
330
331
332
329
328
333
330
334
329
333
330
329
331
328
329
326
330
325
327
325
328
326
325
326
327
325
327
327
326
327
327
328
325
325
328
326
327
329
327
327
327
328
328
328
328
327
331
331
325
331
327
328
325
326
328
328
328
330
328
330
330
328
328
329
326
330
328
327
327
326
326
324
326
324
324
325
325
326
326
326
327
328
327
325
329
325
328
328
328
327
327
326
329
327
325
329
323
326
324
326
319
324
323
322
320
321
323
320
322
322
322
324
320
322
321
322
322
320
320
325
320
323
322
324
324
324
323
325
323
326
324
324
323
325
324
324
323
329
322
325
325
327
325
325
324
325
322
325
325
325
321
326
321
325
322
326
325
323
325
324
325
324
326
321
324
324
321
322
324
321
321
320
323
320
322
322
323
319
323
322
322
319
322
321
321
319
320
324
318
321
322
320
322
321
319
320
321
321
320
321
321
319
319
321
321
318
322
320
320
322
319
322
320
320
321
319
320
319
319
320
320
319
317
318
317
312
324
317
318
317
316
316
318
313
317
317
314
316
315
316
315
317
317
316
318
318
316
316
318
316
317
316
315
315
317
315
317
316
315
316
318
313
317
319
315
313
319
316
317
317
320
317
317
317
319
318
319
317
321
316
319
318
318
315
320
316
319
317
316
318
316
298
334
319
315
315
316
295
336
317
313
300
331
317
316
314
315
313
316
315
312
314
316
310
614
325
309
317
313
314
316
314
315
314
317
315
316
314
319
315
318
317
315
316
317
313
323
316
316
317
319
315
319
316
315
320
312
315
316
313
313
317
311
313
316
313
315
314
312
315
313
314
315
313
313
312
319
312
318
312
316
313
318
313
316
313
315
313
318
313
316
313
316
313
317
314
315
313
314
316
313
315
314
313
315
313
313
314
315
314
313
313
315
314
315
313
316
314
313
317
315
314
313
315
315
313
317
312
313
313
313
313
312
311
312
309
313
310
310
313
312
310
312
313
311
312
310
313
310
313
311
312
314
310
312
312
312
312
310
312
309
313
309
312
306
311
312
311
308
310
308
311
306
310
307
308
310
308
307
309
312
618
309
310
308
313
309
312
310
310
312
312
312
310
309
313
310
313
311
312
310
310
312
310
309
311
311
311
310
309
310
310
309
312
308
310
310
308
309
307
308
310
305
307
309
309
307
309
311
305
313
306
309
313
308
309
311
309
310
309
309
308
309
309
310
308
306
311
308
307
309
305
309
304
309
306
306
308
306
307
306
310
305
311
307
306
313
306
308
310
307
309
309
307
306
309
308
309
307
308
306
308
307
310
306
306
308
306
307
305
306
307
303
304
307
304
305
305
308
303
308
307
307
306
307
306
307
307
306
306
305
309
306
308
307
304
308
307
306
307
309
305
307
305
307
305
305
304
307
303
303
306
305
305
302
310
301
309
305
307
309
305
305
308
302
308
305
305
305
307
305
305
303
305
302
304
304
302
303
302
307
609
300
307
303
278
329
310
303
306
308
306
306
304
307
306
305
304
304
304
304
306
304
305
304
306
303
301
304
304
303
302
305
301
305
303
307
300
308
303
305
307
303
306
303
303
304
308
304
303
304
306
304
303
304
305
303
305
305
303
304
303
306
302
301
299
300
307
299
308
301
301
302
302
303
300
306
305
300
305
306
303
306
309
304
308
310
305
310
313
304
312
313
305
313
314
307
314
315
308
317
318
310
318
313
313
316
320
313
317
322
311
324
321
316
321
322
322
323
319
323
326
315
327
327
319
329
328
325
322
326
330
321
333
331
322
334
328
320
335
331
322
333
331
329
333
333
326
330
332
335
327
333
334
329
332
329
332
336
327
335
334
328
338
334
331
336
339
341
331
345
344
333
344
343
334
345
341
342
345
340
345
343
344
343
341
346
343
345
345
347
342
346
347
349
350
352
347
353
345
349
349
346
350
344
355
345
354
353
352
348
354
352
352
353
353
355
352
353
355
354
360
357
354
361
354
360
360
353
362
359
358
360
355
363
355
365
357
364
362
358
365
357
363
367
362
359
363
363
363
362
366
361
363
364
364
360
371
364
371
370
366
373
373
376
377
373
380
377
376
377
371
377
375
379
377
373
382
381
372
383
381
373
380
376
377
378
372
383
377
381
383
376
389
385
387
389
381
392
387
389
387
387
388
381
393
388
388
388
381
394
386
389
392
385
396
394
396
399
389
404
396
403
404
402
413
410
411
414
418
421
418
417
419
421
420
420
418
416
419
417
414
422
420
418
420
422
420
428
425
423
429
425
432
428
426
425
420
425
422
425
425
420
432
432
429
429
431
428
433
423
442
433
440
440
440
443
444
444
446
446
448
441
439
438
436
435
436
436
439
440
442
446
443
451
448
897
448
452
454
451
454
454
450
452
457
457
455
456
453
457
462
461
459
458
476
468
469
467
467
471
470
466
461
462
463
456
461
464
466
471
471
468
464
471
470
469
472
470
467
469
468
470
476
478
474
473
477
475
479
473
472
475
475
477
478
479
477
480
478
480
485
478
480
491
512
515
512
514
510
502
503
494
503
500
489
492
493
493
492
494
493
492
492
495
492
500
496
491
492
484
489
488
487
488
488
485
488
485
482
488
485
490
493
496
496
496
495
495
493
496
492
496
496
501
498
503
504
509
509
506
506
506
505
498
488
493
489
492
497
494
490
488
495
490
494
491
494
495
498
501
501
502
500
503
505
507
506
510
511
515
508
512
508
510
513
511
519
516
519
516
521
521
521
528
533
529
521
521
519
510
534
527
523
509
510
506
503
505
503
502
501
498
496
494
495
495
497
493
488
494
508
512
515
521
517
521
517
520
514
516
513
1017
505
506
501
502
504
501
507
507
508
510
510
516
512
518
515
520
518
520
515
516
516
513
518
514
517
516
519
518
519
518
519
518
517
515
513
514
511
520
517
521
521
522
521
522
523
521
529
524
529
526
529
526
528
528
526
526
527
526
526
521
523
519
521
520
524
519
511
500
499
497
496
496
496
501
497
502
498
500
501
498
503
502
499
500
495
496
497
494
505
502
509
506
506
508
505
511
505
509
521
524
524
520
524
520
520
521
518
520
523
525
525
531
524
531
522
521
523
517
522
516
519
514
514
514
509
512
504
507
500
502
504
502
505
509
507
518
513
519
517
516
521
519
519
519
516
520
515
520
515
517
513
515
518
516
522
517
527
522
527
520
521
510
510
505
505
502
503
505
505
509
511
509
522
520
521
531
531
529
537
531
538
534
535
536
530
539
531
536
533
535
541
538
550
549
547
551
544
547
536
530
539
560
560
554
552
543
537
528
523
517
519
512
514
515
516
514
517
512
520
515
519
517
518
523
518
526
521
525
523
523
526
524
524
527
522
530
525
533
528
531
534
533
536
535
534
535
530
537
534
537
535
533
539
536
544
539
545
540
545
547
548
547
548
543
543
538
546
541
543
541
539
547
545
549
548
546
552
548
550
551
547
553
545
549
543
544
542
540
545
539
537
539
535
538
533
528
533
530
537
537
541
538
536
539
535
533
527
525
523
519
523
520
521
521
523
528
527
537
534
540
535
530
541
537
532
525
529
522
519
512
507
509
504
505
506
505
512
511
510
515
512
507
510
521
523
521
521
516
516
514
514
512
508
511
510
513
513
509
515
510
516
514
514
518
514
521
518
518
519
516
521
521
521
519
513
518
514
516
513
516
516
519
518
521
520
525
523
533
527
530
531
528
537
536
534
533
527
519
516
514
515
512
515
514
517
517
515
521
519
521
522
522
527
526
528
528
525
531
525
523
524
539
540
539
532
533
526
521
522
524
521
523
521
520
524
523
519
524
521
521
526
525
524
521
532
547
547
541
541
530
529
515
523
518
521
513
509
506
503
498
498
500
498
497
505
505
503
515
516
512
518
520
513
521
513
509
508
507
513
514
516
521
521
519
522
522
518
520
517
512
514
508
510
504
502
505
503
506
505
506
511
513
509
516
515
510
512
524
527
535
533
533
532
528
525
520
519
518
519
514
521
521
516
526
519
519
519
519
516
518
518
521
518
518
522
524
521
528
525
532
528
526
530
527
528
525
521
523
520
515
521
516
513
520
515
515
518
515
513
516
515
513
512
510
513
511
503
517
520
521
524
521
519
519
521
518
522
525
527
530
530
529
534
529
527
529
524
531
526
525
529
528
527
530
525
529
545
548
547
544
543
537
531
522
519
520
517
523
517
517
513
511
515
516
515
521
521
522
522
524
522
523
521
521
516
518
516
515
516
515
513
517
513
509
512
513
508
507
513
530
533
540
536
536
537
534
529
533
530
528
529
530
524
531
526
525
530
531
529
538
531
533
534
536
528
527
519
522
520
517
521
527
529
528
522
518
522
516
516
513
516
517
519
525
526
523
547
547
543
537
535
526
527
522
517
523
522
520
518
516
517
516
515
517
521
522
522
534
531
532
542
541
539
546
541
532
538
531
525
522
521
517
520
515
520
521
524
522
535
528
527
531
530
522
528
523
522
526
528
525
530
533
532
537
542
539
544
543
540
540
544
542
543
542
542
538
540
535
535
534
532
528
537
536
539
547
552
550
557
551
545
552
546
543
546
545
542
546
543
540
543
541
540
539
541
538
539
536
534
540
538
542
542
540
546
539
533
538
534
532
530
530
526
529
529
525
535
531
528
537
537
532
536
532
526
535
535
530
543
542
535
544
542
536
544
538
535
541
541
540
546
549
546
547
544
537
540
535
538
542
540
547
549
554
553
555
546
554
550
541
553
554
549
562
563
557
558
554
544
549
544
532
534
536
543
533
538
546
561
571
575
571
583
577
563
566
559
546
538
537
536
537
536
528
531
529
525
531
534
537
540
551
552
549
556
552
549
548
544
532
532
530
520
528
526
522
540
535
544
557
551
548
553
547
545
546
540
536
539
538
533
542
540
535
544
541
540
547
548
548
552
559
555
566
564
561
565
561
558
566
563
556
572
563
562
561
568
578
578
573
586
588
587
578
591
586
587
620
617
619
651
630
625
637
617
606
617
601
594
613
605
607
620
651
659
685
669
652
668
645
637
629
620
614
615
612
616
641
639
641
674
655
658
652
644
640
629
623
625
621
621
635
637
646
674
661
649
670
645
639
642
632
629
630
621
622
641
643
646
675
660
654
673
649
644
649
633
630
638
630
627
617
624
644
661
675
657
651
655
642
637
633
633
630
632
637
641
647
655
671
668
674
682
662
654
648
646
634
635
639
641
639
645
657
645
647
661
647
649
642
646
658
648
640
622
615
611
609
610
613
630
633
646
666
658
658
669
649
641
645
625
619
613
608
603
605
621
626
641
654
670
661
663
676
656
653
657
643
632
627
634
631
632
638
652
648
654
671
661
661
657
639
630
619
607
614
622
633
638
624
621
624
624
623
629
645
639
648
662
656
656
656
654
640
635
636
625
626
638
640
646
650
654
649
630
629
633
625
618
621
609
607
601
601
600
600
604
605
606
596
590
604
604
605
608
626
625
629
643
646
647
652
667
652
648
659
642
639
646
644
639
643
655
652
660
686
670
676
686
671
660
652
650
633
630
636
644
639
648
677
668
677
689
680
680
677
655
646
639
641
643
641
646
663
655
666
687
674
683
686
668
666
666
650
650
651
652
656
669
690
679
684
698
673
669
674
649
646
652
643
646
651
664
666
675
687
670
667
668
649
643
644
633
634
648
648
658
685
682
687
688
666
660
662
643
641
642
634
633
636
652
654
669
689
676
682
689
670
664
659
660
646
642
643
646
639
640
647
645
645
636
632
635
627
626
632
633
628
628
631
630
635
642
640
646
662
680
672
674
676
658
652
651
633
627
628
629
639
652
678
673
687
708
696
690
683
669
650
641
641
633
633
635
641
645
653
672
663
667
678
662
662
669
651
652
660
646
646
651
666
663
676
697
669
657
640
650
642
636
623
620
622
621
616
606
613
616
617
611
617
628
637
631
631
633
636
638
639
634
636
647
664
666
677
688
690
668
664
667
658
644
636
637
645
658
653
657
664
651
647
628
632
614
610
632
624
622
617
614
613
610
606
602
598
594
587
580
580
590
606
629
646
645
640
632
625
622
616
606
603
607
618
633
647
667
662
660
658
647
637
625
616
608
604
598
593
592
609
642
664
678
708
716
697
695
692
665
657
657
643
642
650
655
660
681
699
683
691
694
671
667
668
652
648
650
657
652
659
682
676
688
702
682
662
663
643
630
618
607
604
605
613
611
618
644
672
672
684
714
736
710
674
681
661
647
630
617
607
605
607
608
617
642
667
669
693
705
684
671
667
670
646
646
653
649
645
647
659
648
657
671
655
654
656
658
639
628
636
642
647
667
680
688
682
676
670
660
649
649
660
674
691
685
698
694
664
659
652
646
645
634
641
652
663
656
664
674
665
655
651
648
632
626
629
631
628
632
644
650
643
636
644
636
636
639
635
623
617
622
620
622
629
644
649
663
690
672
687
703
671
665
664
646
636
628
624
616
618
634
644
680
720
738
728
727
704
685
676
661
640
636
639
633
639
650
665
665
682
706
686
692
699
671
667
665
643
633
627
626
620
623
633
641
643
649
665
657
658
659
647
642
638
631
633
645
668
673
692
718
715
692
687
678
653
644
641
627
625
630
636
646
664
692
674
676
661
641
635
623
621
624
621
613
613
620
616
622
630
627
617
627
671
640
637
622
616
610
607
605
604
604
606
613
626
629
646
663
686
699
677
683
677
672
646
638
624
618
616
615
617
610
611
615
625
623
628
646
676
684
697
713
718
682
684
682
670
659
650
644
630
632
646
660
672
682
696
673
680
685
670
671
664
661
647
650
657
654
658
662
677
676
678
689
703
686
683
683
666
651
647
653
646
660
676
690
705
717
711
702
693
684
657
654
660
654
654
666
684
683
691
692
664
661
661
650
650
660
663
661
670
674
654
660
663
671
666
669
700
731
719
744
729
680
669
657
646
627
619
619
623
621
640
668
708
701
730
741
711
700
692
678
657
653
651
650
656
680
719
713
742
760
715
713
708
686
673
665
658
642
643
653
645
641
646
672
650
634
631