1410
722
747
744
749
772
835
810
839
868
899
328
514
828
675
943
738
268
510
533
569
824
296
700
299
834
874
908
813
832
700
1122
842
858
903
909
893
973
886
915
1812
932
853
546
2427
3295
916
834
888
952
930
419
514
921
872
921
533
418
875
928
598
359
798
991
922
878
927
903
257
612
924
850
915
973
885
892
916
831
755
740
767
771
745
796
808
259
728
492
755
776
776
837
887
942
950
905
819
836
854
860
859
851
815
738
691
659
668
690
530
446
581
844
848
829
825
809
766
775
797
792
762
771
819
810
850
881
859
901
908
901
1809
910
895
853
873
896
876
896
892
892
921
896
928
937
890
926
892
920
917
876
909
934
897
880
868
818
844
945
1030
1022
978
915
955
1008
976
1031
1005
938
971
1029
1048
960
896
922
998
1009
938
946
1006
1020
1007
917
901
886
538
1354
475
1251
926
938
1019
1016
919
897
874
933
1025
827
877
546
728
920
985
1028
955
1011
1037
990
927
891
935
1002
1014
1011
1207
570
893
1004
993
1083
295
1547
942
933
958
911
857
905
960
923
945
993
1016
1003
936
982
1016
965
959
1008
1052
1068
1017
948
993
1014
1007
927
935
1001
1047
1042
1024
862
2340
962
265
2453
253
371
613
1013
951
477
1482
1018
1013
942
403
550
1009
1027
1017
1760
892
952
896
839
905
843
858
921
938
891
822
841
670
1127
698
262
919
927
991
998
921
967
999
662
307
994
1019
1025
1007
897
769
1124
1071
1020
964
1010
1034
939
919
996
1051
1009
1054
787
271
982
994
990
971
922
964
1036
1036
1044
1034
942
737
1084
1146
1039
965
962
1034
1067
1020
941
327
2707
1033
1017
857
636
867
759
847
930
465
501
259
2167
273
263
2307
1004
1004
924
431
706
1063
986
1021
1061
792
1277
1064
1036
1031
1058
1010
938
971
1041
1088
1017
1057
1058
1044
1081
1073
1050
1066
1026
952
1013
1077
1058
943
885
949
1089
1123
1050
1076
1131
1083
1074
1105
1063
1050
1088
1015
1027
1087
1047
1010
1087
1070
982
1061
1094
1023
1026
1083
1099
988
1018
1025
1009
1050
1049
963
1018
1045
983
910
952
1022
1018
1057
1084
1050
1020
1053
1045
969
1011
1062
1005
1075
1107
1033
1031
1036
1012
970
885
926
1026
1098
1005
1058
1070
980
1028
1038
985
1052
1067
983
972
1009
998
925
851
886
1002
1079
1027
1085
1093
1002
1034
1026
982
1008
1019
953
989
1025
994
981
1042
1063
1003
1045
1053
1033
1062
1051
1005
1052
992
970
1013
991
964
1031
1051
978
1018
1020
961
1017
1028
948
984
1032
979
955
985
974
947
942
890
909
921
862
896
887
938
965
896
933
969
902
897
963
1003
928
975
996
952
984
976
882
831
894
988
1025
942
946
999
985
996
1029
1009
1863
1003
974
930
970
973
937
943
926
853
845
895
987
933
943
910
840
914
897
882
933
983
941
867
909
959
953
896
969
1017
979
538
419
979
948
936
940
936
926
866
869
896
902
864
916
976
960
879
884
867
812
805
776
796
827
799
846
835
891
907
912
944
940
878
655
1021
1026
354
477
785
750
739
772
391
410
804
788
780
784
831
843
747
745
752
804
726
885
874
925
899
653
1040
867
867
862
859
862
906
887
829
871
937
910
951
943
941
961
886
903
902
926
890
822
856
877
896
821
838
847
871
855
790
761
724
695
690
678
658
646
640
633
620
614
604
599
591
583
578
572
577
578
615
742
879
1714
908
858
876
951
959
952
914
938
932
905
907
887
838
852
861
836
829
820
813
779
785
807
807
812
805
785
747
743
727
708
695
1392
328
361
691
688
679
677
313
367
675
669
663
658
646
309
1005
670
672
670
669
665
676
674
714
729
711
733
714
688
683
672
687
688
708
697
690
688
699
713
685
676
688
692
693
680
678
709
728
705
724
738
736
740
736
725
755
762
751
741
740
734
730
738
716
727
747
750
751
756
741
729
718
693
668
663
668
686
686
700
721
740
721
708
716
728
736
732
697
688
694
729
768
782
799
806
806
802
801
761
754
751
728
692
673
655
648
653
669
671
645
641
648
665
737
783
898
965
938
936
941
910
898
871
825
777
729
663
665
654
652
648
641
637
630
628
628
619
612
606
599
588
583
582
582
583
583
585
597
622
657
673
667
671
673
672
688
685
680
680
704
741
759
726
710
705
698
691
689
698
698
712
711
698
709
736
747
760
789
809
812
813
824
798
796
788
774
770
720
699
696
699
707
729
749
741
747
771
766
779
776
751
735
718
708
706
699
707
719
729
740
755
775
773
758
750
751
728
723
693
685
682
694
697
683
685
673
673
681
690
685
655
626
625
624
659
723
729
705
705
700
697
686
678
677
667
676
686
689
699
699
703
705
742
789
794
807
816
785
793
793
808
797
767
734
718
709
693
683
681
676
674
681
688
693
691
689
691
703
709
678
653
652
664
688
694
560
745
633
627
638
660
682
681
684
675
668
681
686
694
691
684
684
698
698
707
701
696
703
708
692
717
729
730
726
711
700
697
696
702
687
679
662
666
694
730
729
748
745
743
709
697
678
653
653
642
639
646
636
633
630
639
662
686
707
693
688
669
656
646
629
619
616
619
622
631
641
632
632
630
635
638
631
635
626
615
606
594
589
584
586
595
600
602
608
631
634
645
657
683
700
693
721
715
698
695
698
692
693
694
673
666
653
662
657
634
633
628
638
632
626
622
624
642
642
647
650
651
654
646
654
662
657
641
629
457
716
594
576
563
560
545
552
452
479
601
445
597
528
511
503
503
981
497
472
482
948
466
459
459
835
531
449
448
448
446
451
445
894
438
448
448
442
441
442
447
445
453
446
438
895
451
445
439
438
437
446
431
443
435
432
429
430
428
428
1281
425
416
425
414
413
412
414
412
412
410
410
405
413
410
412
403
397
401
403
400
400
401
798
401
400
396
798
399
396
402
396
400
399
396
395
394
399
390
395
394
394
391
394
392
394
390
393
393
394
392
390
386
506
270
385
382
386
382
384
378
382
376
380
376
758
377
376
378
754
376
378
375
377
378
378
378
377
377
376
375
378
375
377
374
379
377
377
752
375
379
376
375
375
377
373
375
376
376
379
373
376
380
380
382
377
380
385
377
378
381
381
386
379
381
382
387
377
383
383
382
376
383
381
379
379
379
380
375
377
376
379
749
369
379
371
377
372
378
367
382
368
376
369
377
370
373
371
371
369
374
368
373
369
371
370
370
369
365
369
367
371
364
368
367
368
366
367
738
363
370
365
374
368
370
369
367
369
369
366
369
366
368
365
363
366
364
366
361
361
363
364
357
363
356
363
363
356
357
362
359
357
360
360
359
356
358
362
358
360
360
356
364
354
373
359
362
362
362
361
363
360
359
361
362
361
360
361
360
364
721
362
362
364
358
360
362
364
360
357
362
364
360
358
358
361
358
359
356
366
360
360
360
363
360
359
362
361
360
359
360
364
364
360
361
359
366
360
365
362
365
363
364
363
367
363
364
362
365
362
364
362
364
363
362
365
364
367
366
366
366
369
368
371
367
375
364
376
370
374
370
375
744
373
373
372
372
372
374
367
371
367
369
367
368
366
370
365
364
366
364
365
361
370
359
369
366
364
364
365
366
366
362
364
363
366
362
366
363
363
363
361
367
361
365
363
363
363
364
363
364
363
363
363
364
366
362
363
360
368
360
364
365
365
363
364
364
366
361
363
362
363
364
366
365
365
362
363
368
362
367
364
374
367
372
370
372
371
371
373
372
371
369
371
370
369
368
365
367
369
365
366
368
368
365
370
363
374
364
370
365
371
368
368
368
369
365
371
365
371
366
369
366
367
368
369
370
366
369
371
366
367
369
369
369
366
374
367
371
368
372
366
369
367
369
368
369
367
369
367
371
366
367
367
369
367
366
368
368
371
365
370
368
370
366
370
367
373
367
376
367
373
369
373
369
371
371
370
366
371
367
366
366
371
368
368
368
364
374
365
372
368
374
367
372
369
373
370
372
371
373
369
371
373
369
370
369
368
369
367
366
366
370
364
367
367
365
370
367
370
740
367
374
372
376
373
377
374
381
376
377
376
379
377
377
378
374
374
375
372
374
371
370
370
371
369
367
368
369
366
370
372
366
368
365
372
366
369
367
371
366
369
366
367
366
365
365
363
362
360
360
362
361
362
360
359
360
356
365
357
361
358
360
359
360
360
357
360
360
361
358
362
358
367
363
365
362
366
364
363
364
364
366
362
363
361
367
361
365
362
366
365
365
362
362
364
363
361
359
360
364
361
358
361
358
364
358
362
357
362
358
359
357
359
356
360
356
357
356
355
362
357
358
354
356
355
357
355
354
355
354
354
354
359
355
358
355
355
354
355
354
355
354
355
354
354
355
359
359
354
358
355
360
358
358
357
357
357
355
356
360
358
356
356
355
362
354
358
355
359
354
357
355
358
357
356
356
354
359
354
361
356
361
355
358
357
358
358
356
357
355
358
354
359
356
356
356
359
359
358
357
362
359
360
363
363
363
365
366
366
367
368
368
373
374
375
374
375
376
377
379
376
379
379
380
378
380
378
382
383
384
388
387
389
393
390
392
396
396
397
399
400
400
405
403
406
407
408
411
409
412
415
415
416
418
418
420
420
423
425
426
431
435
436
439
439
443
446
444
449
449
450
450
448
450
450
445
446
443
445
441
442
446
446
448
451
454
455
458
463
466
471
475
471
472
473
472
471
474
480
478
479
479
481
480
479
476
474
475
473
474
477
479
480
479
487
483
487
490
491
496
493
502
500
500
501
504
505
505
509
508
513
512
517
513
514
508
510
508
503
508
507
512
510
512
514
517
512
513
513
513
509
512
513
511
509
512
512
512
508
507
510
507
508
506
508
513
513
514
518
518
517
521
522
523
520
524
520
520
513
518
515
514
511
513
515
513
514
510
517
515
518
514
516
515
513
519
514
514
513
517
512
511
505
507
500
502
501
501
504
500
505
506
512
510
518
519
516
517
517
516
514
511
511
517
514
517
516
520
514
516
520
521
524
528
531
532
527
527
528
527
523
523
525
523
523
521
521
520
520
519
517
520
517
518
514
516
517
522
523
527
528
534
531
535
538
538
541
540
541
543
545
546
540
538
530
530
527
529
528
530
533
536
538
542
544
543
541
540
545
545
546
548
551
546
548
542
542
537
538
531
532
528
528
525
532
533
536
539
545
547
551
550
548
548
550
549
551
551
555
555
555
553
555
551
551
549
553
554
555
558
559
554
558
552
555
548
551
548
548
546
551
550
549
549
552
553
553
558
563
562
566
562
564
558
558
549
552
548
550
548
551
537
539
543
523
524
526
521
516
513
520
506
507
506
512
494
496
501
494
488
486
478
488
483
472
472
469
469
462
465
454
460
457
452
457
453
454
448
447
448
449
450
447
453
448
450
451
450
455
451
452
446
449
449
446
446
445
446
438
435
434
431
431
429
429
425
426
425
429
423
415
416
417
413
414
415
416
416
416
418
414
415
413
418
408
417
413
413
409
412
413
412
405
411
410
410
411
411
415
412
416
414
417
414
419
415
415
417
420
416
414
417
419
416
416
420
417
421
417
423
416
426
420
419
419
421
414
412
414
413
412
413
413
410
414
410
415
406
412
410
411
406
407
406
410
403
401
404
405
397
401
402
400
401
402
404
402
402
402
403
398
401
396
398
395
397
392
393
389
391
387
385
384
385
383
378
378
383
382
377
378
377
385
377
382
378
387
379
388
381
392
382
388
386
387
386
387
383
386
381
386
381
384
381
385
378
382
377
380
377
375
376
381
379
378
376
374
380
376
382
378
381
376
379
378
380
377
379
373
382
379
381
378
379
377
379
376
379
378
378
378
382
383
380
382
382
389
384
388
385
393
387
391
388
394
388
391
390
392
392
393
390
394
388
391
387
390
387
390
387
386
387
387
390
384
388
387
391
385
389
389
393
387
390
388
392
385
388
386
392
385
390
386
389
386
391
383
388
383
385
382
386
382
383
383
384
383
384
382
388
384
386
383
388
385
386
387
388
387
389
389
391
391
392
393
391
394
393
394
394
394
394
395
396
394
396
393
395
394
395
389
392
389
389
385
387
384
386
382
385
381
382
379
383
383
382
380
380
388
383
386
386
390
386
390
388
393
386
391
389
392
388
391
386
387
385
387
381
384
380
382
381
376
376
380
380
376
383
376
383
378
384
380
382
381
385
383
386
385
388
384
392
389
391
392
395
390
396
392
394
393
398
394
398
394
397
396
396
394
394
393
393
390
392
390
391
387
389
383
387
384
385
381
381
382
383
382
380
383
384
383
383
385
388
385
390
391
387
394
388
394
391
393
394
391
396
393
395
394
399
396
400
398
399
399
399
402
400
401
403
402
401
402
402
403
403
397
404
399
402
398
400
399
396
400
399
401
398
406
401
406
404
407
407
407
406
407
406
407
406
406
405
407
406
408
411
412
412
412
412
410
410
412
416
409
412
413
419
418
421
422
425
418
424
422
423
423
425
424
428
427
429
427
430
428
430
428
429
426
427
423
426
422
425
423
426
425
427
429
429
427
429
428
427
426
426
426
424
421
423
421
423
420
425
422
427
422
425
427
430
428
433
433
438
437
439
441
444
444
442
444
447
446
447
448
447
446
443
444
437
438
435
437
434
436
437
439
438
442
444
446
444
445
444
447
445
446
449
447
447
446
447
444
450
448
441
443
444
442
442
443
441
440
438
439
433
433
432
431
422
431
426
426
421
428
425
423
427
430
427
433
434
438
432
441
438
442
442
442
447
446
449
445
444
444
448
439
445
442
442
440
442
439
436
436
435
431
428
430
428
429
425
431
430
432
429
434
436
434
433
438
438
439
441
441
444
443
444
441
443
440
445
439
438
438
441
435
437
436
434
432
434
432
428
429
429
431
424
429
428
431
427
430
435
435
430
437
437
439
440
439
440
438
439
436
434
430
434
431
427
429
433
431
434
433
434
433
436
435
433
434
432
433
427
430
427
431
427
429
427
433
431
428
433
436
430
433
435
438
436
438
438
436
438
436
440
436
435
435
438
433
437
433
435
432
435
429
431
429
429
425
425
424
423
421
418
417
417
416
414
414
414
413
413
413
412
413
419
416
418
419
419
421
419
418
417
417
416
414
414
413
413
412
410
411
414
412
416
417
421
418
422
424
423
426
427
430
429
430
430
428
426
425
426
425
424
424
422
425
420
417
419
417
418
420
422
418
420
420
422
418
416
419
421
413
416
418
419
415
415
416
416
413
414
413
411
412
411
409
410
409
408
404
404
403
409
400
407
407
405
404
407
409
405
405
410
410
410
409
413
411
410
410
418
417
413
418
416
418
419
420
423
422
422
424
421
421
419
419
416
418
414
419
413
416
406
413
412
415
408
414
415
411
412
417
414
414
416
419
412
418
419
414
418
418
412
413
415
413
412
413
411
412
411
409
410
406
408
405
405
402
404
399
401
398
400
397
397
397
397
397
395
400
401
397
398
399
403
399
397
405
398
401
399
403
396
403
399
401
400
406
397
405
400
407
400
401
402
405
403
403
402
405
402
404
401
403
399
401
398
396
398
396
396
396
396
399
395
400
396
397
397
398
396
396
396
397
396
397
395
396
396
396
395
394
395
395
396
394
396
398
392
396
398
399
396
395
399
397
398
397
401
396
406
397
401
398
402
399
405
398
404
401
401
402
405
396
413
406
404
406
411
406
411
411
411
409
413
407
409
407
406
405
406
403
406
405
401
399
405
397
399
397
399
393
396
395
400
394
398
396
400
396
401
799
396
402
398
401
397
400
397
400
399
398
397
400
396
396
395
398
393
396
392
392
392
389
388
387
388
387
385
386
387
387
387
382
389
385
386
383
771
384
385
384
380
381
379
379
379
379
375
373
378
374
376
373
374
372
374
370
373
369
369
366
370
370
368
367
366
740
369
366
368
364
368
366
371
363
367
370
366
371
368
374
369
369
371
370
367
368
372
369
372
367
372
365
375
369
373
368
371
370
370
367
367
371
367
369
364
374
364
368
364
365
362
363
363
367
361
359
364
359
365
362
361
359
360
359
363
356
354
359
354
358
356
356
354
354
356
354
354
352
358
356
354
352
355
352
356
356
352
360
355
358
356
357
360
361
361
356
360
362
359
359
359
356
359
358
355
359
356
361
354
356
356
356
358
352
357
355
357
355
356
354
354
354
358
355
712
354
354
353
353
353
355
350
348
354
349
353
348
353
352
348
350
699
348
351
349
352
351
346
697
351
349
349
347
350
349
344
352
350
349
349
347
350
347
349
347
349
347
349
347
351
347
345
697
348
349
348
347
349
347
342
353
349
348
346
346
349
345
351
344
347
345
345
345
347
348
341
347
342
350
346
348
350
349
348
343
354
351
352
349
352
350
349
353
348
350
348
351
346
349
349
348
348
347
351
348
347
346
347
347
347
348
348
348
345
348
348
350
349
344
352
350
350
347
353
350
345
353
346
349
347
346
341
350
346
337
348
342
344
340
341
342
339
344
339
340
339
339
341
338
341
340
340
338
340
342
341
341
340
343
338
342
341
343
342
340
341
341
341
341
344
341
338
342
340
340
340
340
344
336
344
339
339
337
341
340
333
344
339
339
335
340
337
334
343
338
337
338
338
338
332
343
339
338
338
340
338
331
345
338
339
337
337
338
674
338
340
335
337
336
668
335
337
333
336
332
328
335
335
333
332
335
331
992
331
330
335
331
328
333
333
334
332
338
333
327
336
338
336
335
340
333
331
337
335
337
334
339
334
331
342
334
336
336
340
335
332
338
333
336
335
338
333
331
336
330
332
332
332
334
328
333
329
331
329
329
333
327
330
327
332
331
324
333
328
330
328
332
329
326
332
328
329
332
328
659
328
328
330
328
327
328
327
327
332
325
325
327
326
325
329
325
322
329
324
325
326
323
322
325
325
321
323
326
318
329
322
324
326
322
326
323
325
324
325
323
322
326
325
324
329
323
324
326
326
327
326
324
322
329
326
324
325
327
326
324
328
327
325
329
652
326
326
325
328
326
324
325
325
323
326
321
323
325
328
321
323
324
320
325
322
321
326
319
319
320
322
320
321
322
316
322
318
321
321
313
325
317
318
322
316
319
318
318
318
319
318
316
319
316
318
320
314
318
315
319
318
315
317
319
316
318
320
319
315
319
315
320
319
313
320
319
316
321
317
321
316
318
318
322
315
315
320
318
317
320
313
319
316
321
317
317
316
316
320
314
319
314
315
318
315
316
321
313
316
316
317
314
318
316
313
317
314
320
313
313
316
315
314
316
313
313
315
314
316
313
313
313
313
313
315
314
310
313
311
319
313
310
314
313
313
314
625
314
313
315
313
312
313
313
313
316
313
312
313
311
317
314
308
314
313
313
314
313
316
311
313
313
314
311
624
313
314
314
308
313
312
316
313
309
314
312
311
314
311
313
313
313
314
313
315
311
313
313
314
313
624
313
316
315
309
315
312
316
315
308
317
313
314
315
312
312
313
313
313
312
313
314
313
313
315
315
313
316
314
320
313
312
316
313
315
314
312
318
313
313
316
312
314
314
313
313
317
314
309
316
313
315
315
311
313
313
315
315
313
317
310
314
313
314
310
308
316
311
315
314
310
313
311
314
313
620
311
310
313
618
312
310
315
308
309
310
311
310
310
313
308
312
310
314
307
309
309
311
310
310
305
310
309
310
311
303
310
306
313
306
304
308
306
309
308
303
311
306
308
311
302
309
309
306
309
303
311
304
308
308
309
309
304
310
305
306
307
306
305
308
307
308
301
309
305
312
305
301
309
305
305
305
304
303
305
310
304
607
305
305
306
300
309
304
306
308
298
309
305
304
306
606
301
305
308
301
306
306
304
308
303
301
305
304
303
302
309
301
306
305
307
302
303
303
306
304
303
298
306
304
304
302
302
302
305
302
305
297
310
300
304
303
608
300
308
305
301
304
305
304
306
300
303
305
302
303
301
308
298
305
301
303
307
296
307
304
304
303
301
307
300
304
305
306
303
302
305
303
306
299
305
303
305
305
307
299
305
304
303
305
605
298
305
306
299
306
303
301
307
300
303
302
303
302
300
306
299
303
305
300
602
301
302
302
303
299
302
301
304
299
299
303
298
303
298
301
299
302
301
304
295
303
301
304
298
299
300
302
301
297
296
302
301
303
301
296
302
301
304
298
295
308
298
301
300
302
298
300
305
298
296
306
296
303
300
601
302
301
302
296
301
300
302
303
299
301
301
301
301
296
305
297
302
301
300
295
303
298
302
299
304
297
300
302
302
296
303
298
302
302
300
293
303
299
300
300
295
303
300
301
301
290
305
297
301
302
296
300
299
300
300
299
597
297
300
300
299
296
300
297
299
297
296
298
299
303
296
294
302
296
299
298
298
296
298
299
300
290
300
300
296
297
291
302
295
300
297
293
300
293
298
298
296
297
298
299
295
297
296
295
297
298
299
297
295
298
297
296
296
296
295
298
299
300
291
297
298
298
296
294
296
300
297
299
293
297
295
299
296
293
300
293
297
298
294
297
297
299
298
292
296
298
297
296
294
299
297
297
300
291
299
295
297
297
588
294
297
297
294
295
297
297
297
292
295
295
297
297
295
293
295
296
295
294
300
292
298
296
296
297
294
298
294
297
294
295
294
299
297
294
295
296
293
297
292
295
294
296
297
296
290
295
293
302
292
292
298
292
294
296
291
298
293
297
297
288
297
296
293
297
290
298
293
296
296
292
295
295
291
295
291
299
289
297
296
297
291
295
296
294
294
297
289
295
294
296
293
293
296
290
294
294
293
292
295
295
298
287
295
293
299
292
290
298
291
295
293
291
297
293
297
292
291
296
291
294
295
287
300
293
296
298
288
296
294
294
294
587
288
296
296
293
293
295
295
292
293
297
289
297
293
294
294
291
294
294
298
293
290
298
292
297
296
288
299
294
294
295
587
294
296
298
290
295
295
293
295
291
297
293
295
294
295
295
294
292
296
298
291
293
298
291
295
295
288
295
292
297
291
289
296
289
294
293
289
293
293
292
295
287
294
292
290
292
286
294
292
293
293
286
294
293
290
292
284
295
290
293
293
287
294
291
290
291
580
290
293
291
287
291
293
289
292
285
294
290
292
290
288
293
286
293
294
288
292
291
292
289
290
294
286
292
293
290
289
290
292
289
292
292
286
292
292
291
290
286
292
293
293
294
286
292
291
291
293
289
291
291
295
290
287
295
286
294
291
286
293
289
291
292
282
299
285
293
294
285
292
292
288
293
285
292
292
291
287
289
296
285
293
291
288
289
289
292
290
289
289
289
288
292
291
291
287
294
286
291
291
286
290
291
290
288
287
291
290
288
290
284
297
285
290
290
285
289
291
293
287
284
295
285
292
290
283
291
289
288
291
285
290
291
293
285
287
292
288
291
291
284
290
289
288
289
288
291
291
288
290
287
288
586
283
294
295
284
581
286
287
291
290
288
292
292
288
292
291
290
292
292
292
290
293
292
291
294
293
588
293
294
296
295
295
294
298
295
296
298
297
296
300
297
298
300
299
300
300
301
302
300
305
305
301
306
306
609
309
304
310
310
308
312
312
310
313
313
311
316
318
317
314
318
317
321
321
321
323
327
324
324
328
325
328
328
327
331
330
330
333
333
333
335
334
337
335
335
338
334
339
335
339
339
338
341
340
342
343
345
342
344
343
346
342
347
345
349
347
350
351
352
351
352
352
354
353
354
354
354
354
355
354
356
355
357
358
359
361
357
359
361
359
361
361
359
362
358
362
362
363
365
367
365
368
368
370
372
373
372
375
379
377
382
380
382
385
383
386
387
386
390
389
388
392
391
392
394
392
393
395
393
394
398
396
397
395
396
396
395
396
396
393
395
396
395
396
396
396
396
396
397
395
396
395
395
393
398
396
398
397
401
403
401
404
405
403
405
404
404
407
404
406
409
403
406
411
408
411
407
412
413
414
413
413
415
418
415
417
416
415
414
412
413
409
413
412
414
413
416
417
417
421
419
424
419
425
422
425
423
423
425
422
421
423
419
419
419
419
421
421
419
420
417
417
413
413
415
413
416
414
417
417
418
419
419
420
424
423
423
424
423
421
419
419
418
415
418
415
415
415
413
416
412
414
414
412
411
417
411
416
416
414
418
415
416
419
415
420
417
418
424
419
422
423
424
426
421
424
425
421
424
423
423
425
421
424
421
422
422
422
424
423
426
428
426
429
431
430
433
432
434
431
430
433
432
434
431
435
436
434
438
438
437
441
439
440
442
440
442
439
442
439
441
441
439
442
443
444
445
447
448
447
451
447
449
453
449
451
452
451
452
453
455
453
458
455
455
460
456
458
456
457
456
455
458
456
459
459
460
464
466
466
469
465
464
464
461
459
457
456
455
451
451
453
448
450
448
449
446
447
448
445
449
451
451
456
454
454
457
457
458
459
459
458
461
460
463
462
463
464
464
468
465
467
470
465
470
467
467
463
465
464
462
463
462
463
463
466
466
464
466
464
463
468
464
466
466
466
464
468
463
466
469
467
471
473
473
472
476
475
474
478
476
478
477
478
476
478
479
478
479
479
478
479
477
480
479
480
477
477
474
472
473
469
468
471
473
473
474
479
479
479
483
483
482
487
482
485
484
483
481
484
483
482
486
480
484
481
483
481
482
487
484
485
484
484
484
485
485
486
487
488
487
486
488
486
486
490
489
492
491
495
495
496
495
497
494
496
497
495
495
497
498
495
496
494
493
495
494
499
497
498
500
501
499
499
497
496
498
496
496
500
498
503
502
501
503
497
499
496
495
493
495
493
490
495
494
496
494
498
498
498
497
498
496
495
496
492
492
488
490
485
484
482
481
479
483
482
482
487
485
485
490
491
496
494
498
499
500
498
501
498
500
500
500
502
502
501
505
505
504
508
503
505
504
502
499
499
499
494
500
496
498
499
499
500
501
501
504
503
507
505
506
508
507
508
506
504
506
500
496
496
495
496
494
495
494
493
497
495
497
496
497
494
495
495
494
493
491
492
491
491
490
493
490
495
492
492
498
494
497
499
500
498
499
497
496
497
496
500
498
503
501
505
502
506
502
502
503
503
502
505
502
503
502
502
505
504
508
509
516
517
523
525
528
528
529
533
536
536
528
531
528
525
525
521
521
518
516
516
514
517
514
515
512
513
509
509
504
502
502
503
504
509
508
508
514
512
515
513
516
511
513
511
512
509
511
507
508
507
507
506
506
504
505
504
504
508
503
506
506
510
509
512
510
511
508
512
508
511
510
511
513
513
518
517
519
517
521
517
519
516
516
519
519
519
519
519
519
516
516
515
510
510
509
511
510
511
510
510
507
510
509
509
512
513
516
516
516
519
518
516
515
513
514
510
509
503
500
497
498
496
498
497
501
502
505
509
509
512
512
516
514
517
517
517
514
511
511
509
508
506
506
505
506
502
503
500
502
499
499
505
503
507
507
514
513
516
517
519
517
519
516
518
517
513
518
517
516
516
514
513
516
517
520
518
519
520
519
517
521
518
517
518
515
521
521
519
521
519
521
518
519
517
515
515
513
514
512
514
510
510
506
509
506
509
510
512
514
519
519
521
524
522
526
524
526
524
526
522
524
521
521
520
521
520
521
521
525
524
528
531
533
534
537
535
536
536
536
534
535
534
533
532
531
531
529
531
529
527
525
527
525
526
523
527
522
524
521
521
517
514
517
519
520
524
525
526
532
534
534
535
534
529
533
530
529
528
526
528
526
525
527
523
524
521
521
520
521
520
523
523
524
524
526
524
527
525
527
524
525
522
522
520
521
517
516
518
520
519
521
519
521
520
520
518
517
517
517
514
514
516
513
513
511
515
512
512
510
513
512
512
515
510
518
517
521
521
528
528
529
527
525
524
522
518
520
516
517
516
519
522
529
533
539
541
540
546
545
545
543
544
544
543
543
544
542
542
544
541
543
536
537
532
533
530
528
528
529
526
528
526
524
528
527
527
530
527
528
526
526
521
521
517
516
512
509
512
509
511
512
512
514
516
516
516
515
519
516
520
519
521
519
521
521
520
521
519
519
520
518
520
523
522
524
525
526
526
527
525
526
523
522
521
521
519
520
519
519
519
521
520
521
521
525
523
526
522
526
525
527
524
526
527
528
528
529
529
530
530
530
534
533
533
534
533
535
532
533
530
530
528
530
528
529
529
530
531
531
531
531
529
530
530
529
531
531
530
532
533
531
533
531
531
529
527
525
523
521
521
521
524
524
525
529
530
532
533
535
536
537
538
537
537
534
535
532
529
529
528
525
527
524
526
525
527
529
528
529
528
529
527
528
523
522
521
521
518
519
516
519
513
515
511
511
512
514
515
515
520
519
519
522
520
521
524
524
524
521
521
521
520
520
521
521
523
523
525
527
528
528
531
529
533
530
527
531
528
526
524
526
524
523
527
525
528
529
530
531
530
534
532
534
532
534
532
531
531
529
529
528
525
526
524
525
521
523
519
521
520
524
522
527
530
533
537
537
537
541
538
540
539
538
540
535
535
534
538
535
538
540
537
540
540
539
540
540
539
540
541
543
543
541
545
545
544
544
540
540
537
538
535
536
537
538
538
539
542
541
544
544
545
544
546
542
545
542
544
543
543
542
544
542
545
544
547
549
551
554
556
556
557
555
551
549
549
544
541
527
532
530
527
526
525
524
524
524
523
525
527
527
528
525
527
525
524
525
525
528
529
532
533
533
540
543
545
545
545
530
523
538
533
531
529
519
529
534
534
538
539
539
533
540
536
532
533
532
533
532
532
528
526
522
520
517
515
514
514
514
514
518
528
548
580
616
624
612
595
590
586
581
579
574
571
568
565
561
557
552
553
553
556
558
560
566
573
579
576
579
576
579
582
584
584
587
587
584
586
586
586
584
583
587
589
580
584
583
585
582
584
579
578
578
578
580
581
579
574
573
562
563
562
554
552
552
560
562
563
566
567
566
567
565
567
565
566
566
573
577
583
581
581
577
575
571
570
569
569
573
572
577
585
593
595
603
604
605
608
612
609
604
600
603
601
602
601
598
593
588
587
584
582
580
583
584
585
585
578
586
596
603
604
607
600
601
596
597
592
591
595
589
598
593
600
606
611
618
621
613
609
604
603
603
603
602
594
599
589
593
597
604
606
603
487
716
605
600
604
611
614
617
618
614
606
604
597
589
585
579
579
576
576
580
580
579
575
570
565
569
574
580
583
583
592
591
587
582
585
592
590
592
596
591
589
581
574
1134
561
554
557
567
586
695
522
613
610
603
605
597
599
600
602
601
603
598
598
593
590
585
584
583
585
588
586
597
604
613
624
631
631
628
621
618
615
612
607
606
598
599
596
594
591
585
584
582
579
577
583
593
603
604
610
620
631
629
629
634
629
624
621
623
623
620
617
618
618
614
614
617
619
621
621
621
615
614
614
615
613
611
610
611
605
602
602
596
597
592
593
595
598
596
600
602
602
602
604
602
600
595
593
591
588
587
585
591
596
607
610
615
612
614
612
611
606
604
604
1204
603
606
610
614
617
616
623
624
622
619
623
626
619
619
618
617
619
617
622
625
628
628
626
626
626
625
623
618
617
616
618
620
622
622
638
648
648
646
645
635
633
629
626
618
612
606
600
598
598
600
597
604
615
630
642
648
654
650
657
656
651
650
646
644
635
634
630
630
626
623
623
621
622
622
625
628
631
640
642
642
639
641
636
638
637
629
618
612
608
606
608
605
605
610
615
618
623
626
629
632
628
623
623
625
630
632
636
644
647
641
645
646
650
640
645
644
646
641
640
639
639
632
631
630
628
624
618
619
621
621
618
625
627
629
628
633
630
632
638
639
639
646
644
645
649
652
646
636
631
632
629
626
623
624
624
624
620
624
625
630
630
636
641
640
637
639
640
633
625
618
609
612
614
613
614
615
617
625
619
634
624
625
627
625
625
624
625
626
625
622
628
631
622
619
612
613
615
618
613
611
608
604
598
598
599
601
604
603
605
605
605
604
604
601
594
599
606
615
624
624
622
623
619
617
622
622
620
618
616
611
606
600
596
597
592
593
593
599
604
612
618
619
621
625
624
620
617
618
613
611
608
610
612
615
618
623
628
630
632
631
627
624
625
628
626
626
631
637
641
632
620
613
614
617
624
629
628
628
627
628
625
622
625
628
635
636
636
637
641
642
640
636
633
636
640
638
640
645
650
648
653
655
662
659
661
658
663
657
655
650
650
643
637
637
632
629
627
627
625
616
616
620
627
632
640
648
648
654
655
662
658
659
656
659
660
653
650
652
655
652
650
651
645
646
650
658
657
653
651
656
662
658
660
666
667
661
659
660
662
657
657
662
663
664
659
663
659
658
653
656
664
659
659
663
670
669
672
675
679
669
667
662
661
656
654
660
657
648
644
648
652
649
650
657
665
661
660
654
652
646
645
648
657
656
656
657
647
644
646
646
643
643
645
640
630
617
611
609
612
628
635
639
641
646
652
652
652
652
655
648
648
647
649
650
646
645
649
652
651
653
652
655
656
655
651
655
652
654
653
659
662
667
664
665
655
651
646
649
641
641
637
643
648
657
669
686
688
693
698
704
697
692
690
680
671
665
663
654
646
645
646
650
650
652
660
666
660
659
660
669
671
672
673
681
684
677
672
663
662
660
665
266
396
666
661
664
662
662
399
260
335
325
664
667
668
673
659
664
663
659
659
664
669
660
658
663
439
892
666
672
664
659
655
653
1176
812
668
667
2649
1339
664
669
666
665
661
664
1309
645
642
649
650
657
663
673
665
662
664
666
657
655
657
656
651
649
655
662
659
661
665
670
667
670
678
678
674
673
672
666
653
644
635
637
634
636
637
650
658
660
659
666
660
666
661
663
658
365
291
497
821
662
662
656
659
1317
653
662
1050
271
658
664
662
661
660
665
665
660
429
529
367
659
321
330
650
645
290
373
537
395
361
648
656
669
662
667
397
271
677
671
671
672
675
673
657
654
650
654
659
654
657
661
664
653
646
637
630
621
617
614
612
605
1774
580
584
599
612
621
633
638
641
642
646
643
644
1292
646
643
645
646
653
659
657
670
672
671
673
664
662
650
651
650
654
646
637
633
642
658
673
671
679
688
695
687
687
687
688
680
677
674
674
663
659
650
648
646
648
652
666
667
677
679
524
829
667
667
669
662
664
662
669
668
655
649
644
646
651
658
659
652
644
640
637