647
623
605
581
577
590
604
607
615
651
659
678
673
664
653
666
657
658
670
651
639
622
614
608
600
584
581
578
593
598
590
597
700
932
812
696
670
658
657
627
645
646
657
722
853
708
720
691
729
747
727
699
698
829
749
877
780
764
988
874
835
844
824
770
825
762
839
746
721
704
711
717
668
657
646
654
644
647
648
648
632
632
631
625
614
598
593
688
789
799
795
712
672
644
620
631
680
671
643
635
619
617
615
627
649
651
651
642
630
613
599
590
577
571
571
571
572
585
778
827
787
916
929
843
781
774
782
719
680
654
642
647
688
717
703
668
645
650
690
678
644
657
654
699
716
694
660
638
625
618
625
631
626
626
623
625
652
678
685
688
680
728
695
695
658
664
671
661
653
643
632
619
612
612
657
735
751
739
709
840
928
855
869
854
823
752
656
646
639
634
627
621
622
633
639
660
650
642
633
628
622
635
681
692
705
676
638
628
611
612
602
596
589
587
585
584
580
584
587
622
661
755
813
726
756
721
671
659
663
636
630
649
718
738
785
739
713
674
664
683
703
699
678
678
672
722
685
673
646
649
642
634
620
613
603
598
587
587
603
617
635
664
680
690
695
695
683
693
686
696
708
700
728
715
675
656
638
636
621
621
616
642
813
728
787
815
725
680
644
641
690
712
707
717
818
724
744
733
697
669
640
617
615
619
634
622
613
623
807
852
771
740
844
818
728
730
730
783
738
709
686
662
698
728
697
682
666
695
827
711
702
680
650
670
691
678
668
788
863
806
754
736
845
725
708
669
654
651
649
637
630
617
629
724
727
728
671
663
647
665
687
677
655
631
621
633
655
659
655
663
665
652
634
624
606
596
592
587
636
765
749
703
693
685
707
717
694
676
672
675
666
643
636
641
786
843
800
772
753
822
702
702
678
678
810
740
717
697
683
695
784
682
701
717
722
696
655
652
637
687
821
725
742
712
683
663
657
647
654
650
643
635
631
636
649
696
724
724
704
708
675
667
673
759
714
812
699
722
701
738
737
691
678
677
675
672
656
670
723
808
801
801
907
899
798
713
680
656
659
699
719
677
658
653
779
782
734
729
690
685
787
768
707
711
684
688
729
777
719
696
674
651
660
731
753
712
711
722
828
854
840
829
823
817
733
719
704
715
801
776
710
715
698
708
852
830
750
771
802
789
797
725
781
832
834
740
769
809
743
809
704
827
816
877
869
811
755
712
693
685
778
771
824
743
802
814
793
714
730
733
729
740
699
715
778
763
712
742
796
784
743
841
803
741
738
710
716
811
730
758
835
835
828
720
721
713
780
684
703
691
674
675
655
644
619
632
747
732
704
685
674
684
684
682
650
642
622
617
627
649
665
653
640
633
627
665
784
699
771
786
800
718
721
701
700
693
687
663
653
642
663
767
702
707
710
716
837
800
714
712
697
781
689
697
686
662
654
660
651
642
638
640
682
718
671
669
658
664
667
657
649
652
681
717
687
688
695
689
669
648
637
626
654
728
735
701
720
791
708
725
705
693
672
651
637
624
635
750
693
688
665
654
677
742
652
657
650
664
728
661
673
663
715
672
673
646
641
641
742
693
681
679
700
774
722
700
681
661
658
659
636
623
618
620
640
656
681
677
639
621
611
603
605
620
619
615
625
627
642
657
664
670
668
660
642
633
626
614
614
618
627
633
652
640
644
658
760
752
714
712
668
653
655
646
657
683
703
674
679
657
657
756
687
709
702
789
739
751
786
809
700
703
723
717
802
700
750
838
837
836
757
845
828
831
839
872
867
764
716
696
683
691
671
721
988
975
986
977
974
961
934
899
827
697
668
688
789
717
770
702
721
688
682
661
642
634
618
711
774
721
953
901
969
932
899
899
882
842
727
725
830
835
919
932
780
817
858
891
889
881
858
775
831
800
823
805
822
756
779
758
704
676
774
746
752
771
698
709
705
714
785
709
915
911
881
898
932
876
857
823
742
741
695
678
679
822
813
824
818
823
859
805
840
854
758
792
774
844
731
742
740
759
841
743
860
703
859
777
810
772
855
828
819
763
779
806
817
791
687
714
758
793
782
711
719
808
782
773
715
746
830
846
838
728
673
632
607
593
611
677
695
687
686
651
640
649
737
704
705
689
692
759
695
695
696
712
719
694
667
666
678
670
692
664
647
630
625
626
611
603
596
589
598
612
613
615
616
633
646
640
623
614
605
604
592
575
551
557
541
552
591
719
692
735
694
690
742
914
871
863
796
758
755
742
710
687
666
644
629
615
603
590
581
632
697
670
667
662
635
628
620
627
644
663
648
644
639
846
869
868
854
751
703
688
693
737
787
719
743
788
856
783
724
703
717
809
702
707
688
777
705
702
707
823
831
762
715
686
679
677
664
641
628
614
623
643
616
619
623
635
655
658
641
644
628
637
664
656
650
644
771
790
755
727
717
722
812
702
829
819
838
753
841
730
771
732
748
836
746
743
751
824
726
736
734
813
707
729
749
828
734
742
752
726
807
690
708
689
694
723
727
734
833
836
797
844
805
810
722
765
829
747
730
716
776
725
706
681
669
692
695
673
657
695
763
685
694
693
795
747
738
701
682
670
696
705
707
677
679
716
815
795
746
738
722
715
805
672
693
687
793
779
730
712
703
699
697
685
663
658
674
727
699
688
675
675
674
656
658
644
655
671
663
675
676
767
881
879
862
772
745
795
699
692
674
656
667
696
697
697
752
787
803
702
709
695
716
804
710
718
716
797
702
823
705
711
699
713
777
688
720
741
858
912
907
824
772
837
861
795
850
817
859
768
871
847
830
769
826
823
776
799
725
702
686
670
723
834
737
795
813
794
713
734
713
787
692
742
822
842
856
783
869
857
799
846
820
884
846
772
769
817
703
756
810
794
726
733
722
832
756
743
729
804
727
740
708
695
793
831
845
818
740
755
835
843
855
889
766
712
676
660
826
861
836
944
1029
941
884
883
878
889
853
851
856
880
880
854
869
872
890
878
876
867
872
828
751
818
802
832
775
764
763
839
827
767
771
750
827
735
754
791
818
805
710
727
693
708
723
704
686
673
780
784
818
724
725
710
771
694
686
666
660
681
682
669
670
675
756
718
709
704
718
739
705
686
668
676
689
668
657
655
685
766
678
710
696
712
705
689
685
689
748
684
672
648
654
660
650
641
637
678
683
668
667
685
763
706
703
689
734
753
721
726
757
750
723
713
698
710
674
661
672
701
772
682
678
666
675
748
675
671
646
620
630
676
734
663
657
646
671
792
781
757
868
809
822
716
698
677
687
709
687
671
669
762
791
783
745
725
716
780
699
711
696
727
705
689
722
712
707
710
733
726
700
688
674
691
686
689
838
1061
922
900
882
865
796
744
812
819
765
785
837
878
874
738
714
693
804
830
844
747
733
723
834
750
726
710
794
1014
967
961
916
839
713
681
766
771
808
741
729
719
928
908
813
746
688
722
780
688
687
660
661
800
802
770
717
680
662
709
853
738
838
867
886
811
845
754
864
717
746
836
823
758
829
756
861
753
724
694
686
786
773
765
708
703
693
715
774
689
711
724
922
864
889
865
804
754
700
678
656
698
746
700
772
689
677
651
642
652
869
813
767
712
673
659
669
663
648
784
838
874
830
755
687
645
650
701
668
679
685
786
797
710
742
721
784
698
732
690
683
681
660
646
631
611
807
791
802
741
703
680
662
644
742
718
704
705
673
642
616
599
587
578
705
787
815
753
738
678
651
633
681
794
725
727
684
650
618
632
688
719
702
689
685
739
927
893
845
856
858
883
796
771
729
700
714
729
714
707
689
727
846
795
735
823
822
844
774
760
723
754
723
699
708
971
900
816
720
693
700
748
750
745
739
846
867
787
750
765
883
762
721
692
716
807
831
773
766
807
864
819
731
684
647
686
922
862
840
766
702
680
719
743
707
685
657
649
651
795
824
800
711
691
669
683
729
702
688
673
660
664
700
697
667
653
633
628
623
616
604
598
644
723
657
623
599
580
579
627
735
667
650
624
606
595
600
622
629
635
632
618
618
633
672
680
660
651
641
656
671
647
629
621
638
665
710
707
705
683
691
686
666
658
651
683
727
704
698
696
710
697
677
662
670
682
669
662
655
671
685
661
648
643
688
712
691
710
693
698
679
671
687
726
734
734
715
731
711
692
693
712
724
690
687
697
789
707
700
680
690
671
651
645
701
768
697
674
649
692
702
687
648
633
612
600
665
777
702
705
717
712
699
680
682
688
813
823
839
837
795
696
649
629
646
654
642
632
622
611
606
605
610
639
707
683
691
662
641
631
617
608
611
632
681
844
920
917
936
1019
935
907
900
906
940
986
975
894
916
929
924
911
904
874
870
858
879
860
840
793
847
958
968
950
972
963
892
870
780
706
675
657
714
1026
952
905
921
912
868
860
863
874
841
828
686
665
643
623
619
673
746
689
728
695
661
707
845
768
744
682
670
652
646
685
889
874
830
828
769
750
712
696
844
765
961
843
743
705
715
820
813
918
939
898
881
856
838
818
820
780
764
735
749
845
879
812
768
706
712
695
782
799
820
773
732
725
704
707
695
693
687
680
681
677
662
671
819
903
958
972
936
924
915
920
924
893
877
862
854
802
719
671
757
753
726
726
722
688
655
642
635
727
773
814
809
784
813
735
777
725
700
715
826
811
839
795
831
822
765
793
708
714
711
723
793
771
779
764
825
813
795
723
724
714
746
813
793
737
785
765
831
810
717
705
683
662
757
788
837
802
796
853
855
847
765
753
720
768
735
768
789
784
789
729
725
697
659
633
610
596
614
700
710
705
743
808
877
877
913
901
847
718
689
673
699
741
749
747
735
715
687
669
646
636
643
812
991
982
958
902
826
756
737
700
696
716
881
905
937
897
882
836
734
722
702
816
774
726
724
710
886
908
846
834
731
720
723
828
841
858
772
709
675
659
758
702
781
694
716
718
774
767
787
710
708
701
776
729
760
672
664
623
599
583
588
580
585
591
582
574
563
551
544
536
528
524
518
511
505
501
495
488
483
484
491
522
561
662
605
804
638
783
968
1145
1096
1086
1098
1068
1041
979
989
992
945
906
935
899
908
924
928
940
899
849
822
786
855
771
757
720
707
721
724
705
651
685
670
700
715
713
948
895
860
848
860
828
762
714
715
740
820
695
688
655
813
871
795
744
725
699
661
648
653
786
812
821
816
756
769
729
695
678
663
651
680
708
695
705
867
858
783
762
747
716
715
682
664
650
640
667
774
804
870
829
788
782
695
693
661
667
679
751
692
785
698
713
672
645
628
658
742
689
728
691
691
700
819
817
745
693
674
656
646
631
616
599
587
577
567
562
558
582
624
710
711
695
712
646
640
748
783
805
730
689
655
673
679
679
666
677
763
775
718
693
683
664
661
646
635
652
668
676
671
647
636
625
635
652
678
731
680
709
713
788
794
798
801
738
714
683
688
708
698
666
649
634
663
761
746
723
795
789
808
742
709
679
688
755
679
711
692
761
742
685
661
644
656
672
648
631
627
643
642
622
604
595
598
615
618
616
613
604
607
624
644
674
802
819
812
826
831
792
780
725
749
720
719
767
727
828
700
708
689
700
681
665
661
726
681
697
668
645
616
599
592
619
683
674
685
674
756
730
695
679
667
732
735
728
699
682
666
650
628
613
618
656
699
668
717
970
826
837
854
873
858
820
806
725
744
731
711
681
659
672
692
687
677
670
664
674
727
679
701
688
659
640
622
631
642
655
659
643
623
626
746
783
782
735
689
649
627
610
617
605
599
588
582
614
768
684
653
642
626
628
648
644
630
605
587
571
558
552
542
531
532
524
520
516
520
533
582
632
687
966
915
734
872
1060
1071
1019
955
963
982
970
955
932
893
870
885
870
803
675
684
905
857
813
841
794
800
790
740
696
663
657
657
671
751
703
693
688
683
677
669
649
647
644
652
767
731
725
681
673
813
788
702
662
651
675
728
714
715
675
642
627
645
648
639
630
617
610
633
631
613
595
639
750
675
661
648
683
787
768
690
685
682
656
634
635
631
612
613
627
649
663
705
714
808
781
721
711
703
707
685
665
656
646
661
761
724
722
755
800
752
806
726
731
679
645
630
622
617
608
592
596
604
613
619
607
606
601
617
682
760
678
665
683
744
698
684
710
700
707
667
636
630
633
630
627
616
604
589
575
566
604
706
719
733
685
653
677
931
867
841
787
688
657
652
787
794
811
735
688
652
662
748
700
706
691
670
652
660
690
744
685
690
641
613
592
595
714
830
815
729
729
735
898
845
821
803
763
720
716
822
802
787
731
707
673
635
611
597
670
824
782
731
739
737
698
660
619
598
581
585
610
674
658
640
614
597
583
558
556
559
635
751
762
818
830
786
784
971
957
933
877
777
662
666
705
735
707
662
626
601
602
605
604
602
589
569
564
549
550
545
551
545
542
536
537
538
550
548
549
545
541
531
530
529
535
539
544
536
536
532
526
521
522
523
533
534
539
537
530
521
524
535
583
586
616
610
598
579
572
567
578
604
621
616
604
596
576
564
556
563
572
585
600
610
597
579
573
581
603
600
603
608
606
593
588
609
624
636
628
614
612
616
640
630
621
608
596
597
599
599
592
585
569
548
550
537
531
526
517
518
510
504
501
494
492
496
490
486
486
480
474
474
476
468
462
471
463
457
458
455
460
452
445
451
447
441
440
434
442
440
439
436
430
438
432
435
429
428
432
428
434
434
430
430
426
433
428
435
430
433
432
431
439
436
430
433
429
434
433
438
434
431
432
431
440
447
443
440
440
451
445
439
438
436
443
439
444
438
432
436
430
436
430
425
422
424
430
425
431
427
424
422
850
423
421
418
420
422
422
432
424
429
423
426
422
421
423
421
420
419
419
422
424
428
429
434
433
425
424
420
424
421
425
422
420
421
415
418
416
423
421
421
423
417
417
415
421
421
423
421
418
418
420
426
424
424
419
418
419
415
419
416
417
416
415
413
409
413
410
420
412
416
414
413
413
408
411
410
411
412
417
412
412
411
411
416
415
420
417
424
418
415
414
413
416
412
417
415
415
413
407
408
408
409
410
416
415
411
411
411
411
410
415
416
417
420
422
420
414
413
412
416
413
419
417
412
413
410
413
411
416
408
413
412
411
408
406
407
403
408
403
409
404
410
404
407
406
402
401
400
402
400
402
400
403
402
408
400
400
400
403
400
399
400
400
400
403
407
403
413
406
407
411
411
414
414
418
413
417
414
414
414
417
416
418
424
419
422
424
423
424
418
421
419
418
417
420
420
422
420
419
423
422
427
427
422
422
417
422
418
420
420
415
412
407
409
407
410
403
410
405
404
400
399
396
399
397
397
400
396
396
396
398
396
402
398
403
404
403
401
402
407
408
411
409
409
414
417
414
418
417
417
420
415
416
412
420
413
419
412
409
412
411
412
410
407
411
414
409
412
409
405
406
400
401
399
401
398
404
396
403
399
402
399
402
406
405
410
405
410
407
413
408
416
417
420
418
414
413
413
414
413
410
409
409
411
409
408
406
405
406
408
410
417
420
423
426
420
421
420
425
424
425
422
418
419
845
425
427
424
423
423
421
425
421
424
421
414
414
410
417
407
416
412
418
415
412
414
412
415
413
414
414
417
412
415
412
409
410
412
414
415
414
411
413
416
409
410
409
414
408
411
412
411
411
404
406
405
404
408
414
407
407
406
403
405
403
406
400
407
405
409
413
409
409
407
410
408
415
410
417
408
405
407
402
404
400
403
808
406
405
402
399
401
404
409
412
417
419
421
838
419
414
415
411
410
407
411
404
411
410
404
406
406
407
403
405
406
406
408
412
409
407
407
404
409
407
408
407
411
412
411
411
406
408
826
408
412
414
409
413
408
408
409
415
407
416
412
410
410
402
403
404
408
806
401
406
406
405
400
403
403
403
403
399
401
401
402
406
400
398
403
399
400
403
399
398
396
397
394
398
395
398
394
397
390
397
391
395
392
396
393
392
393
393
392
395
396
391
395
391
392
387
394
383
387
390
390
390
391
389
392
390
396
397
403
402
399
402
402
407
404
413
408
409
407
403
403
398
397
396
399
400
406
402
405
403
410
412
410
417
413
412
830
420
420
419
420
421
420
424
428
433
425
424
422
419
423
849
421
426
423
416
415
412
415
415
413
408
412
407
402
403
402
401
399
399
403
400
401
405
406
402
402
405
403
401
403
818
406
409
409
409
407
404
407
412
414
412
412
415
419
425
431
437
432
428
427
430
433
439
437
434
431
435
435
442
448
440
438
438
446
457
465
459
452
449
453
462
466
474
469
460
453
455
461
468
479
474
464
461
465
482
498
499
483
473
479
494
514
506
488
477
466
475
492
499
484
470
475
487
511
523
537
536
533
513
493
486
499
523
548
556
539
511
497
512
533
546
556
563
537
511
494
510
535
572
570
566
539
511
508
521
533
546
528
508
500
511
532
539
521
505
514
534
546
527
507
493
503
524
529
515
500
490
499
513
521
539
540
516
502
513
527
540
521
506
508
534
558
538
520
524
553
566
554
531
533
563
578
558
535
523
546
559
555
538
528
549
553
548
528
521
529
551
559
566
557
553
547
544
532
516
503
503
531
604
693
682
641
587
558
574
601
614
608
583
553
534
538
546
549
529
517
509
514
535
535
516
504
501
513
546
572
549
528
532
544
546
531
516
523
537
554
545
524
519
516
514
510
506
504
499
498
491
483
480
486
503
512
521
521
522
523
522
513
521
547
573
597
606
597
564
542
538
558
571
582
570
564
562
543
528
534
547
554
567
552
533
522
533
556
564
543
531
537
551
568
579
578
576
568
552
537
540
547
548
554
552
555
542
528
518
528
557
612
659
668
608
580
578
625
599
608
597
577
569
597
620
640
630
624
601
579
559
559
567
590
581
572
579
634
678
720
666
617
589
589
600
603
595
570
555
559
561
557
543
536
541
556
549
541
534
557
566
556
540
533
536
537
531
521
513
512
529
531
526
524
535
516
511
514
500
494
498
493
481
482
479
486
472
466
472
470
474
466
465
470
470
466
467
463
473
473
468
464
460
468
464
455
455
453
460
461
454
452
454
455
454
450
447
449
451
451
455
449
447
444
444
449
450
445
442
442
443
447
450
446
443
440
437
441
438
440
438
438
436
437
438
434
440
438
447
447
452
454
454
458
463
467
469
968
485
480
477
474
479
477
480
487
486
479
469
466
459
459
453
452
451
455
452
453
449
446
443
888
440
439
435
431
433
429
433
434
435
430
428
430
430
433
432
435
436
438
438
435
434
432
438
435
443
444
438
439
437
442
442
440
441
438
438
437
438
433
437
437
439
432
429
426
423
426
422
426
423
426
421
419
417
418
416
412
414
412
415
413
418
420
417
416
418
417
420
418
413
415
413
415
409
418
408
416
410
415
414
413
412
414
415
413
414
413
418
410
415
411
415
414
417
417
418
424
423
422
423
433
427
434
430
426
428
427
435
429
437
432
437
437
433
431
430
437
434
432
429
436
431
427
426
425
428
426
424
422
423
426
418
419
415
415
414
415
412
419
408
416
409
414
412
411
410
413
414
409
412
411
417
415
416
410
414
413
418
412
412
414
415
419
412
416
416
418
416
420
419
420
417
418
414
415
418
411
413
410
413
413
421
415
416
411
415
419
427
437
438
446
445
442
444
442
445
448
461
453
451
451
451
457
463
456
452
449
448
450
459
450
448
449
446
454
444
446
443
441
444
448
456
447
445
443
439
447
440
443
443
444
438
438
442
441
447
440
434
434
430
435
431
429
430
431
431
426
429
430
434
430
432
430
427
430
431
431
426
431
433
432
429
427
871
437
434
432
433
431
429
426
430
428
435
428
428
429
427
426
424
430
426
423
422
424
425
418
422
426
426
423
430
431
427
429
434
437
434
443
441
441
439
443
449
442
442
444
442
438
435
433
436
441
438
435
433
431
429
427
425
426
430
429
425
422
428
434
439
445
437
436
439
446
455
450
447
453
461
469
468
464
455
448
453
453
458
452
448
451
455
457
464
464
458
454
450
455
457
465
474
475
477
465
459
461
462
465
471
473
478
476
467
457
455
460
470
497
516
525
524
515
496
485
483
495
519
550
562
561
535
510
498
490
500
500
508
504
502
488
479
471
479
483
491
486
479
475
482
494
486
480
475
478
480
487
490
494
486
477
472
470
473
475
479
479
485
487
473
473
474
487
488
492
488
487
476
473
470
472
485
492
496
491
498
488
480
473
477
482
497
502
499
483
476
477
490
520
549
541
533
520
503
491
495
499
513
507
499
487
487
486
494
494
498
494
482
476
479
480
485
481
476
469
473
480
487
482
478
479
495
497
498
487
494
498
519
510
501
499
515
513
501
493
504
509
510
498
489
490
481
476
471
466
473
476
489
494
491
481
479
477
485
493
503
504
495
486
485
490
492
501
491
483
478
480
479
488
488
487
478
479
484
504
512
505
503
521
527
521
509
514
521
537
532
530
542
538
528
525
527
533
538
529
521
518
526
525
521
510
511
521
529
522
514
521
534
552
543
533
533
553
548
543
529
513
502
494
493
498
496
503
499
492
485
484
483
496
498
506
504
499
493
503
517
553
560
548
526
513
509
513
540
541
534
524
523
534
530
527
533
531
533
516
506
499
501
497
497
491
490
492
503
504
515
516
524
517
514
527
538
531
523
533
545
547
534
523
532
530
523
513
502
504
500
504
500
501
495
486
483
487
494
498
491
497
518
548
543
534
531
569
588
558
549
556
555
551
548
537
521
510
501
506
513
524
519
518
517
510
500
497
502
503
500
494
495
497
502
496
489
486
490
492
485
479
479
481
488
483
477
477
481
484
488
485
488
483
485
476
473
473
479
479
474
472
474
479
479
472
470
477
479
481
474
475
480
492
488
482
481
488
481
478
479
483
480
479
472
478
478
482
475
477
469
475
476
476
468
467
461
465
465
466
469
464
470
465
462
458
459
461
467
468
469
470
472
463
462
465
467
469
460
463
468
479
482
479
483
493
513
506
507
505
513
514
503
500
498
496
488
484
487
486
480
474
472
477
479
476
470
476
470
470
462
462
460
463
461
460
454
458
459
465
458
464
468
476
475
471
478
479
475
469
473
469
473
467
465
469
469
470
460
459
455
453
449
449
444
446
441
441
438
437
434
431
437
439
450
446
447
447
459
469
463
459
468
471
481
480
468
470
474
481
487
486
494
491
482
484
482
484
475
473
476
474
467
462
461
464
459
456
456
462
462
464
461
452
457
453
451
448
445
449
447
444
442
442
438
438
434
432
434
434
435
430
427
431
429
430
428
424
424
427
424
428
424
425
426
427
429
422
426
423
427
423
425
421
429
428
432
424
430
427
432
425
430
426
430
425
428
421
428
425
434
432
440
433
437
435
439
433
432
434
438
437
434
438
436
439
434
437
438
442
435
436
435
436
436
434
434
435
432
430
427
426
426
429
427
426
425
426
427
426
429
426
428
430
429
424
419
421
421
421
424
423
419
421
419
420
418
413
418
415
422
413
416
416
417
413
414
413
410
412
409
413
405
409
407
408
406
408
407
409
408
407
408
411
413
409
411
409
413
414
411
409
413
412
415
414
410
412
412
416
412
415
408
412
414
417
414
411
411
410
411
405
409
404
409
405
409
401
407
406
409
405
404
406
405
407
402
406
404
406
406
413
408
410
411
410
411
414
417
414
425
427
423
425
427
424
418
418
418
424
425
423
420
423
420
414
413
412
413
408
409
405
409
406
405
402
409
407
412
408
407
407
406
408
409
416
414
420
416
423
415
414
413
411
414
408
412
413
415
410
419
408
412
411
405
405
405
405
403
402
402
407
401
406
401
410
407
406
404
407
406
404
403
402
405
403
406
399
407
403
408
401
405
408
406
408
402
406
405
409
399
406
400
401
400
403
399
400
399
401
402
397
399
398
399
398
404
396
403
396
403
396
401
399
404
399
399
403
397
397
396
401
395
396
395
398
395
395
396
396
400
397
397
397
400
396
399
396
401
399
399
394
795
399
395
398
397
396
396
398
402
406
405
409
416
414
420
415
418
423
417
417
417
418
416
415
414
422
411
412
412
407
408
405
406
406
406
401
405
402
404
398
402
401
399
400
400
399
396
400
400
397
397
397
396
397
394
396
392
396
393
394
394
395
392
390
392
390
391
387
391
389
389
388
389
389
389
385
389
384
385
380
383
379
382
376
378
375
377
373
376
371
374
373
377
374
377
375
378
376
381
376
378
378
380
378
379
375
379
377
382
375
379
378
378
378
379
374
379
375
380
375
378
375
380
378
381
376
377
377
377
378
384
378
384
383
385
379
384
379
379
377
379
379
378
378
379
380
376
377
378
376
380
377
377
380
377
381
373
377
374
380
373
378
374
378
373
377
374
377
373
375
375
377
374
376
373
378
372
377
372
375
370
376
372
369
375
374
374
376
374
379
375
378
377
378
379
378
377
377
375
376
375
378
373
374
373
374
373
370
371
371
370
370
368
367
367
366
366
364
365
366
363
363
364
365
363
364
360
365
361
367
360
362
361
364
360
365
358
363
358
363
358
363
359
361
360
361
356
361
360
357
360
358
362
362
358
361
358
362
360
361
358
362
357
365
357
363
356
366
357
366
362
364
362
366
359
362
360
364
359
361
358
365
358
362
360
360
359
358
359
361
359
360
358
359
357
361
360
358
358
361
359
361
359
361
360
362
360
361
361
361
359
358
357
357
358
355
355
355
357
357
358
354
360
355
359
354
356
356
361
354
359
355
360
354
359
357
361
355
356
355
357
354
357
353
354
354
351
353
354
351
350
354
351
356
350
354
353
355
352
354
352
357
352
356
354
356
353
354
353
354
353
353
353
353
352
352
353
354
351
354
351
352
354
354
355
354
356
356
355
356
354
355
355
356
356
357
354
356
356
357
354
355
354
354
354
354
354
354
354
353
354
351
353
352
356
350
354
349
354
348
350
348
354
351
352
347
351
346
353
348
350
348
350
348
349
346
349
347
349
347
347
344
345
347
343
345
346
347
345
345
343
350
345
347
343
349
344
347
345
345
345
346
343
345
345
342
344
342
346
340
685
344
343
346
342
346
343
347
346
343
346
347
344
345
345
344
347
344
349
343
348
341
347
346
350
342
345
343
346
341
344
343
343
343
341
340
340
345
340
343
339
344
340
341
341
343
339
343
339
340
340
337
341
336
344
340
340
335
345
337
342
336
341
338
340
337
338
336
338
337
336
339
334
340
334
341
333
338
334
339
333
340
334
338
336
338
335
336
334
335
334
333
336
334
338
334
338
334
339
336
334
336
335
333
332
337
332
334
336
340
332
337
336
335
335
335
336
332
339
331
337
337
340
334
337
335
338
333
336
336
334
333
332
336
332
337
331
334
331
337
333
334
332
333
332
332
333
331
335
331
333
333
336
333
336
334
334
334
336
334
335
335
332
336
331
336
334
333
333
336
332
335
333
333
335
335
331
335
331
335
334
330
334
332
337
327
336
332
333
332
331
331
333
331
333
330
330
329
329
330
327
332
329
332
328
332
329
327
327
328
328
324
328
324
325
328
330
325
328
326
329
324
327
325
321
327
324
329
326
327
327
325
327
326
327
324
327
325
327
328
329
328
327
327
327
327
327
330
325
329
327
329
330
329
327
327
326
322
331
326
330
326
329
327
327
326
325
324
324
324
324
328
326
325
327
326
325
324
323
321
326
322
326
322
326
321
325
321
324
320
319
323
317
325
320
323
325
323
321
325
319
320
324
316
321
321
323
321
321
320
322
320
318
319
317
323
319
323
321
319
321
317
318
316
322
318
320
320
320
318
321
317
318
636
315
318
321
318
316
316
314
317
314
318
315
320
318
319
316
317
319
314
315
640
318
320
319
319
318
316
318
315
324
318
322
319
320
320
319
320
315
319
322
321
320
319
318
318
318
314
316
315
320
318
321
317
318
315
315
319
318
319
319
319
318
319
318
314
321
313
320
320
318
319
321
318
318
316
317
321
318
320
320
320
317
321
318
315
317
316
316
316
323
317
318
318
315
315
315
316
317
316
316
317
315
316
315
314
317
313
319
315
317
316
317
315
315
316
314
317
316
319
317
317
316
314
318
313
313
316
320
317
317
316
320
317
314
315
312
320
316
316
316
315
316
314
313
311
318
313
317
313
315
314
312
312
310
315
314
313
315
314
313
312
313
309
315
314
315
313
313
313
312
312
311
315
312
313
312
314
313
309
313
309
314
313
313
313
312
310
310
313
312
313
312
310
312
307
313
311
313
310
313
311
313
309
308
313
311
313
313
313
313
313
313
310
317
313
314
316
315
314
316
313
314
317
313
316
315
317
314
314
313
310
318
313
316
314
315
312
313
312
313
315
312
314
313
313
314
312
313
309
314
313
313
312
311
311
312
313
310
313
313
310
313
308
314
310
313
311
314
312
312
312
309
309
310
314
310
310
311
311
308
308
310
310
313
310
311
310
305
615
312
309
312
310
310
309
307
311
305
313
309
311
308
309
306
304
311
311
309
311
307
310
306
309
307
312
309
310
309
309
307
307
309
309
311
312
308
310
304
310
306
309
308
310
309
308
305
303
311
307
309
310
308
308
305
307
303
311
308
307
307
305
306
307
308
307
309
307
308
307
303
309
304
309
306
308
306
307
304
302
309
307
306
308
305
305
304
307
307
308
306
305
306
304
305
305
309
307
305
307
302
309
304
307
307
307
307
304
306
303
307
303
307
305
306
307
305
306
305
309
306
310
306
307
306
305
310
308
309
309
310
308
307
307
303
306
310
308
306
308
308
306
306
305
305
306
309
307
304
305
301
309
305
306
307
305
305
305
303
304
304
305
306
305
304
303
299
306
305
303
303
301
303
301
303
299
305
304
303
303
303
303
300
299
302
306
302
302
301
300
303
300
304
301
304
303
302
302
300
303
301
303
302
300
304
298
302
303
304
303
304
301
302
304
301
305
304
303
302
298
305
302
304
304
303
301
302
300
300
301
303
303
302
303
299
300
302
299
305
303
300
304
297
303
297
302
303
301
299
298
301
299
297
303
300
302
302
299
297
304
300
299
304
298
302
298
303
298
301
304
299
302
298
299
298
299
301
303
299
301
298
299
300
299
303
302
298
301
297
301
299
300
299
297
300
293
302
296
301
300
298
298
298
296
299
298
297
301
298
299
297
298
298
298
301
299
297
297
298
296
298
302
298
297
299
296
298
294
301
299
295
298
296
296
293
298
299
296
297
297
298
294
297
298
296
297
299
299
295
295
299
298
295
300
298
297
297
297
295
299
301
298
298
297
296
296
297
300
300
296
301
294
297
295
302
300
294
298
297
296
298
297
296
292
299
295
296
298
300
293
300
300
299
300
297
297
297
301
304
303
302
300
300
306
306
302
307
310
304
307
310
309
305
313
313
307
313
316
311
312
315
315
310
315
319
314
314
319
320
314
321
325
318
321
328
326
321
324
331
326
322
327
329
331
334
330
330
334
336
330
335
341
339
337
337
339
343
348
343
341
347
344
341
343
347
341
343
348
345
347
346
342
343
351
348
344
350
351
354
349
344
351
345
346
338
347
349
343
344
353
346
345
352
350
347
352
353
347
350
354
359
357
354
359
360
357
358
365
356
363
364
360
356
362
356
356
360
365
358
360
363
358
357
361
361
367
360
362
367
360
360
368
361
361
365
365
367
362
367
364
360
364
365
360
366
366
362
369
367
365
369
367
365
369
368
369
368
365
365
368
367
379
375
373
381
379
376
376
375
378
372
375
379
374
372
381
378
374
382
382
385
383
383
386
379
383
386
381
385
392
387
387
392
391
396
392
391
394
387
393
390
386
396
391
388
400
395
394
397
400
793
413
401
392
400
396
396
402
402
397
405
411
408
415
416
420
423
416
420
421
415
426
420
417
414
413
411
409
409
420
413
411
416
409
414
414
417
409
413
409
400
405
409
401
408
417
413
417
430
426
434
437
438
440
430
438
435
426
433
435
428
433
439
433
436
438
438
438
429
439
437
433
446
443
440
447
444
439
450
442
439
440
442
444
446
438
440
443
437
441
451
446
444
444
454
466
464
462
453
464
460
450
453
454
456
457
449
454
451
443
453
458
454
453
453
457
456
468
470
463
466
464
464
466
468
465
458
467
461
461
470
475
475
466
479
472
468
479
474
463
466
459
456
453
446
451
458
454
453
470
465
468
477
475
479
467
472
473
458
463
463
456
464
472
467
462
468
467
471
462
468
472
462
469
470
466
476
478
471
476
478
478
471
473
476
473
464
462
462
463
464
457
464
469
463
475
472
471
480
481
480
483
486
490
490
492
484
475
474
475
472
470
487
483
481
492
497
490
502
501
489
504
500
505
493
495
496
484
489
492
486
481
494
494
487
494
495
492
489
493
493
495
492
486
493
494
491
487
488
487
489
491
495
499
501
506
499
496
497
496
486
495
489
483
487
486
488
487
480
483
490
486
488
496
498
492
503
504
505
501
496
499
493
489
498
499
496
493
503
509
502
512
516
510
512
514
515
515
511
505
508
511
502
499
503
502
492
496
490
486
479
479
479
482
486
481
488
493
495
492
500
505
500
504
508
508
500
508
508
506
499
507
508
501
500
501
499
493
484
492
494
492
497
491
490
496
498
499
500
501
494
494
490
492
490
490
488
483
490
494
491
498
507
500
508
508
502
506
505
500
499
492
487
490
482
482
487
484
481
489
495
490
500
500
501
498
505
511
506
518
517
515
521
525
520
522
521
516
509
512
510
503
510
508
510
506
505
508
510
505
515
515
509
510
510
510
508
502
500
504
505
500
504
508
505
502
505
501
501
494
493
498
500
498
500
502
507
502
499
501
500
498
504
512
511
510
521
522
525
518
521
521
511
509
508
512
505
507
512
511
509
510
511
508
508
508
504
493
498
492
486
486
489
492
493
500
506
511
511
514
506
511
511
505
507
503
499
496
498
498
498
494
502
500
502
506
502
509
516
517
513
518
516
513
507
514
512
506
501
496
493
490
486
481
484
484
485
484
489
496
494
493
499
504
502
499
497
501
499
495
499
497
498
496
493
497
500
501
501
504
511
513
507
517
515
513
514
515
510
506
509
509
508
509
503
499
498
501
500
507
518
517
522
531
537
532
536
537
539
532
534
525
526
515
512
507
509
501
503
501
494
496
501
506
511
507
512
514
513
515
507
512
509
505
504
502
505
503
504
509
515
511
513
513
514
509
505
500
497
498
494
496
501
502
499
504
506
509
504
509
506
500
503
500
500
500
497
500
503
500
505
506
506
505
506
507
500
500
498
497
492
493
490
491
487
489
492
489
490
492
492
491
486
486
488
484
481
481
480
480
482
480
484
491
487
489
496
496
494
502
506
509
508
514
517
516
517
521
520
521
521
519
510
507
499
498
492
489
488
486
487
486
490
495
500
500
501
501
504
500
499
497
493
493
491
491
493
497
495
499
499
501
496
496
497
495
499
502
504
502
508
507
506
505
508
506
500
504
503
505
507
509
511
517
518
516
518
521
515
513
508
508
502
502
506
505
510
518
525
529
533
537
543
538
540
539
543
535
541
539
534
530
526
517
509
500
495
494
491
489
496
503
502
507
512
520
515
515
518
518
519
513
510
510
509
507
503
501
501
496
495
494
496
494
489
494
499
498
500
502
504
508
504
507
505
506
501
500
501
501
498
497
497
498
496
490
494
494
488
493
493
494
494
499
500
501
502
502
504
499
503
503
500
504
505
499
495
497
498
504
505
502
501
497
503
506
507
511
511
514
507
505
499
499
502
507
509
511
515
516
513
511
513
510
513
512
511
500
504
499
499
500
498
506
505
513
513
512
517
520
528
528
525
529
528
527
523
517
513
508
509
509
513
513
514
507
506
507
510
512
512
509
516
520
525
530
528
529
526
528
521
521
515
517
515
517
520
521
528
534
541
542
541
534
535
533
534
527
529
523
520
519
513
512
513
515
517
515
519
520
517
520
519
516
508
509
507
505
508
508
508
508
504
509
509
509
514
516
516
512
513
510
506
507
502
503
499
502
506
509
516
516
523
526
524
529
528
528
526
528
524
523
524
526
526
525
528
531
528
523
521
520
511
509
498
497
498
495
503
513
520
523
522
531
537
535
535
538
540
537
538
533
530
518
515
506
504
498
491
493
496
496
498
502
509
518
516
518
515
514
510
504
497
497
496
498
500
498
496
493
497
494
495
499
502
503
504
506
508
512
509
507
502
500
498
492
494
494
492
492
493
493
498
495
496
495
496
496
493
495
496
497
498
495
492
495
492
491
489
486
485
486
483
487
492
492
494
498
500
503
500
503
506
506
502
506
504
506
498
495
494
491
489
493
493
497
501
498
503
505
504
505
508
511
509
516
517
517
515
515
512
510
503
504
500
501
496
498
502
503
509
520
524
525
533
539
543
535
542
546
546
549
550
538
545
541
531
533
529
533
519
516
521
514
505
501
497
495
494
496
494
493
494
495
501
499
494
501
498
500
507
515
521
525
520
529
531
531
525
531
531
530
524
528
525
524
527
521
530
534
537
539
537
535
531
524
520
519
520
522
520
527
539
549
560
573
581
582
573
557
546
539
537
540
539
539
531
525
517
517
532
568
595
601
599
584
568
561
563
560
554
558
556
563
567
563
563
565
563
563
553
538
546
557
571
572
568
568
557
564
557
558
558
555
547
551
558
563
572
568
572
563
564
561
546
550
554
554
556
555
556
547
549
537
533
532
535
531
531
539
541
543
561
571
578
575
581
582
580
566
572
557
563
554
553
548
542
542
537
536
532
532
528
525
525
525
529
536
536
565
593
618
620
615
609
597
587
577
574
566
565
553
552
545
545
546
545
551
540
544
548
552
556
554
556
553
551
539
547
544
554
554
557
558
547
548
546
549
540
539
543
537
549
560
555
555
565
574
575
571
571
564
559
551
539
535
533
534
532
531
530
530
532
540
546
557
563
583
592
582
580
579
579
579
576
573
569
565
564
553
555
554
552
552
549
544
542
533
530
535
548
556
564
566
585
605
617
611
602
594
579
579
571
563
558
554
553
554
561
553
571
576
584
587
582
579
574
569
568
565
561
562
561
559
555
554
560
564
565
590
599
600
596
593
593
604
592
589
581
578
577
570
563
557
549
545
544
540
546
553
557
567
570
572
591
598
607
602
599
589
579
564
561
560
560
561
558
555
554
551
552
556
559
567
573
595
644
613
604
597
586
593
588
584
581
573
569
557
556
554
556
556
557
553
551
549
553
553
555
563
578
590
591
593
611
613
610
605
595
588
578
572
571
568
569
563
566
567
569
569
579
583
607
622
623
606
611
609
600
581
585
577
572
568
557
557
553
538
533
528
526
528
525
527
543
559
565
568
569
563
568
574
588
580
571
577
577
577
575
576
570
571
566
565
559
560
545
541
542
548
551
555
553
551
549
545
539
538
540
531
537
548
557
563
568
573
577
608
610
597
606
594
587
581
563
567
555
550
544
541
539
531
528
525
515
515
520
534
544
555
564
563
566
579
612
635
665
663
645
639
633
622
608
595
590
584
580
568
567
564
559
558
560
547
541
541
541
542
538
550
561
574
588
596
586
577
582
588
587
585
575
573
555
547
540
535
532
529
529
525
532
536
544
554
554
550
585
639
676
675
649
625
607
593
582
568
564
562
560
559
558
557
552
551
545
556
565
569
571
568
565
564
565
566
564
564
548
552
550
552
551
553
549
551
545
547
547
552
569
585
593
588
576
581
594
597
592
585
587
581
582
570
569
560
558
546
542
543
549
553
560
563
563
564
563
551
552
549
553
552
557
557
564
571
587
605
632
660
665
649
649
637
625
608
603
595
587
582
578
576
571
569
569
567
565
557
566
580
594
595
591
584
598
604
604
601
595
595
593
593
581
587
588
590
578
585
588
585
585
580
583
582
595
599
598
601
611
616
618
610
607
608
602
585
584
575
566
561
555
545
541
545
557
557
570
574
575
577
574
591
598
597
592
589
585
583
581
580
579
576
576
577
580
581
587
591
597
598
608
609
635
609
602
607
606
602
598
584
580
582
569
565
562
563
550
550
560
573
576
598
622
612
605
625
630
631
621
614
607
600
590
571
569
572
574
577
579
578
585
589
586
583
598
604
604
600
596
588
583
579
567
563
551
548
540
543
550
563
571
563
608
632
650
636
621
611
604
593
580
578
579
579
577
578
577
565
572
577
577
587
589
607
620
635
632
627
633
626
620
607
589
592
579
574
563
556
549
542
537
543
560
568
576
592
601
605
607
614
646
659
653
656
649
651
641
623
610
598
591
587
583
574
572
566
572
571
573
568
562
555
555
551
550
553
553
549
547
538
535
537
536
546
543
562
569
569
570
562
558
551
548
538
538
538
540
541
540
536
535
527
522
524
530
535
540
541
541
553
555
560
565
561
558
554
545
539
530
523
526
526
529
531
532
540
545
548
548
541
540
527
530
521
525
529
532
536
537
545
530
528
526
528
517
521
526
539
537
556
568
569
575
565
558
559
564
569
567
567
558
558
559
559
558
556
552
547
547
545
543
586
611
629
629
624
609
599
588
582
577
569
566
562
562
565
576
591
612
622
631
636
653
659
649
634
619
615
610
601
593
580
575
569
563
565
563
572
586
593
597
591
595
607
591
584
574
571
567
565
564
557
563
568
572
573
574
571
565
578
577
576
572
568
564
570
574
576
574
567
569
564
562
561
558
565
575
588
593
597
604
619
630
615
607
599
600
596
594
584
577
569
568
566
562
560
550
556
561
564
562
558
551
541
544
547
546
546
540
539
538
537
535
533
524
525
528
528
534
537
553
590
605
601
588
584
590
588
577
564
559
555
548
546
538
538
538
536
536
529
530
530
531
532
531
530
532
534
534
539
533
535
532
532
537
533
538
541
541
541
539
537
533
533
523
523
524
534
539
544
555
561
583
587
581
625
597
587
569
559