837
742
721
739
830
911
931
917
874
854
847
849
853
858
878
864
830
782
742
755
795
821
770
813
827
765
765
834
883
820
861
822
771
816
825
766
822
822
771
829
868
878
785
830
835
818
788
826
858
815
827
878
900
830
897
900
773
715
762
865
938
948
956
948
914
838
895
865
913
935
909
916
927
864
755
716
752
875
987
980
983
933
985
998
891
769
729
742
865
1010
1045
1007
999
1000
977
989
979
965
969
947
898
875
854
747
716
759
946
990
956
960
932
904
801
774
812
891
921
936
939
917
888
780
727
701
717
822
924
828
815
884
908
910
894
864
832
817
742
766
774
845
841
842
814
898
919
870
782
833
906
926
932
936
926
837
767
817
889
980
967
939
939
882
888
826
880
934
928
823
820
829
771
745
732
724
723
718
705
688
680
675
671
684
689
700
668
664
650
672
725
769
787
779
759
730
717
726
739
687
690
697
770
852
861
847
826
797
771
761
689
682
662
699
782
833
869
873
850
810
779
760
753
747
755
739
750
762
753
717
699
733
777
791
790
768
743
685
660
644
650
711
854
906
927
932
909
891
865
813
728
710
685
703
767
782
774
749
774
822
826
809
792
767
734
789
852
886
818
819
833
841
869
888
877
848
827
816
802
784
743
751
840
921
904
855
813
768
739
722
678
659
671
828
891
943
929
877
825
804
779
744
755
793
814
822
793
759
732
706
677
674
653
683
745
829
847
720
718
710
682
669
675
707
745
717
727
808
877
768
753
782
806
809
812
742
725
708
741
743
746
719
702
726
767
869
866
832
839
843
800
769
742
726
709
675
660
666
702
758
799
809
827
887
915
886
861
857
788
840
835
857
881
930
922
924
838
827
804
771
783
776
767
736
681
693
684
699
704
705
701
729
770
790
838
855
826
787
751
739
727
732
751
766
789
794
778
767
755
745
765
749
766
729
717
780
758
714
711
793
789
758
769
775
737
757
740
738
731
727
737
735
741
735
760
769
743
724
667
637
610
617
604
610
631
650
721
822
861
887
747
765
718
698
711
739
745
755
757
736
713
691
670
690
717
749
767
780
725
699
713
724
746
763
749
741
690
680
690
738
775
757
730
717
714
686
687
698
744
768
799
788
740
688
676
662
662
692
696
712
742
758
764
735
705
708
708
680
645
614
595
604
608
679
802
851
843
784
797
837
823
822
795
786
764
779
778
776
851
777
707
671
669
668
747
886
904
903
860
773
769
786
813
761
760
759
772
830
823
846
911
954
972
958
896
806
864
896
982
886
876
942
860
835
823
842
819
878
898
863
821
835
857
783
800
753
732
712
705
732
772
816
847
823
787
762
740
729
680
675
677
714
795
842
858
819
801
777
752
715
689
706
780
865
855
831
810
854
889
891
884
855
846
778
752
814
874
883
871
854
790
746
758
787
800
800
787
785
773
725
708
738
819
798
782
826
855
860
850
796
748
712
717
741
760
767
787
752
728
764
791
817
810
813
785
759
731
706
698
690
707
730
718
735
822
876
905
892
857
793
747
726
681
667
674
736
883
945
961
971
918
887
824
740
768
744
722
726
784
822
819
798
743
718
721
763
786
773
759
826
837
840
803
823
786
832
835
846
845
771
741
778
859
887
925
854
888
901
805
824
851
889
922
900
857
781
767
765
808
821
836
872
931
901
871
844
810
729
747
763
793
825
865
836
799
757
726
716
678
661
658
702
838
867
821
833
877
834
822
828
781
734
759
750
833
793
774
814
807
749
777
754
757
754
733
707
703
718
762
836
856
805
776
809
780
859
844
889
900
896
840
814
786
755
810
810
842
859
887
900
854
837
815
833
761
716
695
698
734
826
902
933
877
881
865
843
862
908
926
921
920
898
914
944
948
964
904
955
947
848
922
1042
947
908
951
839
818
853
853
847
897
905
881
866
810
844
863
873
897
843
833
849
889
898
929
904
789
768
782
826
889
886
877
859
818
783
784
813
802
832
859
786
747
727
713
726
755
787
840
836
808
731
714
680
667
643
644
664
752
801
836
842
863
847
840
850
837
850
865
871
883
811
728
705
742
865
903
906
921
928
939
942
884
796
808
833
836
881
916
903
923
932
919
811
769
794
829
852
871
766
712
697
750
841
882
910
913
914
862
817
836
829
795
795
799
816
813
839
848
849
820
827
788
830
856
879
881
813
775
773
826
860
890
907
902
934
939
909
853
803
775
821
868
874
903
906
899
848
861
859
769
769
757
732
812
843
833
778
830
879
898
890
872
843
812
779
747
709
676
664
709
945
946
958
944
952
951
951
937
884
853
809
791
830
837
857
788
815
900
929
883
879
896
916
816
811
847
889
913
929
922
877
831
840
818
838
842
788
850
798
859
864
847
785
795
768
776
834
898
830
885
901
887
876
830
764
787
792
885
830
807
859
907
930
807
734
734
732
813
883
930
849
812
854
855
885
912
916
922
860
802
818
903
919
958
928
822
877
894
979
1016
1062
1003
1011
941
781
732
766
897
976
1001
1023
997
1011
965
954
928
992
996
967
951
867
832
938
954
915
973
888
895
903
899
873
817
868
919
938
952
923
924
877
837
896
947
883
862
937
922
815
851
809
772
770
802
836
844
853
809
772
773
750
740
736
758
777
780
810
803
773
771
742
702
700
695
784
869
906
909
892
910
902
911
926
916
864
903
900
798
821
910
960
945
954
929
854
762
763
726
729
728
768
769
825
830
855
819
813
832
778
792
746
738
762
793
884
924
946
923
901
893
872
834
844
855
830
769
745
802
917
952
951
957
961
942
931
964
962
945
997
996
930
794
734
713
823
996
961
971
984
971
950
912
883
868
811
815
844
839
777
734
738
729
729
772
827
803
752
730
754
800
826
833
840
787
729
749
753
723
748
742
705
686
705
706
700
684
710
682
664
650
626
615
596
585
583
585
606
654
750
888
877
816
791
788
725
754
722
747
743
809
837
837
852
823
783
743
742
752
801
774
750
745
788
845
877
940
930
882
849
803
805
804
785
761
729
704
687
697
693
718
809
894
890
869
849
807
829
892
854
855
826
783
758
751
769
787
788
769
731
746
797
842
891
877
804
742
714
686
674
692
795
940
969
964
896
891
862
850
822
811
775
743
701
688
681
712
745
776
759
766
756
754
775
790
743
694
675
709
796
902
912
918
895
813
815
825
801
785
757
772
808
847
880
866
856
854
836
833
822
808
787
793
761
699
676
654
649
641
636
632
619
610
601
589
586
572
580
584
589
593
589
583
571
551
558
552
562
568
561
571
596
606
628
663
706
732
783
785
776
749
736
716
702
693
699
718
746
804
867
898
922
885
821
828
865
868
811
741
715
750
828
880
897
887
836
810
773
717
713
741
805
777
754
787
761
729
754
773
796
733
719
707
711
712
712
735
740
786
788
788
781
777
730
712
736
765
771
692
683
703
747
743
692
650
632
629
647
722
802
782
734
764
816
847
781
727
725
741
741
740
725
724
740
756
749
708
735
810
771
705
667
670
686
731
751
737
677
659
666
689
717
761
768
779
719
677
663
682
679
721
747
775
714
666
645
646
676
718
682
670
686
691
675
660
662
668
675
670
657
643
635
636
622
631
605
589
581
591
622
653
720
792
819
783
749
705
679
655
641
636
644
646
634
624
625
658
696
723
698
679
673
652
627
613
593
606
601
601
594
590
594
585
593
579
576
563
554
550
548
548
550
549
541
536
534
538
545
551
551
564
564
576
576
593
580
589
581
575
572
553
554
544
550
545
557
540
547
543
553
551
564
594
612
610
604
603
593
601
589
575
565
558
574
573
587
586
595
590
592
601
604
619
617
624
651
686
664
629
606
600
587
589
580
570
561
560
581
628
705
730
732
739
716
700
660
642
617
596
573
573
550
553
553
529
545
530
529
526
513
516
516
506
502
504
493
498
492
492
485
480
494
484
479
961
962
471
471
479
471
473
472
1418
471
467
468
472
466
470
467
471
463
1408
465
466
461
469
467
459
459
503
414
460
912
903
461
342
552
466
450
441
467
911
457
454
449
917
451
273
631
456
451
448
645
263
444
460
1351
451
451
455
453
446
453
451
453
445
445
451
447
439
1331
440
429
446
435
430
438
437
435
439
434
441
343
517
441
437
432
435
430
438
434
431
442
432
433
436
432
439
431
428
441
430
434
869
439
435
434
443
300
571
436
438
447
867
1312
427
435
432
425
427
433
426
436
428
429
431
432
428
851
439
861
1297
311
554
438
428
429
438
436
438
864
441
432
432
874
442
434
429
441
379
488
437
432
444
430
433
440
437
435
431
435
440
431
427
442
425
431
429
428
430
425
423
435
421
430
427
426
435
427
431
429
424
431
860
850
432
849
437
420
433
842
430
430
430
424
424
433
427
424
432
426
436
605
1101
434
422
422
429
429
440
1290
861
426
428
435
422
422
431
421
428
418
435
843
433
841
425
418
429
419
417
424
421
425
419
278
556
419
422
417
410
420
417
424
416
416
425
414
424
837
427
422
425
419
422
433
424
435
428
434
438
435
865
868
430
432
439
427
430
439
431
430
426
425
438
425
429
431
423
431
429
430
852
434
425
426
433
426
434
854
427
423
428
428
431
427
861
428
431
436
427
429
437
430
438
431
438
433
870
438
438
443
433
438
445
428
438
437
432
438
428
424
426
429
432
423
426
438
434
438
439
438
439
434
436
438
436
441
430
430
440
429
432
434
426
436
431
432
432
423
438
429
433
429
431
436
424
429
437
426
430
431
421
430
431
428
423
429
433
426
423
431
422
428
422
427
432
424
430
423
424
430
421
429
424
423
425
424
428
420
423
425
418
418
421
415
420
417
418
417
419
420
416
427
417
417
426
414
423
416
418
414
412
420
415
416
415
410
421
834
413
410
422
826
414
413
411
409
423
413
405
413
412
421
416
410
412
412
420
413
414
417
412
424
415
418
412
418
413
415
420
408
414
415
409
415
414
414
408
413
418
410
409
412
410
421
411
420
406
410
413
408
412
408
417
404
409
415
404
417
409
412
413
406
419
410
417
409
412
414
404
417
404
415
408
409
413
406
406
407
400
404
402
412
400
401
402
404
407
397
407
402
398
405
398
411
396
397
402
396
401
401
407
396
399
402
394
402
397
404
396
397
400
394
404
398
407
398
398
400
396
405
396
404
400
400
398
390
398
392
406
396
400
394
393
400
400
408
401
402
401
401
402
402
406
399
404
405
395
407
399
408
396
399
402
395
408
406
406
399
403
405
404
407
405
409
404
404
412
400
408
406
397
407
403
410
400
404
406
399
407
407
413
399
406
408
405
402
400
406
398
397
406
396
405
400
402
397
396
406
394
406
402
397
398
397
399
396
405
393
402
399
396
399
398
404
400
400
411
407
399
410
412
410
407
407
408
415
406
412
417
415
415
413
411
418
419
421
425
417
421
414
414
423
417
414
416
422
427
430
424
430
433
437
445
438
439
439
439
438
424
434
433
425
437
436
446
450
450
467
463
463
470
477
476
473
479
476
471
477
471
475
468
469
476
473
487
488
496
491
495
502
504
510
513
521
514
517
518
511
508
499
505
498
498
497
503
508
510
508
509
517
518
520
513
521
516
511
506
502
506
505
515
513
511
510
512
511
505
507
502
510
510
514
511
509
510
511
512
505
512
502
511
510
513
517
520
529
520
525
518
521
518
513
514
516
517
509
517
514
526
521
519
521
519
521
522
522
515
522
515
521
513
518
517
522
524
531
530
527
526
525
536
531
535
525
528
525
526
525
524
526
527
532
530
535
534
537
527
529
528
528
522
518
518
508
510
502
502
495
491
490
492
505
511
533
543
544
541
543
550
561
560
552
547
542
534
531
538
535
538
540
547
554
557
558
562
557
554
553
547
548
542
552
548
546
539
539
537
538
541
533
537
532
535
523
533
527
530
523
524
525
528
533
531
538
539
548
541
545
539
539
533
528
526
526
524
524
522
528
536
537
556
552
561
549
548
533
536
527
531
523
520
515
511
520
521
530
523
532
525
530
524
521
521
518
520
518
524
520
528
525
530
524
526
527
523
523
512
519
513
515
514
512
515
511
521
516
521
514
516
516
512
514
518
523
529
541
550
569
573
589
596
604
596
588
577
568
566
554
543
539
526
535
533
552
553
563
555
556
548
539
535
535
535
533
531
536
522
527
526
530
521
524
531
524
524
524
525
517
516
517
512
507
501
510
502
496
495
494
489
494
487
478
488
480
953
475
470
479
472
946
298
652
471
474
476
474
462
479
466
460
468
461
927
463
461
466
464
465
468
469
471
473
459
469
1394
461
453
472
461
458
459
455
460
453
453
463
458
453
464
461
455
465
460
459
458
455
460
450
452
454
447
452
446
444
451
445
441
448
443
449
441
438
444
445
440
447
438
447
446
443
442
441
445
437
438
452
438
435
438
436
445
431
436
431
431
441
432
434
437
429
438
424
425
430
422
429
422
426
425
427
435
432
433
431
431
435
434
435
430
429
438
427
434
431
425
431
434
435
425
426
436
429
434
427
428
853
438
429
429
424
429
439
432
430
426
426
435
425
428
431
429
437
428
432
428
429
437
426
436
434
429
433
432
438
434
433
443
431
438
440
433
443
436
439
435
437
441
436
431
442
432
435
438
431
444
435
436
440
436
440
436
438
439
437
444
438
436
443
434
438
439
434
442
437
436
438
434
441
432
429
437
434
440
431
431
442
434
438
438
435
438
435
442
435
433
445
438
437
438
439
445
438
438
438
433
442
435
434
435
430
438
427
428
433
428
439
431
431
436
431
440
435
432
438
432
444
435
436
438
435
438
430
431
436
432
436
430
428
430
420
436
427
430
423
420
433
431
436
425
432
429
430
436
430
432
429
428
435
431
430
434
431
442
438
440
438
439
445
438
436
441
435
442
442
433
442
438
445
437
438
436
435
437
430
429
437
425
431
425
423
434
428
434
432
431
437
433
439
435
435
442
437
438
440
436
443
437
439
436
438
440
437
433
437
431
443
436
436
436
433
441
431
431
438
434
439
434
434
441
430
443
435
431
440
438
438
429
433
443
434
438
431
429
429
438
428
434
430
438
428
436
437
435
435
439
440
437
438
449
440
446
450
449
447
451
452
446
454
445
452
444
449
446
450
444
445
446
444
447
438
451
444
444
440
451
449
455
457
462
462
468
467
467
466
468
468
458
462
453
462
451
458
454
466
460
471
473
479
476
482
480
486
482
486
486
489
479
488
481
480
480
481
481
479
481
482
482
490
485
487
487
489
482
480
477
483
481
484
481
489
482
483
479
481
474
479
478
480
480
484
484
491
491
494
495
502
498
498
499
501
495
496
495
497
488
491
486
490
485
491
490
492
492
500
496
498
495
505
499
505
494
509
498
504
495
497
489
493
493
503
503
505
506
508
514
511
512
510
517
509
512
509
513
507
514
505
517
510
516
512
519
517
517
521
517
518
517
521
519
518
519
520
509
516
506
516
512
519
518
526
529
530
537
534
528
521
526
516
525
521
523
521
519
520
517
518
519
517
516
523
524
533
524
533
529
531
531
523
521
515
513
510
514
512
517
508
519
511
523
517
524
528
528
535
534
529
521
525
517
521
510
518
508
521
510
514
516
520
521
522
527
516
517
511
512
506
514
505
515
508
512
503
516
513
521
523
523
532
528
526
520
517
510
515
507
511
505
519
516
524
517
531
534
530
528
525
527
519
519
509
514
502
512
506
515
515
520
531
542
540
541
543
528
532
520
523
521
522
518
516
520
513
515
513
520
521
529
519
526
521
532
531
530
534
527
527
531
528
521
524
510
519
509
511
510
511
521
525
540
536
546
544
552
546
542
543
537
537
524
524
512
514
510
512
510
507
510
509
519
523
528
523
521
517
521
510
518
511
518
511
513
518
515
515
511
513
509
511
504
510
501
513
507
511
510
515
508
509
515
512
515
513
519
513
511
502
513
501
506
502
505
507
513
511
513
513
507
514
507
508
506
509
505
517
513
519
518
521
523
517
518
514
514
505
520
512
517
520
523
529
523
524
521
522
508
519
505
510
507
506
506
498
500
493
498
492
499
491
501
497
500
508
512
522
513
519
507
506
505
504
496
492
499
492
492
491
488
491
491
483
490
479
483
491
479
480
491
484
484
492
483
479
482
484
479
487
479
479
487
479
481
489
482
482
492
479
479
485
479
480
482
474
476
473
469
474
466
462
474
465
462
463
456
456
451
449
458
450
447
450
451
461
450
446
458
453
449
451
450
458
447
447
452
445
450
448
441
452
445
443
447
446
452
444
444
456
450
448
445
447
455
442
445
449
441
452
444
441
446
441
447
441
438
442
439
438
436
435
439
435
436
438
435
445
433
438
438
437
445
437
437
445
438
442
438
438
440
436
442
434
433
439
432
439
437
431
444
440
440
438
440
445
440
442
447
442
447
445
440
450
445
443
445
442
451
440
438
438
435
444
434
433
439
433
440
439
436
432
431
438
430
437
432
427
434
432
438
428
431
435
429
434
434
435
430
435
442
440
438
446
445
445
445
444
453
444
441
448
443
443
437
438
442
437
441
434
435
441
436
445
441
438
439
439
442
437
431
441
436
439
433
434
442
433
434
431
425
436
426
433
426
426
427
427
436
425
420
428
422
433
423
427
424
415
434
424
430
422
422
428
420
432
425
425
421
419
428
426
429
419
419
419
415
418
419
426
414
419
418
411
423
419
423
419
420
419
416
422
418
427
420
420
418
416
422
415
427
418
419
419
417
425
423
427
424
420
428
423
426
426
421
424
420
427
425
424
419
419
422
422
427
416
417
417
410
424
418
418
415
413
422
411
425
418
420
414
411
422
414
424
415
412
412
408
415
408
417
408
408
408
401
413
404
414
401
410
405
403
407
407
410
405
416
405
408
413
409
414
403
415
408
407
404
403
409
399
409
401
410
397
400
408
398
406
400
406
396
403
400
393
400
394
401
395
404
399
401
396
398
401
395
400
397
406
403
401
401
396
398
402
405
393
403
397
396
394
394
397
389
398
393
406
396
399
392
396
398
393
396
395
398
389
401
396
396
391
394
396
389
397
394
395
388
400
392
390
394
390
393
388
391
394
399
384
397
392
390
389
389
389
386
779
392
383
393
389
392
384
393
388
381
388
390
388
387
394
385
396
390
395
390
392
399
387
399
399
397
398
400
396
399
396
401
406
394
401
398
395
396
397
402
389
400
392
394
390
385
395
391
403
389
393
394
388
391
384
392
386
394
387
402
388
391
384
391
394
385
385
390
393
379
394
385
384
387
381
386
378
393
384
388
381
383
381
379
381
379
381
374
386
380
383
375
384
377
371
381
372
376
378
382
371
379
376
381
370
374
380
374
380
377
376
375
383
367
384
377
374
372
372
377
369
378
374
381
368
381
377
377
373
374
377
368
377
373
379
374
377
365
378
373
375
372
372
375
371
377
374
384
369
387
376
381
376
375
380
373
378
379
385
371
382
372
373
370
371
376
367
376
368
380
372
375
373
374
369
369
376
370
377
364
377
371
373
369
370
372
366
371
369
368
366
376
366
370
370
370
364
365
366
365
368
362
375
357
366
366
373
362
369
369
366
361
364
369
357
367
368
365
359
370
359
366
364
367
358
363
363
354
364
358
367
354
359
363
358
361
366
354
363
359
365
354
364
362
358
356
360
366
354
364
359
358
357
366
351
366
355
363
360
357
363
352
365
358
359
360
362
355
366
357
367
358
363
360
360
361
360
361
355
370
365
369
358
369
362
367
361
368
358
360
365
354
365
364
361
366
368
356
373
363
365
363
364
365
361
370
355
372
360
369
358
373
360
369
359
360
367
357
368
364
366
356
370
359
363
360
359
363
355
367
357
361
359
364
362
362
358
356
363
354
360
356
360
354
364
352
358
357
361
355
358
356
351
358
354
359
348
364
348
363
353
357
360
359
354
355
361
349
359
354
358
352
365
352
359
357
359
352
360
354
351
358
352
355
349
361
358
355
347
358
355
353
353
353
353
355
354
350
354
352
704
359
347
358
352
352
353
355
348
354
351
345
354
349
703
352
352
356
342
358
351
352
348
353
350
349
351
344
355
351
351
345
357
348
351
345
358
346
353
351
349
352
348
354
350
356
345
351
348
356
346
352
351
347
350
350
349
342
355
344
355
350
352
352
353
350
354
350
346
354
344
352
353
351
343
357
351
348
348
351
347
345
350
341
347
347
351
340
350
344
347
347
347
346
346
343
348
346
341
353
346
344
349
352
340
353
346
347
347
347
345
346
342
346
347
339
352
337
348
343
341
347
350
333
351
343
343
336
352
337
348
335
350
339
345
338
342
343
341
340
340
342
337
347
334
343
344
337
341
346
334
344
339
347
333
346
337
342
339
343
340
334
344
339
341
333
344
339
342
338
342
341
344
333
344
339
339
344
339
336
340
343
329
340
339
344
333
342
337
339
334
344
338
335
336
340
336
334
340
334
339
333
338
334
340
334
345
335
339
331
341
339
340
334
338
335
343
334
336
341
330
340
338
335
338
342
333
340
340
334
337
342
333
339
339
331
340
337
336
336
345
334
343
334
343
331
344
335
334
340
338
334
331
341
331
337
334
343
333
339
330
341
333
336
336
335
331
334
334
327
335
333
338
328
341
327
334
331
335
332
334
330
331
332
332
329
331
333
326
334
330
332
332
336
324
333
330
338
322
336
331
331
331
331
327
335
328
331
331
328
334
317
333
330
331
325
329
333
332
330
331
323
339
323
332
326
333
326
327
329
332
328
330
327
327
331
326
331
327
328
325
336
320
332
331
330
325
332
330
330
324
336
321
334
328
329
329
332
329
333
328
325
333
328
330
329
328
329
332
323
332
329
325
332
330
324
335
324
327
326
336
323
330
325
335
322
331
327
322
340
325
337
328
334
327
327
329
335
319
330
327
333
324
328
321
331
330
331
322
329
329
326
326
332
323
335
323
332
327
331
322
334
325
334
318
336
327
330
327
326
331
331
328
326
330
331
326
326
334
324
330
330
336
324
333
327
328
328
335
318
338
328
329
659
328
323
333
328
331
322
333
327
325
327
332
320
332
322
330
329
328
325
329
326
336
320
330
326
336
323
334
329
331
329
332
329
330
328
326
332
323
332
327
333
325
329
326
331
327
330
329
329
323
333
321
330
322
334
323
323
327
327
325
326
325
326
325
325
320
323
327
326
319
325
329
649
324
322
327
327
320
323
320
322
322
326
317
324
327
324
327
327
325
326
327
328
327
329
328
328
334
334
329
333
337
332
333
337
338
335
335
338
342
341
340
336
338
341
333
342
341
334
340
343
341
337
339
348
342
338
343
346
340
342
347
341
344
348
344
342
347
349
341
347
348
346
343
345
344
347
348
343
345
349
345
345
347
353
353
355
357
358
360
362
363
359
360
365
358
356
364
365
357
369
370
370
372
369
375
379
377
371
376
378
371
370
368
373
370
368
367
371
378
370
376
378
371
381
381
370
383
381
373
380
382
377
380
385
380
385
383
388
391
389
389
394
391
390
397
393
392
396
396
395
404
399
398
401
402
398
397
413
396
406
410
824
411
413
418
422
425
420
429
422
422
432
423
427
424
425
423
425
419
421
431
427
426
429
432
435
432
435
429
438
429
431
435
428
437
430
431
433
433
431
427
436
429
432
436
430
440
434
438
438
439
443
432
438
424
430
430
421
431
423
427
431
430
443
435
438
439
446
443
443
449
446
448
442
446
449
446
450
443
445
441
446
443
443
442
441
453
450
447
453
452
451
451
457
450
451
453
450
449
456
453
454
463
454
461
463
463
461
463
458
456
458
447
450
450
446
445
453
447
451
459
447
457
453
460
452
454
458
457
458
452
456
447
458
451
451
454
455
455
455
464
456
468
462
462
462
463
457
460
466
457
463
462
469
463
464
468
470
467
465
468
454
466
452
457
454
460
459
458
468
464
464
465
471
465
466
465
462
468
463
474
464
468
469
474
468
472
477
477
482
480
486
479
484
473
475
472
474
470
475
473
478
479
482
484
482
490
484
495
486
499
489
493
492
491
487
485
486
486
485
484
489
486
494
492
501
498
506
498
505
496
498
492
493
489
492
484
488
485
487
487
484
484
488
486
486
489
485
495
487
490
482
480
475
482
473
479
481
485
486
500
494
501
499
499
496
489
504
486
494
479
494
480
492
485
486
481
480
476
481
479
483
493
491
502
502
514
503
517
509
510
503
512
496
498
500
498
493
495
494
501
499
500
503
511
504
512
505
511
507
511
507
508
506
507
507
508
512
509
514
521
516
523
521
520
517
512
509
505
505
506
506
504
504
503
501
502
503
503
497
501
499
497
492
494
490
497
499
504
506
508
506
508
506
505
502
500
492
492
493
494
491
495
500
499
501
505
506
502
508
507
504
506
509
501
506
506
504
501
499
494
504
496
503
494
506
497
505
497
498
502
500
493
498
499
501
500
503
506
509
512
518
515
521
515
515
507
509
505
506
506
506
506
515
522
529
529
525
521
521
517
520
511
513
510
506
502
510
505
506
502
507
511
514
509
505
505
504
503
501
502
498
507
503
508
500
517
507
527
516
525
511
515
501
510
500
507
501
512
515
517
517
521
519
521
519
518
514
517
510
511
505
511
507
507
506
514
516
521
524
534
537
532
534
539
530
539
530
526
527
530
519
526
523
527
524
535
522
537
529
530
526
535
520
529
517
521
517
521
511
519
510
522
513
524
514
518
512
513
506
506
500
504
510
514
516
527
530
532
535
541
534
536
535
534
526
532
524
523
519
526
520
523
519
527
521
535
529
539
528
540
530
536
522
533
524
525
520
531
523
527
521
533
524
531
527
539
530
532
524
529
517
522
510
516
505
510
503
512
509
520
520
528
526
527
530
529
524
527
521
527
521
520
518
522
520
522
525
533
532
541
544
550
552
559
547
555
545
545
537
537
529
530
523
533
531
543
536
548
543
550
547
552
546
543
539
537
533
530
529
522
528
533
537
541
551
550
553
550
555
552
543
538
534
526
524
521
523
520
521
519
528
529
534
531
529
525
531
527
536
525
526
518
519
509
510
501
508
507
510
513
513
516
522
528
529
528
533
529
526
523
522
516
519
513
517
512
518
512
523
516
527
525
530
527
533
527
525
520
521
513
514
511
516
509
514
512
517
515
521
519
527
527
532
524
530
522
522
515
516
514
513
514
522
527
537
537
551
549
556
551
553
550
548
541
537
532
533
522
533
525
529
521
525
522
526
529
540
537
546
534
534
534
529
532
533
530
532
530
530
537
537
546
541
548
544
544
539
531
522
525
511
510
511
509
499
505
505
514
518
522
527
524
521
521
519
516
513
515
509
512
507
508
507
513
514
522
526
535
542
550
554
546
547
549
537
539
535
534
523
524
518
521
513
520
514
521
518
528
522
534
532
541
536
539
539
535
523
518
517
512
510
510
512
513
512
517
511
517
511
521
517
520
517
520
509
509
508
516
511
518
505
515
506
514
505
515
511
513
509
511
504
504
499
501
498
501
498
501
499
505
505
514
517
521
519
531
526
527
524
524
524
524
525
531
525
529
533
541
540
540
535
543
543
544
543
552
542
542
533
540
532
537
535
540
539
544
554
556
556
553
552
540
539
534
534
525
526
527
534
539
554
561
578
569
579
574
566
561
560
557
548
552
545
542
534
538
533
534
537
544
545
553
550
559
550
555
552
554
549
544
543
538
538
530
530
530
536
532
538
537
540
535
538
529
527
521
521
512
514
513
519
521
527
531
548
552
551
553
560
551
563
552
556
542
538
527
534
527
531
537
542
547
552
562
557
558
555
555
544
552
542
548
534
540
528
535
526
539
541
556
561
567
577
574
573
564
564
557
551
540
544
527
532
521
525
519
529
528
544
541
547
550
551
546
538
538
530
533
527
528
523
525
525
528
526
531
537
544
544
558
559
563
559
565
563
558
558
552
547
540
539
527
523
516
517
514
523
535
542
546
561
566
571
562
575
572
569
564
562
558
547
546
540
532
526
522
521
529
541
550
557
567
568
588
582
590
588
579
571
560
555
537
540
526
530
524
527
521
529
521
542
542
559
555
562
563
560
557
547
548
537
538
532
533
526
528
528
528
529
535
532
534
535
540
529
539
534
534
535
539
539
540
539
548
546
545
539
543
1068
523
522
521
522
524
521
517
517
516
506
517
511
513
514
503
507
502
519
524
542
558
585
607
629
633
619
609
593
595
590
586
584
577
579
572
583
583
595
594
597
595
603
611
624
631
645
673
688
701
706
708
717
691
692
678
677
682
664
651
654
683
684
691
705
691
686
687
669
661
655
639
625
620
617
613
613
631
622
614
615
613
613
611
613
625
654
686
697
702
696
664
645
633
638
670
732
750
728
728
735
738
721
697
694
696
676
662
657
677
708
700
698
694
698
661
642
629
640
655
665
670
646
644
637
635
632
633
635
646
661
657
666
667
670
658
642
625
614
624
653
690
700
679
668
659
662
674
692
709
717
734
745
732
694
683
670
669
685
688
690
705
717
690
677
685
673
668
676
678
676
651
648
655
677
684
672
674
696
718
728
730
736
698
701
699
694
683
687
681
684
692
693
701
708
702
697
689
682
673
652
641
620
607
604
632
694
759
771
753
731
716
706
703
699
697
695
697
686
677
667
691
730
763
751
744
758
733
723
712
721
713
690
676
688
732
772
751
761
774
778
778
764
735
728
716
705
689
684
712
722
727
730
733
740
733
705
710
706
710
686
666
648
639
637
662
721
749
758
753
743
733
727
725
727
727
729
729
729
705
694
697
730
758
764
762
747
730
720
712
685
662
653
661
707
759
739
745
737
757
763
725
723
714
703
666
668
653
641
650
690
724
695
680
664
667
686
701
704
706
678
675
669
668
669
660
662
664
670
677
677
696
727
776
786
752
734
723
709
698
691
686
685
695
721
747
781
744
722
738
763
775
751
782
786
773
759
774
784
773
767
788
814
817
789
736
720
726
719
730
750
777
764
729
717
721
739
775
804
816
819
819
798
796
788
777
746
781
787
778
769
764
794
766
727
699
713
717
738
771
800
813
815
815
805
801
799
796
785
789
787
790
797
772
790
791
803
775
806
790
772
769
771
738
757
747
745
739
753
760
753
762
765
760
772
776
789
801
765
805
798
757
723
700
700
710
755
774
766
759
754
748
748
737
734
735
739
730
741
749
752
759
727
757
754
742
734
744
753
715
720
731
738
739
709
705
699
701
705
702
696
686
702
706
685
690
686
687
705
721
733
708
723
707
711
703
688
690
698
714
740
710
715
699
699
706
691
706
714
733
741
743
759
774
764
788
780
752
740
750
729
714
691
698
728
771
804
803
776
758
751
733
718
717
726
744
761
761
779
805
784
762
766
764
774
739
744
750
774
791
800
787
797
767
801
791
768
781
770
756
779
775
828
843
848
837
768
760
767
776
791
762
761
778
802
825
842
838
867
869
845
850
818
810
822
809
754
726
703
737
774
796
794
788
798
811
805
798
788
792
768
783
796
808
815
790
775
735
740
747
790
819
793
784
799
803
806
799
774
762
771
741
729
741
737
772
798
780
796
811
798
794
815
786
801
800
771
797
800
775
790
812
784
814
842
793
799
808
828
814
799
774
799
813
791
810
829
844
794
830
813
793
814
803
835
802
820
798
795
813
811
796
826
851
849
822
841
847
805
823
828
808
800
819
793
827
868
855
882
826
835
767
777
745
772
747
776
802
863
898
884
800
735
725
739
763
789
822
829
810
790
788
789
803
826
830
833
848
836
847
843
844
841
793
804
805
775
784
813
796
852
879
806
749
714
723
746
781
798
807
799
808
802
792
809
825
860
867
863
840
815
806
786
741
745
769
743
751
756
773
766
746
762
769
743
766
773
776
774
791
807
778
779
774
773
764
761
729
713
704
722
775
825
846
842
814
789
788
775
754
761
755
766
757
733
759
759
746
758
761
766
778
789
760
767
761
766
752
733
742
757
736
774
810
781
798
807
757
733
740
751
769
772
769
743
765
763
743
756
760
755
785
797
792
785
796
804
761
773
774
763
782
777
784
788
768
758
771
750
741
721
725
720
572
847
3146
5052
274
4265