730
716
782
762
736
756
721
750
746
748
763
758
759
762
730
799
702
733
710
672
693
647
658
648
609
616
646
637
624
660
615
642
657
654
659
659
658
673
714
692
722
759
714
715
710
721
683
663
663
657
660
672
696
707
696
713
707
677
670
698
688
644
646
686
685
666
651
664
656
659
734
783
847
863
824
837
796
742
753
736
756
749
755
699
706
729
783
825
783
767
724
744
741
749
690
688
700
719
729
741
729
815
833
781
841
862
761
788
792
739
708
655
661
678
710
769
877
765
832
796
768
819
804
750
709
729
769
771
802
719
708
698
755
802
827
877
859
845
832
743
782
760
788
783
864
892
835
765
785
791
848
923
874
826
849
864
907
943
822
772
810
800
875
878
882
880
856
813
777
758
745
726
665
684
706
693
696
746
781
823
867
875
806
769
739
744
726
729
709
698
715
780
850
946
811
809
881
892
849
835
780
750
732
737
759
737
696
681
665
699
733
748
735
748
689
724
632
659
615
621
652
647
658
724
768
815
750
775
774
724
741
742
673
695
693
685
667
721
709
709
709
686
691
677
635
655
646
646
653
634
692
684
650
659
706
710
695
712
713
679
660
667
656
685
673
690
717
691
706
688
679
652
646
654
628
684
708
759
712
807
827
823
783
797
821
854
859
859
861
816
770
721
710
675
693
718
749
787
763
872
947
896
881
962
950
867
893
949
934
896
934
870
945
953
846
904
944
890
911
963
867
903
967
984
845
910
890
865
938
844
979
1017
909
1006
1011
898
952
941
853
940
960
851
951
973
896
970
968
896
966
931
886
911
920
840
903
893
841
847
794
824
832
841
839
786
838
852
863
872
885
766
782
736
728
736
781
813
861
957
873
933
821
848
833
782
766
757
756
703
799
797
816
812
753
829
825
833
772
857
862
783
756
772
785
798
822
866
903
815
773
753
727
786
755
777
725
772
828
888
812
843
865
938
832
837
866
931
833
854
888
885
767
740
719
811
897
1010
1005
976
878
922
914
891
853
777
793
807
883
969
868
921
911
891
871
788
812
729
779
777
793
841
863
812
840
776
760
719
704
726
668
697
704
718
708
715
724
671
714
663
682
675
667
670
651
667
690
697
680
710
701
705
698
697
694
694
688
694
704
706
729
729
733
729
729
706
701
720
719
715
700
695
699
684
687
680
646
674
685
644
682
683
689
664
693
713
707
702
718
716
711
702
695
716
700
713
727
744
711
688
664
674
674
684
688
698
682
688
651
646
654
627
620
648
702
700
681
751
800
808
760
795
750
770
769
696
745
731
699
732
724
697
719
691
686
672
726
741
714
757
801
789
857
816
733
751
772
821
873
907
845
868
854
816
740
754
771
863
963
874
952
1060
1040
884
910
893
825
752
725
729
791
935
941
999
946
986
935
836
774
738
709
749
786
796
955
936
930
921
844
883
859
871
854
799
802
741
765
734
728
700
672
686
708
704
785
767
892
884
820
827
859
817
777
780
819
786
734
688
669
652
695
729
768
824
750
750
790
853
886
813
896
917
889
857
878
867
768
807
846
859
789
828
891
920
813
841
876
901
845
827
860
893
822
815
863
856
790
771
840
820
796
759
805
765
714
712
725
689
696
719
794
935
844
827
879
901
913
825
869
897
891
810
854
872
881
816
917
927
893
867
854
770
758
827
828
778
816
926
942
833
805
844
903
912
810
884
933
943
880
932
917
854
877
883
890
806
833
903
974
889
875
935
932
863
823
884
915
937
842
924
975
984
879
930
934
901
830
887
925
961
881
947
930
865
844
869
916
942
845
920
952
955
850
863
873
900
804
771
786
781
747
713
718
759
742
790
838
895
938
825
842
843
847
819
754
731
771
776
862
893
808
795
826
788
715
780
779
714
776
802
803
752
788
769
750
730
756
690
688
668
678
665
620
662
624
610
610
580
598
576
592
577
572
571
567
560
556
540
559
554
553
555
586
614
646
656
662
653
701
683
725
710
741
729
710
693
700
706
724
723
721
666
677
668
652
643
651
681
681
725
708
731
730
732
751
753
762
771
791
790
790
786
758
711
687
651
692
672
676
675
664
663
683
656
645
654
646
659
654
645
645
654
658
659
653
656
660
654
646
646
644
648
660
679
676
654
660
646
659
653
660
670
695
731
721
713
711
679
656
658
662
693
706
743
730
748
699
714
708
707
720
729
705
707
693
690
693
700
720
732
731
753
751
761
768
748
731
733
765
752
754
742
718
712
721
710
712
743
748
710
739
762
780
758
796
780
748
733
721
686
717
664
653
694
692
699
704
691
726
713
734
717
709
689
707
710
740
783
735
707
712
726
758
756
771
798
807
812
794
797
812
802
753
732
752
732
690
682
693
697
756
789
802
783
804
826
841
794
807
803
787
761
762
802
869
893
835
883
844
802
793
818
848
870
898
848
810
801
778
800
815
821
800
703
696
688
696
688
714
773
827
883
875
846
820
758
798
784
775
771
753
769
844
905
920
843
809
810
795
732
689
660
655
689
702
741
727
774
805
736
783
804
749
771
738
769
793
801
831
784
820
841
813
828
859
866
877
870
839
835
848
845
852
835
811
829
843
844
808
835
824
838
821
835
834
776
790
786
747
722
746
723
744
764
718
739
770
787
825
829
823
793
811
802
807
812
769
779
764
784
790
780
819
846
867
903
881
909
889
852
843
752
755
763
745
773
807
835
853
846
802
820
772
794
766
789
821
786
800
775
823
875
884
894
845
822
800
756
704
714
670
643
627
628
648
675
679
691
771
913
848
828
864
865
846
796
799
780
722
767
741
726
749
774
765
738
722
751
780
806
836
825
802
769
739
731
710
688
677
699
700
705
711
709
756
767
802
849
864
837
790
744
757
682
712
701
709
715
673
683
712
691
705
795
851
872
833
798
775
795
805
808
792
775
752
709
694
699
691
702
710
742
727
689
718
745
759
756
734
747
743
730
705
719
707
696
670
664
675
686
718
709
705
732
707
684
697
702
687
660
670
687
680
660
636
633
648
624
613
613
600
602
597
614
602
587
603
580
585
582
598
585
581
570
558
551
541
545
556
563
563
569
566
574
575
575
580
594
598
609
595
597
590
596
598
602
605
584
609
600
607
609
612
608
600
600
595
607
625
644
648
648
635
634
639
646
645
639
629
623
621
626
626
626
631
630
647
623
636
646
657
663
648
643
624
633
645
646
658
638
635
642
623
610
608
597
590
581
574
564
554
551
561
548
558
538
539
527
526
524
519
507
513
514
516
504
502
494
490
486
479
487
488
484
486
479
479
482
472
480
480
464
468
467
466
474
479
463
469
468
464
469
478
467
474
467
457
464
471
483
453
464
461
452
481
454
466
447
453
456
458
452
461
443
444
444
442
451
457
443
450
448
449
445
482
445
450
441
451
451
456
454
448
449
447
441
447
449
448
439
435
439
444
448
437
437
437
434
432
430
444
438
434
426
430
434
438
438
436
428
427
432
434
438
430
434
433
430
429
428
442
436
432
427
425
430
438
434
432
423
424
428
428
433
427
430
427
426
429
425
428
433
427
428
421
420
428
434
431
426
418
419
428
437
428
431
418
419
424
426
429
434
418
421
418
422
422
427
420
420
418
417
419
422
418
416
416
415
411
414
413
411
411
410
409
407
411
410
406
407
404
402
401
404
407
408
403
399
400
399
398
402
407
407
398
400
397
402
404
408
405
404
396
395
396
405
409
401
408
401
395
396
396
404
401
402
397
399
393
395
395
396
396
391
393
390
393
395
396
396
396
384
385
386
387
392
396
393
388
391
389
392
389
395
398
390
384
382
386
389
394
394
397
390
396
394
393
394
393
394
389
394
391
396
399
399
401
396
390
389
392
394
398
402
401
396
397
395
395
396
399
396
394
395
394
396
398
400
405
395
390
390
393
398
407
398
400
397
398
396
396
398
396
397
396
395
390
397
399
401
398
402
397
390
390
394
394
395
397
396
395
394
395
396
403
399
391
391
389
391
396
394
396
401
393
396
394
396
396
395
396
395
385
389
391
397
420
386
396
396
395
389
392
389
391
395
392
387
385
389
394
393
397
394
386
388
386
388
388
395
393
396
389
384
386
385
395
394
396
392
393
389
396
396
424
389
399
396
398
394
394
396
396
396
394
393
391
399
405
401
394
399
393
388
384
387
392
392
388
387
388
382
390
395
408
382
389
386
388
385
384
380
391
392
382
379
381
379
384
386
386
386
385
383
381
388
388
399
390
384
382
384
383
385
384
394
391
388
380
382
382
386
389
384
384
380
385
384
385
390
405
373
388
383
382
382
381
381
384
387
376
377
374
375
381
380
382
381
381
381
380
384
392
390
388
387
380
382
381
383
382
388
388
382
379
383
383
375
379
386
388
379
381
380
383
383
387
382
376
383
380
380
375
377
376
379
389
399
387
374
376
380
380
384
381
389
375
382
382
375
379
385
392
388
382
378
383
381
381
381
373
382
376
374
375
376
380
378
382
388
374
379
376
378
378
385
380
386
382
374
378
381
380
381
384
382
382
383
390
388
383
384
390
384
377
379
381
380
383
385
386
383
385
384
385
390
388
392
390
382
383
386
388
389
396
391
390
388
389
389
395
391
387
381
381
383
387
380
385
386
387
383
382
385
389
386
384
392
388
381
381
381
386
384
388
382
384
378
384
409
396
388
379
387
385
382
384
395
384
380
383
388
387
385
383
386
415
376
392
391
386
388
384
386
385
386
386
385
383
382
392
410
400
375
389
387
384
379
383
386
380
388
386
380
382
386
390
385
389
412
371
384
380
385
382
388
380
388
376
380
379
380
378
378
381
381
386
380
385
386
383
382
390
391
393
382
389
388
388
388
393
390
381
381
384
386
385
384
384
384
388
413
400
379
384
417
403
392
384
393
396
429
414
390
395
402
435
417
394
394
401
436
421
419
390
404
411
448
433
431
399
409
418
459
432
431
431
429
398
406
447
431
430
430
403
413
458
439
442
444
410
422
477
455
458
457
416
431
488
460
462
460
424
434
492
465
470
478
480
435
514
489
499
503
503
501
442
530
505
508
508
511
507
515
518
516
518
517
527
527
525
521
518
512
509
505
499
501
499
502
508
515
516
515
513
521
522
521
521
518
517
512
510
505
503
494
496
483
474
508
503
531
540
550
544
538
533
525
523
531
547
549
556
548
546
542
543
552
560
559
555
551
543
539
541
543
561
563
572
560
553
553
551
554
572
570
573
569
561
561
559
561
576
573
570
558
544
540
537
533
548
562
569
567
563
557
551
559
570
588
597
602
589
585
577
576
581
592
589
588
577
576
575
577
593
593
585
592
590
599
601
592
589
578
562
534
579
572
587
597
598
590
582
585
591
604
624
625
612
607
596
589
576
564
563
560
559
559
558
557
563
572
584
586
584
581
580
584
588
596
603
603
599
590
589
582
575
582
582
572
570
562
555
543
535
532
535
536
552
555
559
563
564
562
576
584
582
577
575
569
566
572
566
562
559
555
554
553
550
557
562
576
580
586
566
574
571
572
577
577
569
566
552
544
533
522
515
527
523
542
555
566
570
564
567
567
580
581
584
590
595
597
595
593
598
585
591
585
590
586
586
589
589
578
586
595
583
579
585
590
588
579
588
593
594
593
591
587
583
586
581
545
553
566
544
544
545
535
538
521
517
523
524
518
503
499
501
505
482
516
483
479
508
476
498
463
504
469
473
459
498
459
491
452
465
463
457
455
490
445
464
446
458
451
452
456
446
449
447
446
452
445
449
441
440
445
444
439
444
438
441
444
437
433
470
428
441
425
429
444
440
428
433
432
426
428
424
435
428
433
414
422
456
420
422
424
421
417
419
424
426
421
420
423
423
418
420
424
419
422
425
432
413
416
416
425
449
414
418
424
415
415
417
419
422
416
425
416
416
416
414
411
414
413
410
411
411
418
411
414
423
407
407
407
414
412
444
404
419
413
409
414
416
423
444
406
414
417
416
414
417
447
408
413
415
417
414
412
410
413
412
445
399
410
422
407
405
401
405
407
440
397
416
411
416
403
401
403
410
413
416
407
408
410
409
411
413
411
403
407
408
408
439
395
407
440
387
399
402
407
425
419
396
399
400
402
398
399
406
399
399
394
396
400
405
424
416
411
391
396
402
401
396
400
401
399
393
394
395
400
400
403
424
392
396
398
399
404
404
399
411
391
395
395
398
398
400
406
400
397
400
400
405
400
402
440
384
396
396
400
403
402
428
392
396
403
402
406
400
400
402
405
396
397
402
399
397
428
391
396
397
398
399
398
429
388
429
385
393
396
399
396
405
403
394
400
398
408
429
417
414
394
396
401
405
405
409
401
413
393
398
396
402
430
420
415
396
402
403
405
407
442
396
399
397
405
406
441
417
424
396
438
394
398
403
407
400
434
421
395
403
404
408
409
407
439
418
390
397
405
413
439
395
438
395
443
392
399
406
438
388
437
422
397
402
403
409
403
411
437
412
384
395
402
401
436
414
418
396
429
396
398
398
404
405
405
399
403
411
440
396
406
410
405
415
408
409
451
396
400
401
409
437
403
435
426
396
407
411
411
408
409
414
396
404
406
443
420
419
394
410
416
439
394
404
439
419
420
398
440
428
427
424
430
434
432
429
426
400
440
428
425
420
419
396
405
433
420
416
416
418
396
436
424
423
422
396
410
444
425
424
423
423
399
408
437
425
424
404
410
449
434
435
434
412
418
456
438
438
440
446
447
449
447
422
469
453
457
458
460
464
465
465
468
471
471
469
472
470
474
469
469
472
469
472
467
473
473
475
473
476
479
479
479
478
473
474
475
476
479
482
484
483
480
479
480
481
485
485
491
491
493
493
488
493
491
488
488
483
482
482
484
483
488
489
491
495
492
494
496
496
490
484
480
478
474
475
479
482
486
485
485
489
483
483
485
491
493
496
489
494
492
498
495
502
504
507
500
499
500
495
496
503
508
514
503
505
502
502
499
504
503
503
495
497
496
496
491
496
497
498
494
494
494
494
496
507
517
520
521
511
505
506
503
509
511
516
509
507
507
504
504
513
517
522
518
520
521
521
521
525
527
530
528
531
528
530
528
534
531
531
523
517
506
510
508
508
511
510
514
516
521
522
522
533
536
535
539
534
536
534
532
524
523
513
516
515
510
513
512
515
510
515
515
521
521
524
521
514
511
504
501
500
501
505
504
504
498
487
507
500
501
504
507
511
502
509
488
521
508
520
525
530
525
528
527
531
527
526
521
516
514
511
505
507
506
513
513
519
519
524
522
528
528
534
527
524
521
518
512
512
508
508
507
505
496
501
496
495
494
502
505
508
505
512
513
512
516
519
524
522
522
514
505
506
505
499
500
501
505
494
516
507
513
511
513
512
512
511
511
511
516
510
518
516
522
512
513
509
512
498
512
515
522
518
524
523
529
530
536
540
537
535
529
529
528
527
525
525
521
522
520
521
515
520
505
527
519
520
520
533
531
534
536
535
527
528
524
529
531
530
533
526
526
528
529
522
522
519
523
504
520
521
521
531
525
531
529
522
527
532
522
522
511
516
510
516
516
518
509
510
508
500
502
493
500
510
516
521
519
515
524
531
525
515
515
516
521
520
514
509
517
525
520
517
502
499
501
509
513
506
505
501
505
512
514
515
510
503
500
491
509
501
489
512
509
506
514
514
509
518
517
521
521
524
517
519
515
521
522
521
518
507
525
518
507
510
509
514
507
514
516
521
518
515
529
522
521
518
524
531
517
513
519
479
546
525
510
503
510
505
501
488
493
481
488
501
484
478
485
490
489
474
485
480
472
479
476
476
464
479
477
465
479
469
465
468
473
479
471
462
453
467
471
456
467
452
472
465
455
457
461
458
463
461
456
448
457
460
462
446
457
437
460
435
438
445
478
447
426
462
429
436
436
437
478
452
448
415
469
454
454
434
437
489
428
481
430
479
429
496
465
422
483
440
444
502
472
465
464
464
470
468
456
456
451
456
454
463
453
420
462
446
443
428
467
449
440
436
436
415
419
448
432
416
414
421
447
410
405
411
423
434
394
411
416
438
425
398
409
411
412
417
412
407
418
418
403
403
403
414
406
401
399
402
407
431
411
396
426
398
399
402
402
410
402
396
400
410
398
395
400
405
429
411
394
399
430
395
406
400
398
425
387
388
398
396
396
393
417
405
396
384
391
399
414
387
384
386
391
396
383
386
392
416
402
380
389
389
394
402
387
386
388
393
414
404
399
382
389
395
396
394
387
391
396
389
387
418
407
383
392
394
398
402
404
386
397
426
412
388
394
401
399
406
410
392
406
438
421
416
394
439
431
416
386
442
422
424
416
389
397
434
415
411
415
394
430
422
389
390
425
413
406
391
395
400
400
424
381
390
400
418
406
384
397
420
387
420
378
393
419
383
394
417
403
387
392
392
418
396
372
384
392
411
396
378
393
388
419
375
384
389
411
398
393
378
388
394
386
394
389
381
386
391
380
386
383
381
406
393
379
377
380
383
382
405
365
370
377
383
389
364
367
371
372
376
387
384
376
364
366
372
370
389
365
389
367
371
370
372
372
374
372
374
377
380
371
373
374
374
382
373
376
381
372
376
381
383
409
394
394
368
383
385
389
421
376
380
384
420
376
422
405
405
373
395
395
428
380
416
407
403
384
423
410
406
414
408
378
386
430
411
404
410
408
402
374
386
416
402
399
396
383
380
388
387
407
372
401
370
372
378
383
404
386
393
387
371
372
378
376
376
383
376
383
372
371
371
377
370
376
395
358
372
374
377
399
383
386
383
363
368
373
371
373
381
368
398
362
367
367
396
358
371
392
359
368
370
373
374
373
380
394
364
370
380
396
387
367
396
383
358
371
372
370
377
371
377
379
366
364
368
369
391
362
390
379
357
370
373
378
392
365
396
386
364
397
387
385
383
386
386
389
366
369
398
379
381
379
377
358
370
373
393
375
381
377
375
361
368
374
384
370
375
371
358
360
362
362
379
355
373
367
354
357
358
359
379
354
375
367
352
356
364
365
377
366
370
366
352
360
383
371
372
368
376
369
375
371
370
352
359
364
388
374
377
376
358
361
363
369
389
374
377
374
378
374
374
369
373
373
366
376
358
359
359
385
365
354
378
364
348
358
360
364
358
362
374
362
350
356
358
375
359
349
370
361
344
356
354
359
354
356
371
359
344
349
353
351
357
355
377
364
348
356
356
354
380
364
367
366
351
355
359
359
381
364
366
368
354
354
358
357
378
363
365
361
364
350
355
354
373
358
359
358
351
361
358
357
357
353
358
356
344
345
350
351
362
347
341
357
341
340
348
356
334
354
349
343
351
336
341
357
333
340
358
347
349
339
345
363
350
354
354
354
332
353
361
336
362
350
348
336
344
364
350
349
344
351
341
341
345
361
353
352
354
334
366
352
355
354
357
336
346
364
349
333
344
348
359
347
334
355
349
333
338
341
341
359
344
348
351
337
341
346
345
362
347
351
347
336
340
345
342
359
352
333
361
353
337
347
364
334
362
350
352
351
348
347
354
351
352
333
344
358
335
338
346
343
344
354
349
343
348
336
340
341
344
359
346
347
349
336
336
343
347
358
344
335
355
338
336
355
345
332
352
334
353
349
333
335
339
341
356
337
353
348
333
339
361
332
346
353
332
354
334
337
354
340
329
345
336
348
341
329
335
336
333
352
337
333
347
331
334
336
331
345
337
328
343
335
328
328
350
340
338
334
324
343
336
324
325
333
346
338
327
344
340
324
330
334
339
346
337
324
345
340
324
328
334
347
341
334
339
340
327
330
334
339
346
337
325
340
339
325
332
332
336
348
336
338
341
338
337
344
340
344
337
330
349
324
335
336
344
334
337
329
338
335
325
341
334
326
337
331
338
336
323
330
345
335
333
334
333
335
326
326
343
337
338
323
329
346
318
330
329
331
344
330
320
336
335
324
324
332
344
332
331
332
337
326
322
335
345
337
320
332
342
322
327
331
330
341
328
331
327
329
322
337
332
332
329
335
332
331
322
328
331
339
330
329
332
333
329
329
331
335
332
328
333
332
318
326
326
337
331
323
322
326
329
323
325
338
326
330
329
329
330
333
333
329
316
342
329
331
329
327
318
334
328
326
324
323
324
324
325
327
330
323
333
325
331
324
323
331
328
325
328
323
326
326
325
327
327
325
328
329
329
331
331
328
328
332
328
331
327
326
319
335
327
325
327
323
330
328
329
328
331
327
329
330
330
327
331
328
332
331
327
317
339
329
330
324
326
321
329
329
325
326
325
329
322
331
329
326
319
337
323
320
331
329
322
327
321
330
326
324
328
323
328
329
326
316
337
328
327
323
328
324
326
320
329
326
325
325
323
330
329
316
318
335
327
326
320
323
318
329
321
327
323
326
323
326
325
326
325
325
326
321
330
324
330
324
324
325
325
321
323
317
323
321
324
322
322
325
321
327
323
318
328
322
320
324
316
322
317
323
320
324
318
319
327
319
325
319
324
319
318
321
314
323
317
320
320
322
323
318
323
319
317
320
314
319
318
319
320
317
321
322
316
318
319
318
319
317
315
316
320
317
323
316
321
320
318
313
321
319
318
320
322
322
320
313
330
317
319
316
320
318
323
317
319
322
321
320
316
322
319
319
319
316
319
316
321
318
326
320
317
320
321
314
317
316
321
317
320
315
318
322
321
319
317
317
314
316
318
315
320
320
318
317
320
320
314
316
313
319
316
316
315
323
318
315
316
317
314
313
315
313
318
319
314
314
320
312
313
313
313
315
317
313
315
316
313
313
312
313
313
317
312
316
314
311
310
311
313
314
314
313
313
312
311
311
311
312
316
313
313
312
313
311
309
310
313
311
313
311
313
312
312
314
312
311
307
310
311
314
310
313
313
312
313
308
311
312
310
313
309
315
313
310
307
311
311
311
314
311
314
313
311
307
313
312
310
313
311
313
313
313
307
311
312
312
311
314
313
311
315
308
311
312
313
313
311
315
312
313
312
308
313
313
313
313
316
313
316
313
313
313
313
313
312
318
314
317
312
316
313
313
314
316
311
318
315
314
315
315
309
317
311
318
317
313
315
315
313
311
311
316
310
314
316
314
311
311
312
310
311
316
313
311
313
309
312
308
312
306
314
312
311
309
310
307
308
309
311
311
305
311
310
308
309
307
310
311
304
311
308
307
305
309
310
311
304
311
310
304
307
305
309
310
305
308
311
305
305
308
309
309
302
311
310
306
306
304
307
307
308
310
309
304
305
307
306
310
302
310
307
310
305
302
306
305
308
299
312
307
308
304
304
307
309
303
308
309
306
304
305
307
306
304
313
309
304
307
304
306
306
311
305
309
303
308
307
308
307
302
311
307
306
305
303
308
302
314
306
308
308
303
307
307
307
302
311
306
303
305
302
307
300
314
306
306
307
300
308
300
313
305
307
306
300
305
303
307
304
305
308
301
305
301
309
303
308
305
302
301
303
310
302
307
303
304
302
303
312
305
305
305
305
303
306
309
303
308
304
306
304
307
307
301
309
305
305
604
311
302
309
305
304
302
304
308
299
310
306
301
305
301
306
307
303
307
308
303
300
305
303
310
305
305
304
300
306
300
306
307
301
304
305
305
300
303
306
298
306
306
303
300
301
307
299
304
308
303
301
301
307
298
305
305
303
298
305
299
309
301
307
301
301
301
304
307
306
298
300
306
303
309
301
304
305
308
302
305
311
311
307
307
304
313
618
308
306
309
312
312
309
307
314
313
309
309
315
311
311
309
315
312
309
315
314
313
315
317
317
316
322
319
319
318
320
323
320
329
322
326
325
324
328
327
324
329
326
325
330
323
326
330
329
331
330
327
331
329
327
326
330
329
336
334
329
335
328
334
329
328
333
332
334
337
336
335
341
339
339
342
335
337
340
339
339
341
337
341
338
341
341
340
348
341
340
345
345
341
343
348
346
349
354
356
355
356
358
358
358
357
357
360
359
360
362
362
362
360
363
364
358
363
358
359
362
361
359
359
357
358
360
358
362
360
364
360
360
361
361
360
363
355
361
360
356
356
358
355
362
363
358
362
367
363
366
368
365
372
372
369
372
363
370
376
368
368
367
369
368
364
367
369
364
370
371
368
374
376
372
376
379
375
379
377
379
383
382
380
377
379
376
384
383
376
381
382
382
380
379
386
380
386
386
379
385
388
389
390
377
388
395
396
386
394
397
400
392
393
401
397
393
401
404
391
399
400
394
390
397
400
396
393
391
387
396
396
387
395
393
389
388
384
394
395
388
383
392
392
393
388
398
400
397
397
407
410
402
409
410
407
413
416
412
414
414
415
408
411
413
412
410
411
410
402
415
411
403
412
412
406
418
413
419
419
412
422
420
412
421
422
415
423
425
418
422
426
423
425
424
418
414
417
413
411
413
413
410
413
410
416
414
411
413
402
405
408
410
411
395
408
410
401
406
409
400
407
416
413
410
413
412
413
422
418
408
410
417
412
413
416
413
417
419
418
410
421
418
408
422
418
419
414
419
423
424
425
420
427
424
428
425
426
427
427
428
427
423
419
415
418
423
424
409
414
428
427
420
429
424
439
440
445
442
442
447
446
450
449
450
449
452
457
455
451
454
451
457
455
450
457
457
459
451
456
456
459
459
457
462
464
464
462
460
461
447
456
450
438
451
453
452
444
455
456
452
461
459
458
462
461
461
465
465
460
459
462
460
462
460
455
460
460
459
461
459
456
461
460
458
462
464
463
460
457
462
460
461
457
458
461
461
463
456
459
460
460
460
455
462
461
456
460
454
459
457
454
459
455
459
458
465
457
457
457
460
460
456
463
463
466
465
463
469
468
471
465
469
470
471
471
465
473
472
473
465
465
465
461
465
454
459
458
458
459
452
456
454
454
456
452
455
456
456
454
450
457
456
458
454
452
455
457
456
450
449
455
454
457
451
450
454
454
454
449
454
454
456
454
451
457
457
459
458
456
464
463
464
459
455
460
457
458
455
455
450
455
455
448
447
452
451
456
452
454
459
456
463
463
463
468
468
465
462
461
461
464
462
457
463
463
466
461
467
469
470
473
470
476
476
480
476
475
480
479
480
475
477
479
480
476
475
480
479
479
476
475
473
477
479
473
475
477
479
476
476
482
481
484
479
479
480
480
477
473
476
473
473
468
473
472
472
471
467
469
467
468
468
468
469
470
470
469
470
468
463
466
462
463
460
453
458
455
458
455
450
452
452
456
450
455
451
450
455
451
452
458
458
464
461
464
470
472
476
472
478
477
478
475
472
478
477
478
473
469
472
475
475
475
472
472
471
469
468
469
469
473
467
469
471
473
474
470
476
475
477
474
469
475
475
477
470
474
476
479
478
475
481
479
479
474
471
475
479
478
477
484
479
480
481
483
479
482
481
479
477
478
478
479
476
482
483
486
479
486
485
488
489
487
491
486
495
491
494
491
493
487
481
481
481
480
475
479
479
479
482
479
485
483
485
480
479
480
482
480
476
482
485
484
487
487
483
482
482
481
479
472
473
472
474
474
470
477
475
476
469
471
475
474
476
469
472
477
478
480
479
488
485
491
488
489
491
493
489
492
493
493
497
497
492
496
499
498
494
500
497
496
495
497
494
496
493
495
499
493
498
495
497
499
496
493
497
495
494
496
495
497
493
493
486
483
483
482
480
478
475
478
483
482
485
485
488
492
492
492
496
499
497
495
495
491
487
488
490
490
487
491
489
491
485
485
490
491
492
489
495
493
492
485
488
489
488
485
486
488
481
487
485
481
485
484
482
480
485
482
481
484
483
490
490
489
493
492
493
496
496
494
499
500
494
486
489
495
496
494
488
490
489
487
484
485
481
480
478
477
474
469
470
470
469
466
466
470
473
474
470
476
473
477
472
479
477
478
478
477
480
477
477
479
477
479
475
477
476
471
473
473
474
470
474
474
472
470
473
474
475
475
476
477
474
473
475
472
470
476
476
471
477
476
479
477
477
478
476
475
477
473
472
472
469
471
473
470
475
472
476
477
479
479
480
481
479
479
478
481
480
480
479
481
481
482
480
479
484
482
484
483
482
484
482
483
482
482
483
485
481
483
486
483
483
479
483
483
486
483
485
487
484
483
480
480
478
477
475
476
477
475
476
473
476
476
478
475
477
478
477
479
482
483
486
486
488
489
490
490
490
490
492
494
494
494
492
495
490
494
489
493
488
489
489
488
487
485
489
490
491
491
491
492
488
491
488
486
484
485
483
483
484
484
482
483
482
479
476
479
481
482
479
486
484
486
486
491
489
488
490
493
491
491
491
491
485
488
492
484
485
487
484
483
483
482
479
477
479
480
479
479
482
480
479
477
479
476
477
474
471
472
471
472
468
470
468
466
467
468
465
460
462
463
458
452
443
447
473
461
460
454
473
467
470
469
449
489
475
478
479
478
482
481
486
483
482
484
483
485
483
487
485
488
487
490
486
487
489
487
490
485
483
483
483
483
486
485
486
490
486
491
488
491
486
484
483
482
483
478
479
479
482
483
479
485
483
487
483
481
484
485
486
485
484
486
486
487
488
487
486
493
485
489
488
489
486
486
490
486
489
483
484
485
484
485
483
484
484
482
481
481
483
485
488
486
493
492
491
489
489
490
489
488
484
488
485
482
483
479
482
484
484
483
488
483
481
479
482
482
487
490
486
490
490
492
489
488
490
491
491
486
487
489
486
484
484
483
481
486
480
483
482
482
479
479
481
478
479
474
477
477
474
478
476
480
478
479
481
482
484
482
485
483
486
487
487
491
489
493
493
497
496
495
500
497
498
495
495
495
496
496
496
496
499
498
497
495
493
488
485
487
487
486
484
478
465
462
487
473
474
479
478
479
480
483
486
489
490
488
493
493
493
491
491
486
488
487
485
486
481
479
480
480
479
480
478
475
479
477
479
479
480
479
483
483
482
483
480
482
484
484
486
484
485
480
480
476
472
477
471
472
470
469
468
471
471
468
473
471
473
474
478
480
476
481
479
479
479
481
484
483
485
489
491
491
497
494
497
498
499
501
499
502
497
497
504
499
500
502
505
500
503
503
505
505
506
504
505
502
506
505
503
501
501
500
502
498
502
501
501
504
501
501
493
492
488
492
490
491
489
490
486
488
487
487
483
478
475
478
472
476
475
478
479
486
488
491
498
506
509
513
510
518
518
521
523
522
521
521
519
519
515
518
512
518
516
520
521
518
531
532
535
538
533
544
542
540
540
542
538
548
549
551
553
551
558
559
559
560
558
556
556
552
548
548
549
543
555
556
554
558
558
562
563
559
562
561
563
561
558
557
557
553
556
557
558
562
567
572
580
584
582
584
585
580
587
574
568
559
557
549
533
540
540
547
548
550
553
554
550
548
547
547
544
545
547
539
538
541
540
537
538
536
530
534
539
539
544
549
552
551
553
552
553
548
556
557
556
557
555
550
548
546
547
545
550
549
548
549
553
557
561
563
564
564
563
564
566
567
572
570
576
576
575
578
578
574
578
574
577
574
571
570
569
569
564
572
575
574
578
580
574
580
574
581
580
581
580
574
577
575
571
575
575
580
581
582
590
592
595
597
595
601
597
595
592
586
588
581
586
585
588
590
595
591
600
601
597
600
593
595
594
591
592
586
590
586
583
584
582
579
578
577
576
574
581
579
581
582
577
589
589
585
592
590
587
584
589
585
576
584
579
582
582
576
581
580
581
579
588
595
596
603
596
605
604
601
598
596
593
591
587
580
584
583
578
580
581
582
587
586
593
595
589
596
591
589
585
578
581
575
576
574
571
577
579
584
587
595
592
598
591
595
590
580
585
573
567
559
543
533
529
532
528
525
530
534
537
542
544
547
549
547
550
546
540
533
534
532
530
529
532
542
563
579
593
584
583
583
573
575
574
572
573
563
563
556
558
552
553
548
547
543
538
536
532
529
535
534
536
538
546
550
551
563
567
573
570
582
581
583
581
570
559
565
558
555
545
542
541
546
543
539
548
536
538
542
544
548
546
556
560
569
564
573
567
565
563
559
548
552
544
538
532
535
534
528
532
534
538
540
537
538
545
546
540
534
541
530
533
532
532
538
540
543
544
551
553
555
557
559
555
558
556
550
556
558
563
559
559
562
561
558
566
562
557
554
555
552
553
547
539
543
540
543
541
538
537
544
542
541
530
542
532
532
531
532
533
531
522
528
530
531
536
534
535
536
532
523
530
523
527
528
529
531
532
533
536
538
539
541
543
545
547
552
554
555
560
555
562
561
564
559
563
548
561
554
561
557
558
556
556
553
550
547
544
545
539
540
542
547
551
554
559
558
562
558
558
558
552
550
549
553
555
556
551
550
544
536
532
524
526
520
524
527
535
541
554
560
561
566
573
574
576
577
578
578
578
576
573
568
563
556
548
539
541
537
542
549
556
565
563
599
602
597
588
610
594
593
585
591
584
579
576
567
573
569
567
563
575
556
567
560
554
553
561
561
566
562
562
564
559
558
555
556
553
555
555
554
564
581
602
611
613
610
609
610
607
604
602
596
592
588
584
580
576
574
574
577
577
580
581
587
590
591
589
597
585
588
584
579
573
576
576
575
573
570
582
579
577
584
581
584
583
579
565
567
559
553
550
552
552
558
554
559
563
561
564
565
565
568
564
567
562
558
553
548
541
536
536
530
532
530
528
524
521
516
512
510
506
511
518
533
552
570
576
566
553
546
548
552
550
553
546
545
535
540
536
541
539
540
536
542
537
534
536
534
531
521
526
519
517
518
516
515
521
514
511
510
511
511
508
507
507
511
512
514
513
514
514
518
521
523
529
528
527
527
526
524
522
521
519
519
519
517
516
520
521
526
528
535
540
544
549
556
553
554
555
554
551
551
547
546
546
542
538
540
536
537
539
546
544
551
555
554
561
561
567
563
566
564
562
555
558
549
548
541
536
535
529
531
526
526
522
522
521
523
525
529
537
549
567
567
571
566
565
559
563
562
558
552
546
541
534
528
528
522
521
521
524
527
528
529
529
524
528
526
526
526
530
531
532
534
534
531
529
527
525
522
521
521
526
527
527
527
529
531
529
529
531
529
530
526
526
525
522
524
522
521
521
521
527
537
549
560
563
566
553
554
554
551
547
546
544
541
540
535
538
541
544
540
549
551
550
548
555
559
561
566
571
567
574
577
582
584
574
581
578
577
559
565
558
563
562
556
562
555
555
557
550
554
554
555
561
568
579
589
595
587
595
596
600
601
603
603
603
604
601
599
591
588
586
580
588
596
602
601
595
600
599
595
600
590
579
578
587
578
576
573
572
569
580
582
574
583
584
588
590
606
611
620
621
620
620
617
613
608
603
592
589
588
581
564
570
562
564
566
569
570
573
577
579
584
575
569
560
573
560
578
572
574
568
567
563
564
566
555
564
565
566
560
561
573
563
568
568
570
585
591
582
594
588
598
598
599
599
594
593
591
589
586
586
584
586
591
591
590
587
607
602
601
603
593
593
588
585
582
577
569
567
566
565
567
568
575
577
589
586
584
581
594
589
586
578
588
584
586
575
581
574
574
582
584
592
597
601
606
605
610
602
604
607
597
592
589
582
574
565
563
562
559
555
559
558
559