670
653
676
661
655
649
669
686
698
698
720
689
704
696
670
657
646
664
677
640
658
673
675
685
700
663
680
691
675
674
691
664
689
697
664
689
693
683
688
703
684
692
671
672
688
708
705
696
705
703
669
683
703
718
726
749
672
677
686
702
747
746
695
673
638
625
649
667
659
683
671
666
690
673
680
714
722
779
729
829
896
815
852
866
833
898
898
904
944
875
937
883
858
938
874
850
898
850
809
872
797
773
836
905
822
832
802
748
701
703
687
670
649
631
650
729
875
896
812
904
945
872
878
907
959
829
844
890
928
831
854
904
867
755
751
849
835
813
757
744
756
743
684
728
696
711
718
673
693
717
714
784
772
802
809
829
755
714
720
709
716
732
733
687
712
767
798
727
710
702
671
688
700
715
770
847
767
747
757
777
764
707
691
709
736
773
742
748
754
753
780
820
845
751
718
744
759
798
755
817
866
845
797
860
855
798
762
813
832
765
765
799
841
815
749
792
792
740
762
742
713
690
758
918
880
751
755
707
651
666
672
688
708
695
731
788
869
831
834
907
913
798
830
770
702
747
722
742
711
819
815
732
791
857
829
799
887
832
765
777
822
824
750
732
763
814
829
765
815
855
813
784
875
853
792
869
780
835
845
767
821
854
780
785
855
774
765
842
854
775
855
841
756
787
843
788
769
850
885
793
855
821
769
833
835
758
839
835
772
848
837
754
782
837
760
733
754
724
715
778
798
886
813
779
737
703
644
651
643
646
663
836
880
742
802
888
953
929
815
753
690
689
681
678
713
846
847
922
856
879
950
895
841
877
873
776
802
814
802
885
874
790
887
870
784
804
811
901
911
777
797
791
891
884
928
888
772
705
761
717
735
710
728
765
820
907
856
847
932
902
829
836
875
946
853
882
835
903
850
902
899
848
815
848
822
922
818
876
887
840
866
828
758
837
846
751
742
813
814
827
842
828
832
771
721
682
687
681
682
725
866
1073
1036
906
964
980
810
866
812
786
742
777
838
826
788
889
911
800
788
771
736
806
834
870
809
777
768
732
655
726
694
715
679
712
740
788
758
825
894
963
815
824
891
903
831
819
858
861
773
787
834
762
759
817
868
949
982
840
818
811
840
835
751
814
885
825
851
832
813
826
801
804
765
725
690
701
730
766
785
727
786
828
793
773
877
903
818
791
869
861
772
797
845
854
797
867
744
780
831
873
774
725
737
706
687
680
652
670
632
646
645
638
646
647
646
667
677
705
702
699
694
696
672
651
660
633
625
622
618
612
621
633
644
655
665
670
689
674
692
716
711
717
728
702
675
690
678
654
637
636
623
618
624
623
637
653
669
676
684
702
702
714
670
677
671
644
643
647
644
614
627
641
642
649
660
668
673
683
688
691
698
663
654
692
690
687
637
673
644
609
625
621
594
616
628
627
632
606
641
615
608
620
604
605
606
620
628
655
725
811
793
731
733
737
720
699
685
672
639
661
635
632
628
621
630
641
646
642
620
625
636
640
646
669
648
637
609
629
643
697
791
762
871
771
865
811
747
808
794
758
818
775
790
861
768
835
745
790
795
726
773
765
756
738
721
693
704
716
733
802
734
742
777
777
797
806
804
752
706
686
655
664
658
656
654
680
741
962
872
829
876
1024
1037
887
968
985
841
915
980
818
932
996
876
941
1061
1034
923
974
933
803
812
769
762
807
784
761
814
816
754
807
794
776
748
746
723
693
712
695
687
682
732
773
787
811
827
768
733
697
713
729
813
837
779
872
940
860
828
902
891
821
847
931
861
846
907
969
854
858
941
984
803
760
857
910
940
976
922
889
768
818
781
758
734
734
759
764
727
770
748
777
873
943
845
947
959
812
828
866
906
813
807
849
961
896
846
895
982
899
844
946
976
839
844
807
756
800
871
924
855
1002
889
957
898
789
787
802
816
911
938
896
827
792
767
727
739
750
810
887
842
991
912
910
877
784
860
841
785
834
864
799
782
854
852
827
770
798
883
952
841
840
883
937
870
802
795
803
887
953
847
902
976
876
908
998
931
891
961
937
891
981
1008
917
989
1018
892
915
931
897
857
859
880
780
867
861
815
761
745
752
784
861
916
818
831
764
819
788
715
755
712
721
687
701
665
683
672
637
613
617
605
583
566
587
569
561
550
572
562
582
589
580
600
601
620
635
660
686
689
688
670
666
670
699
714
701
707
719
698
666
661
659
653
669
651
657
649
646
649
630
645
629
616
594
607
596
596
592
587
578
575
573
578
567
571
568
574
568
558
586
564
579
576
579
586
586
594
596
600
600
581
589
586
596
609
631
631
654
652
666
664
698
716
745
730
675
697
670
680
657
656
663
647
648
658
655
652
626
625
638
665
673
661
685
689
675
672
664
660
654
661
656
667
714
659
673
720
680
678
693
712
745
709
705
714
737
727
721
710
678
725
724
720
763
793
829
796
812
755
764
814
858
819
756
817
805
733
711
742
713
688
663
645
649
654
677
716
777
716
734
759
771
857
844
789
733
709
713
681
674
690
675
669
680
704
750
765
781
826
869
869
858
882
890
905
888
871
833
854
791
853
881
868
860
824
801
731
740
718
693
696
649
648
681
667
659
685
692
709
669
703
699
703
694
693
709
702
704
708
721
713
722
707
703
706
708
688
684
679
667
634
628
617
604
594
600
592
583
570
577
580
572
565
572
587
567
576
583
591
624
610
622
638
617
631
626
614
612
609
588
590
581
555
563
554
556
555
552
559
566
582
606
630
684
651
646
655
645
656
625
616
629
646
658
635
639
642
651
654
658
651
672
648
639
631
618
604
597
599
561
578
572
563
542
563
555
543
558
560
567
577
566
599
598
599
608
622
647
700
751
688
695
689
655
661
667
665
676
690
664
665
673
675
648
644
653
676
700
738
748
749
763
745
722
722
724
768
880
945
918
856
822
761
786
772
751
768
742
741
761
804
836
750
732
702
750
765
826
829
866
810
854
859
777
822
847
829
837
927
937
917
916
827
854
852
792
850
868
845
896
905
790
840
865
861
790
749
723
745
722
775
864
855
836
764
720
707
719
752
854
948
997
911
866
897
847
882
921
891
993
1052
1078
1007
905
907
852
896
950
1004
976
905
791
785
755
705
707
758
790
993
902
850
777
836
836
799
840
826
832
829
752
813
819
857
821
834
825
817
774
745
719
740
744
751
742
704
718
680
694
727
730
739
715
678
729
690
688
681
704
759
752
751
744
651
685
646
652
648
666
724
745
764
727
744
710
710
765
827
763
756
781
832
769
725
717
725
744
751
732
666
694
703
646
688
661
641
636
639
642
643
646
637
618
616
605
619
619
645
651
651
648
664
674
681
667
679
688
687
681
671
659
663
681
669
650
647
646
635
651
644
629
597
622
599
585
604
599
595
610
601
601
575
577
580
591
592
595
589
591
591
594
608
615
614
654
630
628
611
594
591
590
592
606
614
627
631
621
620
624
629
628
641
625
626
605
589
583
586
582
593
590
594
586
591
602
617
629
622
672
658
654
646
630
647
643
644
622
627
619
609
615
608
609
612
599
583
572
586
571
563
556
548
561
553
547
537
536
540
528
529
523
513
507
509
504
508
498
495
485
499
486
485
481
484
481
474
482
475
481
484
479
478
472
482
481
475
479
475
477
485
478
483
481
475
477
474
467
471
467
474
468
461
460
466
469
457
459
461
455
455
453
450
449
460
452
448
446
446
451
447
446
446
443
440
442
447
447
438
434
437
434
432
432
438
437
430
403
403
442
438
432
423
422
421
427
429
423
421
419
422
420
419
422
428
419
419
411
413
418
425
416
416
411
410
417
424
421
418
410
410
410
416
416
416
411
409
409
413
415
420
411
412
410
412
413
414
412
410
412
415
418
407
404
411
414
418
411
409
404
404
409
418
417
413
405
407
406
412
415
416
411
406
405
408
414
418
414
415
403
405
404
410
413
413
408
403
402
407
414
412
414
405
404
408
409
409
409
413
407
404
406
411
411
407
407
406
404
406
403
411
404
405
397
399
404
402
402
402
400
399
396
397
396
399
398
398
396
395
394
391
397
397
395
393
391
395
390
391
394
397
393
391
391
388
390
390
397
395
396
392
387
389
388
393
392
393
391
395
395
396
389
391
390
393
396
399
398
398
394
390
392
396
399
396
396
398
395
396
395
398
401
397
398
398
401
403
396
404
401
404
400
405
401
398
404
402
404
400
405
401
399
402
402
404
400
406
401
403
401
403
402
407
407
399
400
404
404
408
402
407
398
402
403
405
404
406
410
404
402
404
410
411
410
410
407
408
417
421
420
420
415
420
415
422
420
422
415
412
419
422
422
418
410
407
404
408
403
409
394
396
395
400
392
398
397
397
392
387
387
394
394
396
386
396
391
386
385
386
388
388
387
389
395
385
388
384
386
391
382
385
382
387
387
389
387
392
380
383
379
385
388
385
385
387
391
390
392
384
384
386
385
390
391
393
388
397
396
390
390
390
396
396
396
396
396
393
395
396
398
400
396
398
397
395
395
399
398
398
398
397
402
397
397
395
395
399
400
398
396
397
398
392
396
392
396
400
398
396
390
393
392
391
395
400
392
395
392
392
396
387
391
390
399
394
395
394
388
390
392
391
394
396
390
392
391
393
392
388
389
392
391
388
389
390
396
396
390
389
385
393
395
397
391
396
387
390
392
391
390
389
387
392
394
391
388
390
392
389
386
390
386
393
390
394
390
385
388
391
386
388
388
396
391
389
388
389
386
387
386
387
385
391
386
391
390
386
380
384
382
393
390
385
388
385
390
382
381
387
396
387
386
389
393
383
382
385
384
393
390
385
391
389
384
382
385
389
388
386
384
387
385
391
383
380
379
384
385
386
382
384
385
384
383
386
382
379
379
382
383
387
379
383
384
387
382
381
382
382
380
381
380
390
384
379
384
384
382
383
375
378
380
383
383
382
381
385
385
388
382
380
381
383
386
386
385
383
385
385
383
390
380
387
386
395
384
391
385
387
388
384
384
382
393
390
385
386
388
391
381
382
380
387
391
394
396
382
385
382
382
383
382
378
383
382
383
376
383
381
384
380
377
377
380
379
376
380
382
385
377
381
381
385
379
374
375
378
377
378
377
375
384
383
382
377
382
382
385
377
380
381
378
381
380
388
380
386
383
389
384
380
386
385
386
388
385
383
389
388
388
387
380
386
385
381
381
386
387
385
381
387
385
387
385
383
388
385
385
384
387
401
387
392
395
393
397
418
391
400
410
409
407
410
406
423
436
405
416
443
411
417
419
446
412
415
421
445
416
429
431
434
426
427
456
445
430
432
433
463
438
431
436
462
450
438
437
443
490
472
438
446
498
478
439
448
507
483
442
454
510
485
460
452
509
494
490
452
514
493
494
453
521
500
499
502
501
507
471
476
528
509
511
499
501
472
463
506
484
490
489
468
469
507
499
502
506
478
523
516
515
485
529
511
511
483
519
503
503
484
480
518
507
510
510
490
487
525
510
515
511
499
514
506
509
508
510
502
499
486
494
496
500
503
508
497
510
502
500
499
502
501
497
512
518
521
513
533
536
549
545
532
546
543
552
547
545
542
541
549
555
548
545
543
556
562
562
552
543
534
524
522
517
520
527
532
536
537
543
558
557
554
552
556
556
547
547
538
543
542
541
540
545
558
571
569
564
568
573
586
573
571
568
563
574
570
564
559
564
550
552
548
542
552
557
559
552
549
540
533
527
506
515
519
532
546
561
555
556
536
560
555
563
572
577
570
569
552
537
536
570
563
571
571
570
564
551
569
563
574
582
575
570
562
551
544
533
542
545
555
558
556
559
555
567
569
566
569
567
570
574
575
571
571
563
559
546
542
530
536
537
554
565
565
562
537
584
574
594
597
587
582
553
592
579
592
602
593
596
596
596
604
601
593
582
560
587
582
587
592
586
588
584
601
593
594
588
587
587
593
599
602
590
592
584
580
582
586
577
579
577
577
584
592
586
584
572
569
558
553
531
530
559
515
552
541
528
521
545
529
521
544
521
516
521
521
509
510
504
535
502
493
504
511
491
500
495
485
527
487
482
483
487
495
481
488
482
477
467
475
475
485
463
476
469
478
456
459
463
464
463
460
458
458
460
458
472
464
459
457
464
464
477
454
460
462
463
464
456
461
457
454
450
463
459
457
445
443
453
451
451
438
438
441
446
441
438
431
429
436
438
432
434
424
427
421
424
426
422
412
414
415
424
414
416
414
411
414
410
410
408
419
411
411
403
403
403
404
405
398
401
408
401
399
397
391
395
395
396
394
391
393
397
396
391
393
392
395
395
397
386
389
392
393
394
391
392
393
402
396
398
395
401
400
405
398
396
397
401
404
408
407
406
412
412
416
413
408
409
415
418
415
419
418
424
414
409
409
411
411
406
407
406
410
410
411
405
400
402
404
408
405
403
404
404
402
404
408
406
402
402
403
409
415
406
408
408
406
416
410
404
405
412
411
411
404
412
409
408
404
404
407
415
414
406
409
409
407
410
401
405
403
405
424
411
406
413
405
407
408
407
406
413
407
403
406
405
405
409
396
397
398
399
400
399
397
403
398
403
394
394
393
396
399
397
399
395
404
409
403
401
403
401
405
399
396
398
403
409
403
403
399
403
402
405
407
396
397
396
402
406
407
398
399
400
403
405
404
396
401
403
399
403
399
404
405
406
402
408
410
396
397
399
399
402
398
400
410
402
402
400
403
409
398
396
399
402
398
400
400
409
403
399
398
403
400
406
396
399
400
401
396
394
396
402
404
398
401
403
407
401
405
400
401
403
398
397
395
396
400
404
398
403
417
403
401
409
404
409
402
400
401
401
402
401
408
403
401
403
403
404
405
397
396
400
400
403
394
399
399
408
403
404
401
405
407
407
400
403
402
404
405
406
419
405
411
413
405
407
409
416
409
411
411
417
412
417
417
413
404
404
411
418
405
405
411
410
414
407
409
414
433
401
409
416
439
428
403
412
420
448
412
418
421
453
410
421
426
427
454
410
419
451
441
423
420
426
431
469
453
454
429
437
473
453
429
429
438
470
451
448
447
423
430
465
448
446
443
423
429
463
450
450
454
431
474
460
464
462
430
439
479
466
463
462
438
446
483
464
467
465
439
446
488
468
472
473
475
446
493
476
479
474
477
476
476
474
453
485
472
479
479
481
465
468
497
489
495
499
499
479
516
506
511
520
520
521
517
511
509
518
521
530
523
528
521
517
518
520
514
511
508
507
500
502
507
507
504
500
494
495
497
495
506
503
506
508
511
514
512
516
518
517
530
521
527
526
537
534
529
530
529
528
524
520
521
517
526
521
521
521
522
521
528
524
529
526
522
518
505
491
491
511
497
508
508
506
511
514
514
522
517
520
522
528
526
520
522
523
522
519
517
521
518
521
519
521
523
522
527
519
522
523
527
526
524
518
518
509
506
497
502
500
506
505
511
514
512
519
520
520
523
528
521
507
536
523
524
528
528
527
520
519
518
516
516
519
520
524
524
525
531
531
528
522
518
510
495
511
506
508
511
510
517
515
518
522
515
504
527
521
522
532
529
531
528
530
528
532
528
525
528
528
523
526
532
530
532
521
526
524
524
523
526
522
525
525
526
528
523
524
526
528
527
531
520
523
504
523
511
513
511
521
515
508
530
524
521
522
527
534
540
533
534
531
531
525
524
521
524
520
522
513
520
523
521
517
517
517
513
497
503
498
514
501
508
497
505
514
518
512
510
506
521
510
501
499
515
512
507
502
503
523
517
521
513
520
525
524
520
512
513
528
521
524
525
516
505
527
491
534
522
525
528
520
526
527
527
523
527
519
521
524
516
505
498
499
494
516
504
508
501
504
497
492
543
531
533
539
529
535
534
536
538
539
521
522
508
541
530
529
522
515
524
529
531
527
517
526
516
520
504
537
523
520
494
524
517
505
481
522
487
512
479
514
502
495
476
512
476
484
497
474
479
462
502
470
479
452
465
457
466
441
449
454
455
450
452
454
452
458
437
441
447
451
447
443
437
439
471
435
450
435
436
445
470
438
441
448
443
441
444
441
444
443
446
451
436
441
447
470
436
447
440
438
445
448
443
445
451
447
440
441
441
443
446
462
438
456
447
444
452
482
431
448
449
452
483
462
461
449
453
482
438
469
452
460
471
449
454
443
451
442
436
438
420
440
436
441
416
422
427
421
419
423
451
422
423
423
424
427
424
428
422
429
427
432
421
419
425
433
425
422
428
436
419
424
421
458
414
430
423
419
419
425
450
412
422
419
422
420
420
419
417
430
424
424
421
418
419
421
418
418
430
423
422
421
418
421
421
425
424
426
421
421
413
419
421
422
423
419
422
425
428
421
417
419
433
428
422
427
432
421
421
422
435
452
445
418
423
426
427
432
427
434
433
463
409
421
432
459
421
434
424
422
428
424
430
426
427
431
429
423
420
435
428
424
429
432
419
421
457
421
426
431
431
423
428
424
427
430
431
428
424
430
460
422
436
420
419
423
456
419
430
418
418
418
424
453
413
425
426
447
403
418
416
422
419
420
425
417
407
410
407
432
410
407
405
407
412
402
399
403
408
408
402
405
410
409
404
401
406
407
407
408
409
413
410
404
407
413
413
407
414
412
413
404
403
411
411
408
411
416
403
405
403
404
405
407
416
401
400
409
429
404
407
403
406
407
412
405
410
411
410
402
399
411
429
403
406
404
406
404
408
404
408
404
411
397
395
404
423
396
396
405
407
397
394
394
422
394
398
396
399
396
396
396
399
398
396
406
403
402
400
401
405
396
396
400
423
390
397
396
403
407
399
396
395
404
406
401
400
405
404
405
400
401
404
408
400
401
404
404
410
403
397
401
427
401
399
404
402
403
396
405
417
396
398
396
397
397
396
391
393
401
413
390
395
395
397
398
390
392
393
397
399
395
393
395
396
394
392
396
408
407
387
400
394
393
396
396
401
397
396
396
397
408
396
783
395
406
396
394
401
397
401
395
393
394
394
397
391
397
396
397
395
388
391
390
393
412
405
381
394
389
390
396
385
382
385
397
392
385
387
389
391
384
383
389
383
385
389
405
398
376
390
389
394
394
387
388
394
392
389
396
391
397
392
392
396
388
395
413
388
392
396
404
392
389
387
391
413
401
382
390
394
396
388
383
385
389
395
401
391
384
389
380
383
387
377
385
380
389
387
377
378
378
381
380
381
374
380
373
373
374
378
376
393
382
369
371
378
376
380
373
376
378
370
375
372
389
373
384
372
378
376
370
373
371
375
373
369
371
371
373
391
365
389
370
369
371
372
372
367
370
376
367
371
372
373
387
362
373
369
374
367
366
370
363
368
369
365
366
367
368
373
367
385
374
360
364
370
366
373
372
374
374
372
369
370
373
372
373
395
363
374
374
382
394
381
370
372
379
384
365
369
373
373
371
370
386
375
361
370
371
375
368
366
368
366
371
364
369
371
372
368
369
377
374
371
373
376
378
372
372
381
366
370
374
393
377
365
370
374
370
377
374
372
377
366
370
376
375
371
381
390
365
371
376
382
368
374
372
370
366
373
373
372
387
366
370
373
376
367
364
365
368
367
367
381
373
357
365
365
364
369
367
361
358
357
357
359
364
356
357
357
370
354
354
363
363
354
354
359
356
360
352
355
354
350
349
354
354
356
347
355
354
354
355
350
366
354
351
352
355
354
356
351
353
358
345
353
349
355
354
358
349
361
357
348
349
355
354
354
347
353
358
343
350
359
347
351
354
363
347
347
364
346
353
352
350
350
348
355
346
349
349
352
346
352
350
349
346
350
350
348
347
349
354
348
343
349
363
350
338
364
354
340
344
357
356
354
338
361
354
353
337
363
354
343
347
354
350
351
354
350
354
345
346
350
352
349
353
362
355
342
357
348
353
349
349
355
352
344
350
353
365
344
350
357
347
355
349
349
353
350
347
351
358
342
349
349
354
350
349
350
366
342
349
363
345
347
351
352
351
348
348
348
345
350
354
340
347
353
352
343
348
345
360
338
346
349
351
348
342
350
353
351
343
347
350
352
342
348
351
360
336
346
357
352
335
346
344
348
349
342
341
348
343
340
344
348
339
338
345
344
340
340
343
345
342
338
341
349
341
340
354
334
339
340
339
339
340
344
330
336
340
341
333
339
341
336
336
340
338
335
335
343
338
332
339
349
337
329
334
349
337
328
335
347
327
339
346
336
328
336
349
334
329
351
341
330
332
349
339
331
334
337
347
335
333
341
337
342
337
336
342
333
348
332
331
336
340
339
344
331
338
337
343
345
334
341
327
339
335
348
328
336
336
347
329
333
336
348
327
333
336
347
333
327
335
340
334
327
337
338
339
327
335
336
330
332
337
331
329
333
344
325
332
334
341
323
333
334
333
330
333
341
325
333
338
337
323
330
334
340
325
330
332
341
322
330
331
343
322
329
330
342
323
326
335
341
321
328
332
342
320
329
329
337
340
334
331
320
333
344
319
332
330
345
320
331
331
344
319
330
337
328
328
332
333
327
329
331
331
331
326
332
339
325
333
345
335
321
334
344
326
327
345
336
322
331
345
331
328
330
333
331
333
342
333
325
337
338
329
327
335
340
332
328
338
333
329
337
338
325
341
336
328
331
343
336
328
331
344
337
329
332
343
336
336
328
342
335
331
330
345
336
328
333
346
333
330
340
335
329
340
335
335
330
335
337
329
327
341
332
327
329
336
331
324
339
330
324
331
338
325
326
334
333
326
327
337
334
326
332
332
333
326
331
333
335
331
334
330
325
335
335
328
326
337
330
327
326
338
329
327
327
338
330
327
327
336
328
327
332
330
326
334
328
330
327
335
329
327
333
330
327
332
330
329
326
337
327
330
329
333
331
327
327
334
330
328
328
332
327
326
326
331
325
334
329
328
329
328
327
327
330
329
323
331
330
326
323
334
323
329
327
325
318
330
330
318
325
332
326
320
321
332
321
325
329
323
319
327
322
318
323
329
321
316
324
324
324
320
325
322
323
327
324
321
324
327
323
322
325
326
324
327
324
323
328
324
326
324
325
326
324
326
327
315
334
327
321
327
328
321
329
327
325
318
333
326
316
327
332
320
322
330
317
322
331
325
320
320
328
321
316
322
328
318
321
327
321
318
327
320
323
322
323
318
322
320
323
322
319
322
320
321
319
319
321
323
318
325
323
322
322
324
319
321
324
322
320
325
319
320
318
323
314
318
318
321
322
319
318
318
322
318
320
320
319
321
319
323
324
314
324
321
318
320
321
318
319
322
318
315
319
316
316
319
313
319
317
320
314
318
317
318
315
315
317
317
319
314
319
322
313
323
316
316
320
319
317
313
318
315
316
315
315
316
318
315
315
319
316
316
319
315
316
315
319
316
316
315
320
318
313
319
317
316
317
316
313
318
315
314
314
316
316
317
314
321
318
316
319
317
318
317
315
313
319
313
319
319
317
317
321
317
317
317
319
317
320
322
316
321
317
317
321
315
316
318
313
320
316
314
314
318
317
315
321
314
323
317
316
316
316
315
320
313
317
314
318
315
315
315
320
315
319
314
317
317
314
315
314
313
313
318
314
313
315
314
313
317
313
318
313
311
315
312
314
313
314
313
313
314
315
311
318
312
313
316
312
312
313
311
313
315
312
313
312
313
313
313
314
313
313
260
363
317
313
310
313
309
310
312
309
313
313
311
313
312
313
313
309
308
309
311
311
310
313
313
305
315
311
308
314
304
311
311
308
308
312
311
311
313
309
310
311
307
308
313
307
308
312
312
309
314
306
315
313
306
313
308
310
308
310
313
309
313
309
313
312
305
311
309
310
313
309
310
313
312
310
313
309
309
314
305
310
313
309
313
311
310
308
310
309
313
310
306
311
315
309
315
311
309
313
306
310
311
309
308
313
312
309
314
310
312
307
308
308
309
309
315
308
311
312
304
311
309
308
310
312
307
311
311
310
312
306
311
307
311
308
313
308
313
310
305
312
306
309
308
311
305
310
311
309
308
310
307
313
308
311
312
308
309
312
313
309
313
317
312
312
318
316
312
313
319
316
315
313
313
313
319
321
317
315
323
317
317
323
320
321
323
321
320
324
326
320
328
329
323
327
327
330
333
331
328
332
330
325
329
331
329
331
339
330
332
338
335
333
332
336
332
336
334
334
337
338
339
336
340
337
336
336
339
345
344
339
343
342
343
343
345
342
343
342
343
346
349
345
346
347
341
345
347
342
347
346
343
345
345
352
347
348
350
347
351
348
347
354
350
347
355
350
351
354
350
350
352
355
353
355
354
354
357
354
354
359
354
358
356
357
361
354
358
363
354
361
360
358
362
363
361
372
362
364
369
372
369
369
367
364
366
373
367
373
377
371
374
375
370
375
379
371
379
381
379
381
385
383
386
390
385
389
390
391
391
391
397
392
393
391
395
394
390
394
392
389
394
393
390
391
395
391
390
391
395
395
394
397
400
399
406
403
407
408
401
406
403
405
402
401
400
401
404
396
401
402
399
398
391
399
402
397
396
399
400
395
397
400
398
405
404
402
401
401
401
401
398
401
400
398
402
404
398
402
398
400
401
399
403
401
403
408
406
408
408
410
415
413
413
416
417
420
415
417
420
420
412
416
416
411
416
418
412
416
415
416
419
420
418
424
425
423
425
425
427
433
433
433
436
432
431
426
429
431
429
425
430
433
433
432
436
441
435
438
443
396
478
448
445
446
442
448
446
440
446
443
447
446
442
448
447
445
447
444
445
438
443
443
439
445
444
437
443
438
438
438
437
434
433
434
429
433
432
430
433
433
434
436
435
436
438
434
442
445
439
445
444
444
450
450
448
452
458
452
456
457
454
460
458
459
460
461
459
462
458
460
462
463
462
459
453
452
454
442
450
448
446
452
450
452
453
453
460
459
459
463
463
463
466
466
469
463
469
465
469
467
470
469
472
469
473
474
466
472
471
468
474
463
461
462
458
453
454
451
447
446
447
448
453
445
453
447
451
453
452
453
451
452
449
446
447
446
449
454
448
459
459
459
463
466
469
471
467
474
474
474
471
465
468
464
466
463
461
461
453
459
455
455
451
452
458
449
458
457
459
457
463
468
465
470
474
469
475
471
472
473
468
476
474
476
474
470
466
467
469
465
459
466
469
471
471
473
473
478
472
476
475
466
473
471
469
464
468
469
466
470
471
476
471
474
475
478
475
480
481
479
482
484
482
484
482
479
475
470
472
467
460
464
462
458
461
465
458
468
466
464
472
469
468
473
476
480
476
485
479
478
481
479
480
477
480
479
474
480
482
481
482
488
484
486
484
482
476
481
483
478
483
484
483
487
485
491
491
490
494
495
499
494
495
497
499
497
493
496
495
499
494
495
493
497
491
492
490
486
484
483
482
483
484
479
481
484
485
486
483
488
490
483
490
492
492
491
495
492
495
495
496
491
497
495
497
494
493
497
496
494
490
492
497
495
498
500
504
498
504
502
502
495
499
497
498
493
498
496
498
497
499
500
500
492
499
498
497
495
497
495
497
491
496
496
498
491
498
498
495
503
499
498
497
496
493
501
499
495
496
492
488
486
487
483
484
488
481
490
485
489
489
487
496
484
495
490
486
489
490
490
488
487
484
482
479
480
479
474
480
480
478
479
480
482
486
479
486
483
484
482
482
483
479
482
480
482
479
479
479
473
479
475
477
469
458
479
472
473
472
470
466
476
472
474
475
477
479
478
479
485
479
484
486
479
484
481
482
486
483
485
479
484
480
484
479
482
479
479
481
482
487
480
485
491
487
498
492
492
491
496
493
495
498
494
500
502
503
501
505
505
507
501
504
504
504
505
504
510
508
509
512
515
511
512
508
507
502
497
494
492
494
489
487
485
485
486
485
487
490
495
491
479
507
499
495
501
500
505
509
504
505
502
499
498
495
491
482
484
479
478
474
467
457
472
463
463
457
446
476
465
466
464
464
456
441
477
462
446
475
468
468
451
485
474
478
477
480
481
480
486
488
485
490
493
488
488
498
492
495
497
507
499
493
495
502
493
499
497
494
494
486
492
485
485
484
486
489
489
494
495
498
495
500
498
503
501
497
503
501
506
500
479
513
497
503
505
502
504
506
505
506
507
510
507
509
509
512
499
485
512
502
498
500
499
492
496
491
495
488
495
494
500
496
501
499
503
503
501
506
502
505
504
501
504
503
499
503
503
506
502
503
501
502
500
498
503
493
501
496
494
496
495
497
495
497
492
501
497
503
495
484
511
501
503
503
503
500
501
494
492
493
494
491
489
494
494
495
495
498
498
500
501
500
502
505
504
507
502
503
504
503
500
499
500
496
502
500
498
505
499
506
501
503
501
500
500
500
493
497
495
495
491
486
487
483
484
478
469
487
484
481
486
487
487
491
491
495
496
496
498
498
498
499
500
501
499
502
501
506
501
503
505
498
504
501
502
500
501
495
502
499
494
475
509
493
497
492
497
497
496
496
498
502
500
502
504
506
505
510
511
509
510
506
506
502
493
495
491
493
489
475
474
505
494
493
499
498
500
501
505
503
507
507
509
513
511
512
513
511
512
508
508
506
507
507
503
502
500
504
500
500
499
501
496
494
494
487
476
495
485
480
485
481
484
483
468
493
484
464
497
486
488
489
492
491
493
494
494
469
479
513
500
497
499
498
496
498
493
494
489
486
488
485
482
471
497
484
485
489
486
490
492
494
494
495
498
495
498
495
495
494
494
496
497
495
496
493
495
494
493
490
491
495
492
494
495
493
496
494
493
501
497
495
496
497
490
469
481
496
489
491
491
489
490
486
488
483
483
483
483
480
481
483
487
487
466
502
490
490
466
505
493
492
490
493
496
499
496
499
497
499
498
500
500
502
499
500
502
499
503
501
503
500
501
501
499
497
495
494
492
494
487
485
485
483
486
485
490
487
488
491
491
493
490
494
495
497
499
499
499
495
495
496
493
495
475
507
495
492
477
514
503
505
509
511
513
513
517
516
521
518
520
517
517
514
515
512
519
520
519
519
519
520
517
516
517
517
519
520
515
518
519
516
512
514
510
512
513
509
508
505
506
502
504
498
504
497
503
497
501
501
506
502
504
504
507
504
508
510
507
511
512
512
510
515
514
512
518
510
509
510
511
508
516
514
517
517
518
518
523
524
523
521
520
521
525
519
523
524
522
520
516
516
519
509
506
507
508
482
527
508
514
512
518
519
521
521
529
513
523
528
532
523
509
541
532
536
525
528
535
539
527
533
531
534
526
531
521
523
526
516
532
533
532
533
532
531
528
527
520
527
521
529
525
525
521
526
532
533
534
540
547
549
553
558
558
558
563
563
565
566
563
562
560
552
554
548
548
549
544
553
549
548
543
544
542
537
535
529
525
519
520
520
521
522
525
529
536
542
539
558
557
563
563
557
564
561
558
555
551
549
546
542
537
531
537
530
543
543
555
552
581
572
583
587
589
594
587
595
593
591
591
591
592
593
593
596
599
602
603
607
613
610
609
607
612
605
605
603
602
603
600
603
607
605
609
610
612
613
619
611
617
615
622
612
616
618
620
615
616
618
617
611
616
616
622
614
618
621
608
608
606
605
604
602
606
611
614
610
617
617
622
617
617
614
614
613
605
604
601
595
588
578
578
579
580
583
579
587
588
599
595
597
599
604
605
604
600
604
604
606
611
614
617
621
619
628
615
620
616
618
609
609
614
612
606
612
615
609
608
608
594
591
590
588
586
582
586
591
593
598
601
601
598
597
596
590
592
586
583
582
578
577
576
578
580
583
584
591
591
595
599
600
598
592
593
589
591
590
577
586
580
580
582
581
574
573
576
568
565
563
565
563
569
565
577
582
585
588
584
566
588
588
591
604
603
605
604
601
597
591
586
583
580
580
580
579
579
583
587
592
594
595
592
587
582
580
574
580
572
581
585
591
591
605
604
605
605
604
611
604
607
603
604
600
597
595
593
583
587
588
591
587
591
599
600
600
602
601
608
606
605
606
605
604
603
602
599
595
598
598
597
596
595
601
596
606
608
604
613
617
616
608
612
611
602
593
600
592
592
591
596
596
594
603
601
598
603
598
601
597
595
589
587
584
581
578
579
578
582
583
582
582
579
580
574
577
575
572
582
576
577
581
582
584
585
585
583
584
578
578
569
574
573
563
575
572
582
585
579
589
593
596
603
604
611
613
612
603
596
603
594
585
578
575
572
577
570
579
575
566
573
577
581
592
600
604
608
616
605
605
601
603
600
600
598
591
590
584
586
581
580
579
580
579
575
575
577
579
577
583
582
591
594
596
599
594
604
594
601
600
595
598
592
592
592
587
589
589
587
585
592
594
596
600
596
594
590
591
589
583
593
592
595
592
586
592
583
582
582
583
586
584
585
589
592
598
595
618
623
635
640
643
641
649
642
640
634
633
627
630
622
623
629
627
622
629
635
632
638
628
631
624
632
629
625
617
628
613
616
616
619
627
634
629
635
640
646
643
652
640
630
645
628
628
621
622
615
622
620
615
618
627
616
620
620
615
613
609
604
598
590
586
592
588
599
604
601
614
620
622
617
612
636
625
625
612
625
611
606
600
614
609
615
613
624
618
613
636
627
622
623
620
630
622
624
619
628
623
619
619
625
617
619
619
620
625
619
621
627
609
615
613
612
603
607
607
603
602
604
604
597
601
595
588
599
600
596
600
601
595
599
600
602
602
601
600
598
599
593
589
588
585
579
583
576
578
576
579
574
566
576
570
571
570
570
562
565
573
557
565
572
578
581
585
587
585
585
579
575
569
562
556
547
541
541
537
528
547
534
544
578
595
612
631
635
630
626
623
616
606
601
598
595
591
590
584
582
578
573
563
562
557
552
549
548
553
551
552
560
549
554
555
558
557
557
560
563
561
568
572
574
577
578
574
574
573
571
568
569
569
568
566
566
564
563
561
556
555
557
540
551
553
560
563
568
568
565
563
559
554
555
554
556
553
564
559
563
579
590
596
594
596
596
599
603
603
614
619
616
606
609
603
602
594
598
596
595
592
590
577
585
582
579
580
574
573
564
574
573
567
568
565
572
567
573
570
567
558
564
557
554
554
558
581
605
627
612
612
620
615
633
624
617
613
610
604
598
587
576
564
565
563
562
567
576
583
585
587
585
575
576
576
574
571
560
563
555
550
544
541
539
538
534
538
538
539
542
552
558
564
568
577
578
584
585
592
588
586
579
573
564
559
555
555
550
551
555
563
562
560
562
558
562
560
559
559
561
563
574
586
595
609
624
629
630
632
630
620
607
595
593
578
574
570
574
569
570
572
578
573
574
576
573
571
575
585
605
615
627
640
640
637
628
618
624
604
594
585
563
575
572
580
575
577
579
579
581
581
579
571
561
550
545
548
570
573
595
609
599
547
608
575
589
608
622
622
623
620
611
607
602
599
597
585
581
576
574
563
578
580
591
598
603
604
604
601
600
591
589
583
576
578
559
579
586
610
622
642
642
646
643
647
635
634
623
614
602
584
580
580
576
574
587
597
607
605
607
605
599
605
604
605
606
606
615
614
618
621
623
620
607
605
595
582
586
587
589
608
602
639
639
642
628
620
619
617
617
614
609
603
592
576
574
571
568
572
564
575
584
598
605
611