680
652
645
660
706
775
822
759
697
641
585
584
582
603
599
604
607
646
674
711
658
646
621
608
603
601
599
655
704
835
792
792
783
711
695
676
647
622
599
604
621
649
682
692
658
614
614
619
638
666
685
678
639
618
614
639
678
724
737
725
664
636
630
684
662
623
620
639
655
642
643
713
939
922
891
816
752
782
1133
1234
1070
911
823
833
866
901
899
876
836
806
830
863
848
837
826
846
830
769
737
704
662
646
691
803
1094
919
847
806
807
835
756
721
708
708
744
818
919
873
925
852
795
771
737
776
762
729
781
759
787
760
745
742
711
707
672
648
633
639
628
641
680
825
897
787
860
905
935
897
813
729
688
680
674
680
711
725
852
1090
846
815
739
750
729
727
756
799
771
749
764
801
756
785
827
854
785
712
730
764
909
932
810
738
755
790
853
950
897
762
683
698
739
1129
1001
941
877
860
880
858
817
765
736
724
745
799
853
843
789
761
755
742
757
738
722
714
732
705
665
624
611
604
609
619
632
652
663
667
678
680
668
679
682
734
736
754
797
780
690
645
615
672
676
788
837
802
759
709
686
673
659
667
675
686
670
687
710
727
773
777
792
748
746
823
869
842
758
745
743
724
699
705
715
727
766
803
833
807
853
868
850
810
778
730
686
658
649
664
685
727
721
753
768
708
670
708
692
669
663
688
712
738
755
731
722
746
785
880
908
854
769
693
700
726
810
928
883
818
734
677
684
736
1072
1071
980
848
759
688
691
733
820
1039
813
723
702
658
640
653
655
699
744
737
703
691
682
688
658
639
637
673
741
763
734
743
790
795
765
734
643
621
620
644
792
1022
899
876
818
787
709
657
642
647
677
716
728
744
752
719
759
983
1043
809
755
712
692
683
712
743
757
759
752
755
767
706
663
688
693
688
701
722
705
689
660
639
628
627
622
616
661
717
971
970
922
842
735
681
671
688
728
823
837
838
809
739
716
716
713
745
715
713
735
748
751
734
702
701
716
710
719
721
734
725
724
673
662
702
702
730
793
822
741
669
662
654
679
750
762
740
689
638
638
663
698
758
801
707
659
619
636
635
711
841
749
667
650
639
624
636
639
615
601
604
617
626
637
639
621
615
608
604
608
610
615
605
601
600
615
630
649
627
613
604
581
581
575
573
578
576
581
590
600
674
990
1096
1025
856
818
791
841
986
921
866
829
842
879
866
752
703
757
778
910
1130
865
737
783
811
1200
1061
915
852
862
888
909
872
810
736
711
753
795
1142
944
912
855
844
896
965
922
896
855
744
681
711
760
1180
1063
976
894
895
885
965
963
938
827
785
818
928
969
897
885
831
814
758
707
716
968
1103
1005
872
735
666
636
614
617
633
660
681
695
678
657
669
688
716
748
764
724
719
735
765
860
930
865
831
818
771
760
770
822
832
851
784
755
743
748
700
643
636
617
605
607
626
697
770
825
804
717
698
692
725
796
845
822
831
838
839
801
771
759
782
798
877
1008
1000
921
846
767
686
658
688
756
1136
1050
870
858
831
781
739
722
753
808
896
973
957
900
805
735
681
625
619
629
662
765
892
945
978
961
905
870
862
826
813
797
815
871
943
921
904
873
827
849
905
986
978
850
825
762
688
656
722
787
1190
833
834
807
717
706
719
761
817
854
828
781
755
744
743
710
705
712
737
807
831
920
872
766
715
688
649
728
788
965
928
854
774
722
706
696
709
700
685
672
682
707
732
768
776
792
816
830
857
833
783
700
690
713
730
837
835
863
752
692
660
674
703
743
762
752
737
711
694
674
674
666
676
681
680
671
713
782
870
873
846
819
794
738
725
708
725
742
741
717
614
696
652
650
610
608
592
579
554
563
544
540
534
521
528
521
519
517
518
521
516
517
514
516
513
513
516
521
529
545
555
563
566
568
564
575
583
566
553
569
598
622
637
661
706
775
775
700
639
609
611
610
632
642
667
745
927
862
843
760
709
685
635
631
642
1080
899
860
773
781
723
677
647
647
640
606
595
607
623
658
646
653
675
669
621
633
639
652
645
625
640
636
631
615
596
583
578
629
832
893
870
998
852
849
873
822
770
729
722
719
743
705
709
680
637
633
633
644
638
618
602
595
594
605
592
589
609
694
837
789
730
704
711
737
737
700
664
634
602
592
586
601
676
782
837
812
798
793
742
662
603
583
564
562
559
574
624
689
726
685
672
713
778
806
775
694
687
680
696
703
678
698
787
850
733
664
672
642
638
654
698
750
780
775
729
668
627
633
679
789
832
838
752
727
756
791
886
868
779
694
683
693
725
756
813
778
796
723
723
692
666
670
666
672
663
668
662
622
587
584
595
658
707
771
773
820
797
714
658
672
627
626
634
656
643
636
606
584
586
597
630
672
701
736
770
744
690
639
615
596
583
583
585
580
580
576
572
552
544
540
536
531
537
529
529
519
523
529
542
553
559
544
541
536
535
535
532
524
522
515
515
514
516
516
521
521
528
526
528
541
565
604
618
603
574
552
551
545
559
551
556
552
554
565
571
580
568
567
571
565
557
552
544
542
546
561
579
608
652
644
664
650
659
635
632
632
613
600
594
600
611
644
673
634
635
655
686
665
615
600
595
602
614
631
660
692
640
634
603
564
560
532
521
515
492
494
500
477
473
482
464
460
456
469
451
439
444
439
450
440
426
430
430
434
427
438
426
419
414
417
419
418
421
419
426
423
420
415
412
413
416
421
416
417
418
421
418
414
408
406
405
407
408
411
407
407
406
409
411
415
418
415
410
410
408
410
410
413
417
421
420
420
423
423
418
414
414
415
414
417
416
416
412
413
420
417
421
415
407
406
405
407
406
409
412
409
408
408
411
413
410
414
412
408
403
402
402
403
403
404
401
402
402
400
403
399
403
403
401
403
407
402
401
402
403
401
396
396
394
395
395
396
396
396
396
389
395
393
391
394
389
394
392
389
389
389
387
388
388
389
388
388
389
388
388
389
389
390
390
389
391
392
388
392
388
392
390
393
390
389
386
389
387
391
389
387
384
385
386
389
391
390
388
387
385
385
385
388
391
392
388
390
390
390
391
396
396
391
390
391
390
391
391
392
391
391
387
387
387
386
386
385
387
387
384
384
385
383
382
385
384
385
385
383
383
379
381
382
381
381
381
378
381
377
378
379
378
380
375
376
377
377
376
376
381
380
375
376
378
379
380
381
385
383
380
381
382
383
383
384
387
388
382
383
384
383
383
386
388
386
381
382
382
382
380
381
384
382
379
380
380
380
380
382
383
386
381
379
380
381
378
379
380
380
382
380
380
380
379
381
383
382
389
382
381
382
379
381
381
382
386
381
380
380
379
380
381
382
381
378
378
379
377
378
378
381
380
376
377
377
376
380
380
387
386
387
382
382
381
378
380
383
385
382
382
380
380
380
381
383
385
384
382
380
379
379
382
383
386
383
383
382
381
380
382
383
387
384
382
381
380
380
378
380
381
387
384
382
380
380
380
383
382
386
386
389
386
385
384
386
384
387
389
389
386
385
384
381
385
385
389
388
388
386
384
383
385
387
390
385
384
385
384
384
384
387
389
388
387
384
383
383
382
382
381
384
386
378
380
381
380
380
384
384
380
379
381
381
381
382
385
381
378
379
379
380
382
381
382
376
377
378
377
376
381
381
380
380
377
380
380
383
386
387
385
385
381
385
385
389
392
388
385
385
383
384
385
391
392
386
383
384
381
384
385
392
385
384
384
385
387
390
389
385
384
384
384
386
387
382
382
382
381
381
383
384
388
382
380
381
381
383
386
386
381
381
380
382
384
385
387
382
382
383
379
382
384
388
387
384
385
384
382
385
388
391
390
385
384
383
381
381
379
384
387
388
381
383
382
383
385
388
386
382
382
383
382
383
388
383
378
379
378
380
378
383
384
376
376
377
376
378
382
379
373
376
374
376
373
376
381
383
381
378
377
379
379
382
385
385
384
381
381
383
386
386
386
384
381
383
383
386
390
384
382
380
380
382
385
387
383
381
380
378
382
382
386
386
382
381
379
380
379
387
383
381
380
377
376
375
376
381
381
384
384
384
383
383
381
386
384
385
383
381
381
385
384
382
379
378
381
382
385
381
378
377
376
378
379
380
380
377
377
379
375
377
374
377
374
379
374
371
370
368
367
369
370
368
366
367
367
368
368
364
364
364
367
366
370
367
373
370
370
369
370
369
369
368
367
364
370
367
372
367
366
369
368
366
367
372
367
370
372
375
371
377
373
374
374
372
372
373
374
374
372
372
372
369
369
370
371
372
367
368
366
369
372
369
372
373
376
376
375
373
373
372
371
371
371
370
371
368
368
369
366
367
363
366
366
370
367
372
367
372
369
366
367
367
366
366
366
364
367
363
365
365
366
366
367
373
373
375
378
376
377
378
374
376
375
375
376
377
375
376
376
376
377
387
390
392
395
395
396
396
401
409
406
407
406
404
406
408
416
422
418
417
413
411
412
417
420
428
425
428
423
422
426
434
438
441
438
436
429
429
432
437
440
440
438
438
445
456
473
472
465
451
448
444
447
447
440
439
440
441
450
447
452
453
453
455
451
448
446
446
449
453
448
441
453
449
455
449
452
448
451
456
453
458
457
446
463
455
454
454
447
449
441
453
453
452
457
448
448
446
445
454
465
475
477
484
499
521
532
518
508
511
520
507
503
495
495
490
479
469
461
456
461
467
469
478
489
502
515
505
514
517
519
522
508
501
496
505
495
492
488
485
490
500
509
508
514
506
504
503
500
505
496
493
485
481
480
483
481
480
485
486
502
505
508
512
516
518
502
486
482
481
482
489
494
492
498
497
506
503
502
499
509
503
502
503
506
507
501
499
496
505
508
502
496
495
495
503
508
502
499
500
492
502
491
491
488
485
487
487
489
481
477
470
466
467
463
474
478
471
465
462
466
466
476
479
477
469
462
463
465
462
472
474
479
478
479
480
482
480
479
479
482
479
487
489
488
488
488
489
496
496
492
488
484
488
490
489
484
481
481
473
478
475
479
479
479
494
500
510
500
508
515
521
521
508
505
507
503
494
487
482
480
481
478
472
470
471
469
475
480
478
478
474
477
478
483
485
484
479
475
477
483
490
487
485
485
480
484
479
479
480
479
484
484
489
486
493
489
488
494
495
489
487
482
477
475
483
490
511
522
529
511
501
500
502
500
503
520
531
525
518
513
510
501
497
495
504
499
496
498
502
502
510
506
515
521
511
507
501
498
477
474
482
473
453
455
455
457
455
439
438
440
440
438
439
443
451
441
430
427
432
432
431
432
425
435
432
431
424
417
409
410
413
418
414
417
415
415
418
420
417
419
416
415
416
418
413
415
417
419
421
421
417
419
423
428
425
418
411
409
409
411
413
415
414
413
412
412
414
414
417
416
419
416
418
410
412
406
407
408
407
406
407
410
411
408
406
404
403
405
402
403
405
400
401
402
404
407
403
410
408
412
409
413
412
406
406
406
407
411
414
413
413
413
414
414
414
416
416
418
420
416
409
406
408
412
414
412
412
413
412
414
416
416
417
418
414
416
418
416
406
405
406
407
409
409
407
409
408
407
408
410
406
408
410
408
409
407
406
402
404
412
410
406
403
404
405
407
407
402
402
401
400
400
399
402
401
399
401
398
395
396
394
396
394
394
390
391
388
390
388
390
386
388
387
389
388
388
389
388
390
386
389
389
388
391
391
386
386
391
392
394
387
388
389
387
390
394
395
393
392
393
395
396
400
396
395
395
398
399
398
395
396
396
397
397
393
393
393
396
393
388
390
390
390
395
394
395
392
391
396
396
391
391
392
392
392
393
392
392
394
392
393
394
392
392
393
393
392
393
390
393
392
394
390
391
390
393
392
393
393
392
392
395
393
393
393
394
392
392
395
393
393
392
392
391
392
389
391
392
388
389
392
390
392
392
391
392
392
390
390
391
390
390
390
392
392
391
390
390
391
391
394
395
389
391
392
391
392
396
396
387
390
390
390
389
390
395
400
396
396
392
391
390
392
396
394
392
393
393
394
397
400
399
395
396
396
397
397
396
397
395
396
396
393
393
393
388
391
389
389
388
388
393
391
387
386
388
389
392
391
389
388
388
392
393
393
390
393
394
395
397
393
394
396
394
395
395
396
396
393
394
394
392
390
390
385
387
386
385
384
385
384
383
386
387
391
393
391
391
393
393
396
397
396
396
395
394
396
394
394
392
396
396
392
392
394
395
393
396
396
391
391
393
394
397
396
391
392
393
392
392
394
393
391
395
393
393
392
392
396
396
396
398
396
399
402
401
403
404
406
407
409
406
405
405
407
407
408
409
407
407
410
408
409
415
415
415
420
417
415
415
418
416
423
423
420
420
418
420
423
420
421
421
418
417
421
417
417
419
424
421
423
423
423
426
426
427
431
430
429
431
427
428
423
421
424
428
426
431
429
431
433
435
439
439
438
438
440
447
452
444
447
449
452
450
453
447
448
451
448
460
452
459
458
457
459
460
456
455
455
457
457
447
451
442
450
443
443
444
445
446
448
452
460
457
453
459
456
464
450
458
455
453
458
458
466
466
471
468
469
464
472
466
467
466
463
460
461
461
460
459
459
460
464
460
464
463
465
461
465
461
458
458
459
457
455
454
446
457
455
454
456
459
455
461
460
462
455
449
451
449
443
448
444
464
465
473
471
474
479
479
476
479
469
477
471
476
474
478
470
481
481
484
483
484
481
479
479
479
479
479
483
484
483
486
477
483
479
483
479
483
472
484
478
482
479
486
479
492
480
480
478
479
474
470
468
474
468
469
466
468
467
473
475
486
483
488
485
485
483
476
480
481
477
478
475
477
470
473
471
477
478
478
478
478
477
475
476
472
474
471
475
477
476
478
477
476
471
469
467
472
465
469
463
468
466
469
471
473
470
469
466
467
459
464
461
463
465
462
465
465
465
468
463
465
463
465
462
464
463
464
465
467
467
470
475
471
477
478
474
476
475
473
472
466
468
468
473
470
475
480
476
471
479
483
486
490
486
484
478
474
469
467
465
468
464
467
466
470
469
473
471
469
472
470
466
470
468
470
466
461
457
455
451
452
451
457
458
470
467
477
473
470
476
478
478
468
472
475
475
471
467
465
464
469
456
460
456
457
455
462
454
463
459
456
455
460
457
458
458
457
455
459
459
458
456
455
455
462
460
460
454
458
455
452
452
454
445
449
444
449
448
448
447
449
447
443
442
442
441
448
444
447
450
455
454
453
453
459
458
454
453
453
448
452
447
450
449
448
451
447
448
439
441
439
442
440
439
438
439
438
440
442
433
437
436
438
434
430
432
430
438
435
436
438
438
438
438
440
440
438
437
438
430
432
434
434
435
437
435
435
439
437
433
428
428
425
425
429
429
429
426
426
432
427
422
417
415
416
413
413
416
416
417
420
420
420
421
421
423
425
423
425
415
413
416
418
420
422
420
421
418
419
421
419
424
421
420
414
414
415
419
420
422
421
421
417
418
422
425
430
425
429
421
415
412
412
416
418
414
418
418
416
419
419
425
424
426
419
418
419
419
416
421
421
419
418
419
429
429
428
426
420
422
422
422
422
423
421
421
422
423
423
427
426
425
427
417
420
422
425
424
430
426
430
428
424
423
425
425
426
426
425
421
424
428
429
430
424
419
419
420
424
422
421
421
422
418
416
419
421
419
426
424
418
417
413
413
416
421
422
421
424
424
424
423
424
427
422
426
421
412
413
413
414
413
413
413
414
411
418
418
415
418
418
418
418
417
414
412
414
408
405
406
408
409
409
405
409
408
404
407
408
407
405
405
405
404
404
409
404
411
408
409
406
404
408
415
418
410
410
414
414
416
419
422
418
418
417
417
416
416
420
417
419
415
416
413
412
414
414
413
410
413
411
411
414
412
412
411
407
407
406
410
409
408
408
409
407
407
408
409
407
407
409
416
419
412
412
417
417
421
423
421
418
419
423
418
422
420
417
407
406
405
404
404
404
409
410
411
409
407
408
409
407
411
408
409
409
412
407
412
408
412
410
407
404
403
401
403
409
402
401
403
403
406
404
403
403
401
401
400
402
402
399
396
396
391
396
395
393
390
391
388
388
389
389
385
385
384
383
386
387
383
383
385
388
386
384
384
383
386
389
389
387
389
391
395
394
393
392
394
397
394
391
393
393
396
396
391
391
391
390
392
396
396
395
392
390
391
391
389
393
389
386
386
384
385
385
385
381
382
380
382
379
381
383
383
383
379
378
378
376
381
382
383
384
389
386
390
386
392
389
395
390
388
388
391
387
387
385
389
384
386
380
387
384
384
381
384
383
381
378
377
377
376
375
376
375
373
374
374
372
372
371
366
369
367
368
369
367
368
372
368
370
367
372
373
370
367
369
370
369
370
369
369
367
370
367
366
364
366
368
370
368
375
367
373
372
373
371
372
373
372
372
373
373
373
371
372
371
368
369
367
369
369
373
371
374
370
371
375
377
377
377
378
375
373
377
377
379
375
375
376
375
373
372
370
369
370
370
370
371
373
371
374
373
375
370
374
370
375
377
374
374
376
376
377
375
377
377
375
374
372
373
373
374
372
369
370
368
373
373
373
375
375
375
376
380
375
377
379
383
376
377
375
381
379
377
375
376
377
374
372
372
372
372
370
369
370
370
371
371
368
365
366
366
729
363
366
362
361
361
362
365
364
372
368
371
371
368
369
368
367
367
366
366
367
366
365
362
362
363
363
364
359
360
361
359
362
363
364
363
370
370
367
367
363
365
368
371
371
369
368
367
366
365
364
365
363
364
364
366
367
367
365
368
368
374
375
375
376
381
377
380
378
380
381
380
380
378
379
379
379
376
377
377
376
373
369
374
372
369
369
370
370
368
366
368
369
365
367
368
368
367
365
366
363
364
363
361
359
360
362
358
359
356
356
362
360
361
365
360
364
361
362
363
367
363
363
362
369
359
363
363
362
360
360
362
356
358
362
357
359
356
355
355
358
354
354
352
355
357
353
355
354
355
354
354
355
356
355
354
354
352
354
354
354
351
352
354
354
354
353
353
354
355
355
354
354
354
350
352
354
351
351
351
350
354
352
354
354
354
353
354
352
353
354
352
353
350
351
349
347
352
353
351
356
354
354
352
354
351
354
353
354
354
356
352
350
350
350
354
352
357
352
353
354
351
350
354
353
353
352
349
351
350
349
346
353
350
351
350
352
352
351
350
348
349
349
349
349
351
347
346
347
349
348
350
345
353
349
350
350
351
346
350
348
348
348
349
348
346
347
346
346
344
344
346
351
347
347
344
347
344
346
345
348
345
343
344
343
346
343
344
345
341
341
343
345
344
345
342
340
341
345
342
347
342
342
344
341
341
343
344
341
342
341
342
342
347
343
346
342
343
344
347
346
345
347
346
345
346
347
345
347
347
346
346
346
345
348
347
351
348
349
347
345
343
347
347
347
351
348
346
349
346
345
348
348
349
348
348
346
346
346
346
347
345
349
345
343
344
343
341
344
342
342
340
342
343
343
345
339
341
341
340
342
342
342
339
339
339
340
340
341
340
340
340
335
337
337
338
338
338
336
335
336
338
335
337
337
336
338
338
338
336
335
333
333
335
338
334
335
337
334
334
335
337
337
335
335
335
333
338
332
340
335
339
335
335
335
336
337
339
336
335
334
334
336
337
339
336
338
338
334
337
335
337
337
337
334
336
338
336
334
336
334
333
337
338
337
336
337
337
337
341
339
337
338
335
335
335
336
337
336
334
335
336
337
333
336
336
337
336
334
336
337
335
335
336
335
337
334
337
1002
339
335
336
335
335
334
330
333
332
334
334
335
333
332
333
332
330
337
335
331
333
330
333
332
336
333
333
334
330
331
332
334
335
335
335
331
329
331
330
330
328
332
333
331
331
330
332
333
333
329
331
332
332
330
329
331
332
331
333
329
332
333
332
332
332
329
333
331
331
333
330
331
331
332
329
331
331
330
328
328
332
333
332
328
331
329
330
329
331
329
332
330
331
333
330
328
329
328
329
331
329
330
327
332
331
328
326
327
326
327
327
333
328
328
326
329
329
329
330
331
329
326
328
327
327
327
329
328
329
329
327
330
328
330
332
328
326
327
328
327
326
326
328
331
325
329
328
328
328
328
327
328
330
328
328
327
324
327
328
329
327
322
331
328
329
323
329
326
327
327
327
332
327
327
328
328
321
323
327
331
327
326
323
329
325
328
326
328
328
326
328
327
327
322
330
327
327
326
325
325
329
327
329
325
325
324
326
325
323
323
325
325
322
325
323
324
323
326
324
321
324
321
320
323
320
327
321
320
325
324
327
321
321
320
322
325
322
322
321
324
321
322
322
324
324
321
322
322
323
322
323
319
326
325
321
325
320
316
323
323
321
322
322
322
320
322
317
327
321
321
324
320
320
324
323
324
322
320
321
319
321
317
324
319
320
321
321
321
323
323
325
322
320
320
323
323
319
319
321
324
319
321
321
319
322
322
322
322
324
325
320
321
321
319
321
318
320
321
321
320
324
321
318
321
323
322
319
323
322
320
319
319
322
322
320
321
321
318
320
322
318
320
320
323
319
319
319
321
321
318
318
319
322
318
320
319
320
320
964
3516
322
321
324
322
321
317
322
317
321
317
321
322
319
317
318
320
318
323
322
319
318
319
319
323
321
320
320
323
317
324
319
320
321
322
322
320
317
319
318
320
322
319
322
319
318
321
322
321
319
324
322
320
317
322
322
320
320
321
319
321
318
322
322
320
321
318
317
322
319
322
320
318
319
318
318
318
321
318
319
316
321
317
318
319
319
322
316
322
321
319
316
321
315
323
317
319
318
319
317
321
319
320
320
317
320
317
315
322
321
319
320
318
321
316
320
319
320
319
321
322
322
320
319
321
318
318
319
321
319
320
317
323
317
321
320
319
317
313
323
319
320
320
322
318
320
319
321
317
321
320
319
319
321
320
322
317
321
315
319
318
320
321
317
319
319
320
315
320
316
321
315
318
318
317
315
322
315
318
318
319
316
316
313
318
318
316
316
314
320
313
314
316
318
319
316
318
317
317
313
318
317
319
314
318
315
320
313
320
314
315
318
317
317
316
317
317
316
316
316
317
321
315
318
318
314
314
315
319
313
319
320
315
316
318
318
317
316
321
316
317
316
318
314
317
319
317
318
317
319
317
316
314
319
316
319
315
320
315
636
319
313
316
316
317
318
318
319
317
317
319
316
316
314
320
316
316
318
318
319
317
320
316
639
318
315
316
318
320
317
321
319
313
317
317
316
317
322
320
317
322
324
318
320
319
321
327
328
323
327
329
324
327
331
331
327
331
335
335
329
337
339
338
333
339
343
341
339
344
343
339
344
345
339
347
346
347
341
343
344
346
349
347
347
345
347
348
347
348
348
345
346
349
347
347
350
346
353
350
351
345
354
354
352
354
355
355
351
357
354
357
355
354
356
354
355
349
359
356
354
357
360
357
357
362
362
359
361
361
364
361
362
362
359
361
356
363
361
364
361
366
366
363
371
371
368
368
367
373
369
368
368
367
366
362
375
364
368
369
370
370
370
377
376
377
374
385
380
382
380
384
381
380
385
381
382
383
384
383
383
388
385
386
390
390
388
390
390
388
388
391
394
389
390
390
387
390
388
387
390
391
391
393
394
396
395
396
398
399
399
401
401
400
402
406
398
399
401
401
395
396
399
390
395
397
390
402
401
401
411
409
411
411
410
411
414
418
412
414
415
412
411
414
411
409
418
415
414
423
415
418
416
419
423
419
419
422
413
421
423
420
422
417
416
415
411
421
422
417
427
425
421
431
424
427
431
429
432
430
435
434
438
438
432
437
438
432
440
436
436
434
430
432
433
432
432
434
441
440
444
445
440
445
327
258
301
442
384
512
443
881
441
443
437
436
437
432
435
435
438
440
445
447
446
447
451
454
451
453
456
458
460
463
456
459
456
460
458
457
465
460
461
462
455
447
451
449
458
457
465
467
462
469
469
468
463
466
463
463
464
465
467
463
470
465
471
468
471
471
470
479
471
474
475
473
475
471
470
466
463
466
464
465
463
470
473
471
472
471
477
472
479
478
477
479
479
482
480
483
483
484
481
479
485
479
485
483
484
484
482
484
484
486
479
485
483
485
484
482
488
485
487
480
485
485
480
479
478
475
475
484
483
485
489
484
489
489
485
485
494
490
489
497
494
495
495
490
487
496
490
491
493
489
491
492
488
488
495
491
485
499
501
507
504
503
497
494
487
491
491
492
497
495
499
497
502
500
502
503
512
509
507
507
507
507
499
502
500
504
504
506
507
509
509
511
511
510
507
498
498
491
494
495
496
498
503
505
501
509
506
504
503
510
508
508
507
510
514
504
508
505
502
501
507
503
504
499
501
497
489
494
493
491
496
502
502
504
505
510
506
507
514
511
511
508
520
512
516
518
516
515
501
507
498
491
490
489
488
487
486
494
496
499
502
500
504
503
501
503
508
504
509
505
514
504
520
517
518
515
514
518
510
513
506
506
501
502
494
508
506
501
505
506
512
511
515
513
512
513
519
510
516
513
514
514
512
513
514
514
510
516
513
511
513
517
517
522
523
526
529
531
529
526
509
513
512
507
509
508
508
511
511
515
522
512
521
518
517
519
516
516
517
518
517
519
519
518
521
531
526
531
524
521
527
528
521
519
523
519
517
507
496
506
505
502
510
509
515
511
515
519
511
516
517
511
515
515
514
516
516
525
519
521
521
521
517
520
519
511
515
515
512
517
522
521
528
523
527
529
533
525
531
525
525
520
517
518
513
506
506
504
503
503
501
511
508
516
515
518
519
519
522
518
511
515
516
512
515
511
519
518
527
523
523
527
531
515
525
521
518
520
516
518
517
517
518
516
517
523
520
525
517
519
511
513
511
513
514
514
516
515
517
512
518
517
521
521
518
523
518
525
515
522
521
516
517
511
505
507
503
500
505
506
508
505
512
517
510
519
515
514
518
516
510
506
503
510
509
509
510
517
522
517
526
523
522
525
527
519
522
522
519
523
520
517
518
526
521
528
531
535
531
531
527
538
533
537
527
533
524
526
522
520
521
514
520
520
518
516
521
519
523
519
520
516
522
513
523
519
515
518
520
518
510
505
505
507
502
507
508
508
512
516
520
524
528
532
529
529
527
529
523
519
525
523
521
525
525
520
527
526
530
532
537
536
533
534
540
532
534
530
526
522
530
524
531
530
537
529
532
531
532
529
536
530
531
530
532
532
530
523
527
527
522
515
521
519
519
525
527
524
527
531
529
542
537
539
537
543
534
538
535
532
526
528
527
525
522
523
530
528
533
533
535
540
546
540
547
540
540
538
537
528
527
526
524
521
520
523
517
522
521
519
525
532
527
535
527
534
533
535
529
532
528
526
527
522
521
517
516
515
511
516
520
519
519
525
534
528
537
530
536
531
530
528
521
517
512
511
513
518
518
521
518
518
512
516
515
519
516
523
520
526
527
529
526
531
532
523
528
529
529
524
524
523
525
529
532
418
638
523
521
521
525
519
525
519
521
516
518
516
519
518
517
517
515
521
518
520
518
519
521
524
518
528
522
524
529
531
528
530
526
524
525
520
521
514
515
516
515
514
523
520
531
527
534
536
540
532
535
526
530
527
524
525
522
521
521
523
518
521
522
526
522
531
522
532
529
537
529
533
534
533
529
529
525
528
522
517
524
516
520
520
522
524
530
529
535
542
548
542
546
543
538
535
542
533
534
527
530
529
533
528
531
529
533
537
538
532
532
532
533
530
525
528
523
522
518
521
530
526
529
536
548
545
548
550
544
541
546
544
545
537
542
536
535
529
536
533
535
527
534
531
531
536
533
529
533
532
526
528
526
530
529
524
534
530
533
529
534
538
541
533
539
538
535
528
537
530
529
528
528
527
521
527
524
527
532
538
531
536
539
542
539
542
536
536
526
530
522
521
520
519
517
516
517
513
524
518
526
524
528
527
539
531
527
533
528
529
524
524
524
525
518
524
522
527
521
530
531
538
533
538
539
543
536
542
534
531
528
527
522
521
521
518
520
519
520
521
526
525
527
530
543
537
543
530
541
537
537
530
536
530
529
526
527
523
523
523
521
526
521
520
520
524
520
522
521
521
518
526
521
522
519
522
513
526
526
531
528
527
528
528
524
518
520
518
516
512
520
520
524
528
532
535
556
552
556
556
558
553
543
540
543
535
534
531
534
528
524
528
535
529
536
535
533
529
543
535
537
534
532
531
538
530
538
535
530
537
535
531
534
534
531
536
538
547
554
561
564
572
571
572
570
567
558
550
537
535
528
524
527
517
517
520
510
516
517
520
510
523
521
526
522
532
530
523
529
526
529
521
524
527
528
540
548
562
558
558
550
552
553
553
553
548
550
543
542
531
541
542
542
537
532
544
562
581
588
614
613
601
580
572
572
566
560
553
545
548
545
546
568
612
639
646
625
649
632
605
597
592
586
581
568
571
564
565
570
576
582
588
604
627
631
621
636
620
614
607
604
592
577
584
577
574
566
565
561
561
558
560
564
589
626
652
626
621
619
619
605
597
582
591
594
592
597
592
615
624
624
644
625
624
611
609
601
588
593
589
582
605
613
623
620
637
619
606
621
605
602
599
594
586
583
575
574
580
585
609
642
651
641
617
605
595
585
585
586
592
596
594
592
590
597
610
619
617
614
605
607
608
602
596
605
607
604
599
612
612
614
609
630
622
624
620
621
610
602
614
608
617
620
625
620
617
613
619
618
610
598
587
584
586
593
598
623
641
647
636
621
612
600
591
582
573
567
560
561
565
577
591
599
591
582
582
575
584
588
591
590
583
578
566
562
556
542
544
549
569
578
584
588
582
579
586
590
593
591
598
591
596
597
596
589
597
602
604
599
585
591
594
592
593
601
610
616
620
643
649
650
639
642
623
610
616
607
606
599
603
602
601
622
625
622
611
628
633
625
613
619
617
609
600
609
609
606
602
613
614
623
626
632
622
618
618
615
610
606
613
617
616
617
630
629
630
626
625
615
608
615
611
614
610
621
619
621
637
632
634
626
621
613
604
608
601
601
606
608
619
618
630
627
626
634
618
608
608
601
595
586
592
590
598
605
619
624
627
650
638
633
638
626
624
614
611
606
601
608
604
613
625
634
632
631
643
626
618
620
611
600
588
594
589
586
574
572
579
578
593
609
629
634
633
623
614
605
604
599
595
591
588
586
586
592
603
606
611
612
616
616
613
605
603
590
585
582
582
579
585
591
612
645
644
640
655
647
630
618
622
612
610
602
605
601
603
605
600
595
594
602
604
611
608
611
610
611
604
599
616
619
624
626
638
628
627
638
622
619
622
611
612
607
609
605
609
633
647
648
645
651
631
617
623
609
606
604
602
601
601
612
610
618
633
631
635
632
629
618
610
613
604
604
606
609
607
610
625
627
633
636
634
620
604
610
605
596
601
598
597
589
582
573
570
557
564
583
592
598
591
588
584
575
579
582
586
583
575
577
573
578
586
595
596
594
599
599
590
593
589
589
584
584
582
578
605
679
768
738
738
706
674
651
640
624
607
596
584
574
581
583
609
617
613
611
605
603
595
596
596
595
590
585
576
576
574
571
583
607
639
647
628
617
606
599
596
589
582
576
566
564
558
558
560
592
715
864
793
708
674
654
640
626
617
606
595
584
574
573
575
602
681
775
777
704
678
663
653
643
635
622
609
599
589
585
590
605
646
731
769
753
688
654
640
629
619
626
629
632
634
626
614
607
603
606
617
633
647
655
659
650
633
617
606
597
599
607
632
659
668
676
683
676
665
655
646
637
625
617
623
625
626
632
654
662
666
661
667
646
643
638
630
615
599
606
597
602
588
598
601
606
605
603
599
589
579
565
558
560
552
553
578
611
636
642
639
636
629
626
620
613
611
609
609
608
604
597
580
590
589
604
607
603
591
593
598
604
612
612
609
605
599
606
611
610
622
626
618
610
597
599
599
602
604
605
596
600
601
601
604
607
613
612
610
604
606
613
618
618
621
613
605
600
599
612
635
656
662
653
640
625
614
604
593
582
580
586
602
630
668
671
668
654
637
625
614
602
593
581
577
575
580
625
743
828
763
721
687
661
637
616
605
596
590
591
593
598
601
607
629
643
662
671
670
648
627
612
594
600
604
623
642
650
644
630
619
609
619
627
643
640
636
623
609
598
587
577
567
565
555
564
575
595
605
613
616
619
617
614
611
606
603
604
605
611
622
639
666
700
727
730
701
672
665
636
629
615
609
599
595
612
626
663
681
702
667
653
657
640
631
615
610
603
595
586
591
595
602
610
647
675
684
694
707
692
674
655
650
639
624
617
629
639
635
651
675
688
682
681
696
670
661
646
641
625
613
630
626
629
629
658
669
661
655
674
662
645
637
636
636
628
628
638
641
644
650
659
653
659
667
671
650
631
613
612
604
625
650
677
664
642
631
628
633
631
632
629
622
619
621
638
673
705
723
698
693
676
670
658
647
626
608
590
579
582
584
606
646
686
694
686
660
656
642
631
617
606
599
591
590
592
602
613
622
619
620
612
612
612
612
610
607
610
610
616
619
606
592
601
613
623
631
626
618
618
615
609
603
594
586
578
576
577
589
613
643
652
641
632
635
631
626
623
620
623
620
621
629
646
652
666
676
675
663
650
654
648
644