521
508
500
498
490
484
485
501
529
562
624
688
673
631
602
561
539
523
524
579
1014
821
750
721
654
665
682
668
688
735
695
635
594
627
668
741
689
649
626
619
611
623
660
695
698
668
678
695
650
659
621
647
642
636
631
630
612
587
588
581
563
563
565
599
633
625
608
636
688
704
690
655
607
604
602
608
615
616
618
601
580
573
567
579
605
593
575
569
585
650
754
683
668
667
680
672
639
602
580
560
555
597
962
845
720
688
683
677
641
646
686
778
726
659
638
637
642
641
623
625
646
695
711
652
615
617
621
638
636
602
583
569
572
605
695
754
729
685
653
618
590
583
588
600
607
594
579
574
581
613
783
776
700
688
682
671
634
613
607
605
617
634
626
636
643
655
623
623
627
650
645
633
604
595
596
613
633
624
641
654
657
618
597
588
594
627
644
688
729
735
685
619
588
569
558
601
702
645
622
681
690
682
677
696
692
640
605
592
591
600
622
651
653
654
622
606
587
579
589
619
679
740
748
727
700
673
645
621
606
594
582
587
598
618
639
661
669
660
635
627
608
587
569
555
552
557
593
701
753
724
684
667
632
600
586
586
608
673
840
760
699
664
627
610
608
591
573
562
562
582
663
789
752
758
666
628
617
624
648
647
613
598
589
588
599
625
656
656
645
605
578
560
544
547
604
1074
831
758
708
658
619
593
580
580
604
735
809
767
723
693
657
622
599
582
575
581
608
670
715
698
663
644
613
586
569
564
584
637
731
728
712
644
613
622
650
706
713
676
632
599
584
581
591
635
672
618
581
563
547
537
533
553
630
752
731
663
611
595
589
594
612
638
637
605
601
596
604
614
621
604
587
577
574
579
600
623
612
612
620
634
639
619
604
605
603
608
612
600
582
575
579
593
631
672
681
649
629
631
646
684
691
645
643
649
666
683
673
636
618
608
611
619
604
585
567
549
548
587
1051
849
766
724
694
661
639
617
599
581
567
563
566
583
644
782
812
771
750
718
693
655
623
592
563
547
540
547
576
673
953
849
791
748
695
655
619
590
578
583
618
740
867
813
778
733
679
634
606
582
569
572
612
782
814
758
702
654
609
589
576
565
561
563
582
629
674
679
635
637
637
642
638
608
605
597
586
570
564
559
572
600
616
634
616
588
588
581
575
578
585
587
583
609
610
611
594
584
583
577
577
580
580
570
569
575
592
627
644
644
625
613
624
645
666
670
632
593
569
561
564
602
770
834
813
792
745
665
623
600
590
596
620
677
771
806
726
665
661
673
690
671
640
604
591
580
582
611
665
675
645
648
667
628
622
615
591
591
582
586
583
572
569
578
595
615
618
602
607
603
597
574
568
562
562
552
557
567
593
599
646
639
632
612
608
608
615
603
603
595
588
577
579
581
585
579
583
589
591
592
583
585
587
580
572
574
585
614
628
606
600
596
587
565
563
562
570
570
562
557
553
563
593
610
597
602
599
591
578
572
570
564
544
535
526
521
520
524
529
542
543
545
537
530
530
538
560
559
558
560
563
570
556
553
550
555
550
544
545
548
556
544
545
540
532
537
533
529
538
548
546
541
536
540
556
578
589
594
592
583
555
534
518
511
511
522
551
578
600
599
590
589
577
551
537
522
512
504
502
506
515
523
539
554
561
559
550
547
549
552
563
577
572
555
552
553
568
602
620
621
581
579
568
554
550
562
582
602
618
620
592
565
554
558
586
616
597
566
539
528
521
519
533
565
585
576
579
581
578
587
591
592
585
573
556
538
527
518
522
562
754
778
720
676
656
635
608
584
573
581
599
639
655
643
632
619
615
612
612
607
590
573
566
566
584
615
605
586
585
600
629
652
615
607
606
613
622
620
593
590
578
564
560
562
569
582
577
577
591
627
647
613
598
583
571
550
538
534
546
566
573
589
608
613
631
626
613
594
590
583
570
561
560
560
561
577
602
614
637
645
648
639
631
619
607
597
593
585
572
562
557
560
583
644
693
658
628
625
637
642
636
618
618
616
608
602
601
597
595
590
593
607
640
732
749
725
708
665
634
628
624
618
602
577
554
552
569
675
901
808
698
652
637
638
658
674
671
657
624
600
589
571
557
537
533
541
601
621
569
554
563
592
654
725
711
671
610
608
593
580
584
573
556
544
533
530
534
547
600
747
766
716
640
587
569
558
556
565
579
596
606
606
600
592
581
572
563
547
536
531
535
545
570
619
646
610
596
586
575
564
552
540
524
514
505
505
521
601
822
773
706
624
592
562
554
556
541
530
549
625
744
664
622
628
703
730
670
674
659
632
597
592
597
595
590
579
558
534
529
522
517
516
513
512
506
499
495
497
514
556
582
566
558
562
550
526
521
523
518
516
511
503
495
484
476
468
463
456
450
445
442
439
440
438
435
435
435
434
435
433
430
431
431
432
432
434
433
435
439
442
446
448
449
448
447
448
453
456
454
454
449
449
458
468
488
520
527
537
527
506
491
476
470
468
473
474
474
473
469
467
464
465
477
508
539
564
559
557
539
527
519
515
510
502
492
483
479
482
502
535
549
555
543
533
519
521
524
524
521
510
511
516
524
524
531
527
521
513
501
487
477
476
487
516
570
607
598
584
576
553
539
522
502
495
500
524
550
563
563
546
528
522
518
515
512
501
514
522
528
523
521
506
496
494
497
498
505
499
487
482
479
484
491
494
504
521
553
585
597
582
562
539
524
510
494
486
487
498
515
537
541
535
549
596
645
643
607
575
556
547
543
544
547
535
519
503
503
518
548
596
659
652
619
573
555
542
536
528
522
515
512
511
515
509
502
498
497
504
515
530
541
546
543
538
534
530
522
519
509
502
495
491
487
491
513
526
534
563
563
574
570
562
552
535
523
511
504
515
532
583
629
627
566
553
550
549
558
577
585
575
556
543
526
520
519
535
557
571
568
557
549
558
593
628
641
640
618
596
568
552
545
539
552
578
595
554
552
566
574
572
564
559
542
523
513
511
513
519
519
530
555
602
583
548
537
534
547
545
549
530
517
503
496
496
497
490
486
484
479
479
479
477
474
471
467
461
457
456
453
450
446
448
450
460
473
479
480
476
473
470
465
469
468
469
469
465
462
459
458
454
455
452
454
457
456
456
453
450
450
449
448
443
438
439
441
443
446
451
454
452
451
451
455
463
465
462
459
463
465
473
487
479
479
479
492
493
489
487
480
480
479
476
472
472
472
473
471
469
468
467
464
464
465
462
461
460
455
455
457
459
464
466
471
477
481
485
486
485
481
481
481
479
477
477
477
478
480
480
479
480
480
478
474
472
465
465
466
470
470
466
462
450
441
439
437
436
436
433
431
432
429
422
420
416
415
411
409
405
406
402
403
399
397
397
396
396
394
390
391
389
387
384
384
381
382
380
380
378
380
376
377
374
377
376
378
380
382
382
382
383
382
383
381
380
380
380
379
379
378
378
376
379
376
376
376
380
377
381
385
384
385
382
384
379
380
379
379
377
377
377
376
375
375
372
376
375
377
382
382
383
381
385
381
381
381
380
380
379
379
380
379
380
379
377
377
378
375
378
377
377
379
381
382
384
385
383
383
382
382
380
380
375
375
374
375
372
372
372
377
376
377
378
377
379
378
379
378
378
379
379
377
377
374
374
373
374
372
373
373
375
377
381
380
378
380
378
379
379
379
380
377
377
373
372
370
370
369
367
369
372
375
380
378
378
378
378
374
378
372
371
368
370
370
368
366
366
366
369
372
373
374
373
375
374
374
371
371
371
369
366
366
365
368
369
369
371
370
370
369
368
366
364
363
363
364
363
366
365
366
366
365
363
364
358
361
357
358
360
362
365
365
365
364
365
361
365
360
363
361
363
366
366
366
365
364
362
362
361
360
359
360
364
368
368
367
366
368
366
363
363
361
363
364
363
365
362
364
362
362
360
360
358
359
359
362
363
361
362
362
361
359
358
357
359
359
359
361
361
362
360
361
360
360
358
359
361
362
364
363
363
362
361
358
357
354
355
357
357
359
357
358
356
357
354
354
354
356
358
356
358
355
358
355
357
355
357
360
358
360
359
358
355
358
354
355
354
354
355
354
355
355
354
352
354
352
355
357
355
357
357
356
353
353
354
354
355
354
355
352
355
354
354
353
354
355
354
358
354
354
353
353
351
354
355
354
354
351
352
349
351
352
352
354
353
354
353
352
351
354
354
354
353
354
353
352
353
348
352
354
355
355
355
355
353
353
353
354
354
354
356
354
355
354
356
353
352
354
355
356
353
355
355
355
354
354
353
355
357
356
355
354
354
351
351
349
352
354
353
353
351
351
351
351
353
351
352
351
352
349
351
351
350
354
352
353
353
351
353
353
350
352
354
351
354
354
353
351
352
351
353
354
354
354
353
352
349
349
353
352
353
351
352
347
348
348
350
352
349
349
349
347
349
348
349
350
351
349
352
351
351
346
348
353
354
353
352
351
353
354
350
353
355
358
356
356
359
356
358
354
357
357
358
362
358
361
359
360
354
358
354
355
357
357
358
358
358
355
354
354
354
353
354
356
355
358
356
356
353
353
354
354
355
354
354
353
353
350
351
353
354
354
352
353
352
354
351
351
352
353
353
353
351
353
354
348
351
352
352
352
352
352
351
351
351
351
353
354
351
350
353
351
350
351
352
351
351
349
349
350
349
348
352
350
350
350
349
351
350
349
350
352
350
350
350
354
349
347
350
350
348
348
351
348
347
346
347
349
346
351
348
346
344
343
348
347
349
346
347
343
343
344
346
346
346
343
340
343
342
343
345
342
344
344
342
338
343
344
340
342
339
342
341
340
341
338
339
340
339
337
337
339
337
338
335
334
331
338
336
334
332
332
336
334
334
334
334
335
337
338
334
334
335
334
338
333
333
334
337
336
335
331
332
336
334
333
334
335
336
330
332
336
333
336
333
331
330
337
335
333
334
333
339
334
334
335
332
334
336
335
333
333
332
335
334
333
333
334
333
334
334
332
330
334
334
336
333
332
331
336
332
334
333
334
332
331
336
332
335
334
337
334
332
336
332
337
335
337
333
333
336
333
334
337
336
332
332
332
331
335
332
333
331
332
333
333
333
330
330
331
331
333
330
332
331
329
330
331
333
332
330
329
328
333
330
330
330
329
333
331
330
332
329
332
334
333
330
331
331
332
334
330
331
334
333
335
330
331
330
332
333
331
332
328
330
334
332
334
331
332
333
335
336
337
333
335
334
336
336
335
339
334
334
335
336
337
336
334
338
335
337
339
341
340
339
339
342
338
341
343
343
345
346
349
349
349
345
348
344
347
349
350
350
349
351
349
352
354
355
354
356
356
354
356
354
354
354
354
356
358
359
361
363
365
369
371
378
377
376
375
376
374
373
379
380
384
391
390
386
383
382
383
382
399
400
413
412
410
404
403
398
399
400
401
409
408
410
409
406
402
396
392
392
392
399
410
416
426
424
428
423
415
411
408
405
407
410
411
421
424
424
424
422
417
410
405
401
399
397
403
411
411
419
423
416
416
416
415
420
425
427
431
425
417
414
408
403
407
402
407
407
408
415
421
420
419
419
419
422
426
425
423
417
414
413
411
411
416
415
413
410
404
401
401
396
399
401
405
417
417
416
414
413
414
422
427
434
435
435
431
426
423
420
420
421
422
431
437
436
439
437
432
434
436
428
428
425
421
424
429
432
438
442
438
438
433
429
426
425
427
425
424
422
421
425
432
434
441
434
430
425
425
422
424
432
439
441
446
446
438
434
429
424
421
422
422
426
432
427
425
427
428
433
446
458
453
447
447
451
447
445
441
437
434
436
435
435
435
431
427
429
428
426
429
431
429
432
433
427
425
428
425
426
434
431
430
432
432
430
435
434
431
434
439
438
438
438
437
437
438
438
432
431
429
426
420
424
421
419
422
424
423
430
432
431
435
434
426
426
425
419
423
423
419
421
421
417
420
422
421
428
433
435
433
438
433
430
432
428
426
424
426
427
430
438
444
450
456
459
458
454
452
448
445
440
444
444
442
445
443
439
438
435
434
431
437
439
435
433
436
438
441
449
457
452
448
448
447
445
448
451
451
447
451
449
443
441
438
432
424
423
422
417
419
423
423
420
426
424
426
428
433
430
433
433
431
426
429
426
424
423
424
423
423
426
426
421
428
424
423
424
428
426
426
431
428
424
427
424
421
422
423
422
420
419
417
408
412
409
409
408
405
407
400
402
400
398
401
400
401
401
397
397
392
393
388
390
387
389
387
391
392
394
396
396
396
396
396
394
393
392
391
390
390
386
388
385
383
381
380
377
377
372
371
368
367
366
367
369
369
370
368
369
366
366
363
362
361
362
363
364
365
365
365
364
364
361
361
360
360
360
362
366
363
363
363
361
360
360
357
357
358
358
361
359
361
360
360
356
358
357
358
360
361
360
361
361
360
360
359
357
357
358
359
355
359
356
356
354
355
353
354
356
355
357
358
356
354
355
354
355
358
357
359
358
359
355
356
356
358
359
359
359
359
361
357
357
361
359
359
357
357
354
355
353
354
356
354
356
354
354
352
352
353
354
354
354
355
353
354
351
354
356
356
356
356
356
357
355
354
354
358
357
360
358
359
359
359
356
354
357
358
359
357
359
359
357
355
354
353
356
356
356
356
354
356
354
354
355
356
357
357
356
356
357
354
355
356
357
359
358
358
357
360
356
357
357
358
360
358
363
359
360
356
356
355
358
360
357
357
356
358
356
354
353
354
356
355
355
355
356
355
356
355
357
359
360
358
358
357
355
355
354
356
358
358
357
356
357
354
355
356
356
356
355
354
353
354
352
354
356
355
355
354
357
354
354
354
355
356
355
357
355
355
352
354
356
355
354
355
355
353
354
354
354
354
354
353
354
352
353
353
355
354
353
351
353
349
350
352
351
352
352
351
350
352
352
352
354
353
353
350
352
350
352
354
353
356
355
355
352
353
353
354
354
353
354
352
353
350
353
355
355
358
357
359
354
356
354
354
358
357
358
357
355
353
354
352
354
354
356
355
355
354
353
352
353
353
354
352
352
349
350
350
350
353
353
353
353
350
348
350
350
350
350
348
351
350
348
348
348
352
351
353
351
351
349
348
352
352
354
353
349
349
350
349
350
349
348
348
349
348
344
347
349
346
350
349
348
346
345
350
347
350
349
350
348
347
350
349
349
348
347
346
348
344
346
348
349
347
349
348
347
346
348
349
350
352
351
348
347
348
350
351
352
352
349
352
343
348
350
349
348
346
349
345
346
348
345
345
344
344
343
343
346
343
344
344
342
340
345
347
348
347
344
346
347
347
350
348
349
351
350
346
349
351
352
352
354
356
353
352
352
354
354
353
353
350
350
352
349
349
351
348
351
353
352
353
354
349
353
353
353
354
354
353
354
352
354
354
354
357
356
358
359
359
361
364
365
367
368
368
369
371
369
373
377
374
374
376
373
372
373
373
374
377
376
377
378
375
374
374
376
379
383
393
399
398
403
403
396
394
395
393
392
391
394
392
394
391
389
385
385
384
380
382
386
385
392
396
395
393
395
393
394
398
403
402
403
405
400
396
396
397
397
398
404
402
398
399
400
400
397
402
399
397
397
399
402
402
406
407
404
403
402
407
406
408
409
407
406
402
402
402
397
397
397
398
396
403
402
402
401
407
410
406
406
408
410
409
410
412
411
410
409
411
408
407
405
408
405
401
403
403
401
402
406
404
406
408
416
416
411
412
414
412
410
410
411
409
407
408
411
411
412
417
418
415
413
411
410
407
406
407
407
407
405
407
407
406
409
412
418
417
417
419
418
416
415
417
413
410
406
406
406
403
406
412
412
414
414
415
412
411
413
417
420
419
419
419
418
416
417
422
424
423
422
424
427
426
426
426
429
428
427
427
432
432
433
433
433
434
432
430
430
432
433
429
429
432
431
425
417
414
410
409
408
411
419
422
419
424
429
431
430
429
429
427
425
426
430
430
429
425
425
425
421
421
424
428
431
429
430
431
427
426
425
428
431
434
438
438
446
441
436
433
431
434
434
430
431
432
432
434
435
438
445
441
438
437
436
435
430
427
426
429
430
430
434
440
444
439
434
433
434
432
433
432
436
437
434
436
436
438
436
435
436
437
439
437
437
436
436
436
431
429
429
435
432
432
433
436
440
437
438
437
439
438
436
435
437
438
434
433
431
431
434
430
429
429
431
428
429
429
431
436
433
434
435
438
435
428
424
420
415
415
413
413
414
411
411
416
413
413
414
416
419
415
418
423
428
433
433
436
437
439
440
442
443
439
438
438
437
437
431
424
420
421
419
418
418
422
425
422
422
421
423
418
417
418
418
415
418
419
420
418
419
419
421
416
417
417
420
419
415
417
418
419
416
414
420
421
414
416
417
418
415
414
416
416
413
411
414
411
410
410
411
413
413
415
418
421
417
413
413
410
408
407
407
409
408
406
410
409
404
403
404
405
407
409
413
417
414
415
415
413
412
410
411
412
410
410
414
415
412
408
410
411
411
411
413
416
414
408
409
409
408
408
408
415
414
408
408
410
410
411
409
410
411
407
406
403
404
404
402
403
405
405
405
407
406
406
402
403
405
405
406
406
410
410
405
404
405
406
406
403
404
406
404
404
404
404
404
402
404
408
408
408
408
412
409
405
402
404
405
406
405
407
410
408
407
404
405
402
399
398
399
402
404
403
406
411
409
409
407
410
411
409
410
410
413
413
408
406
405
407
406
403
405
406
409
409
405
407
409
403
400
396
397
395
393
394
395
400
396
396
400
402
403
401
402
403
404
401
400
400
403
404
401
404
407
407
408
406
406
408
406
409
409
410
414
411
411
413
415
417
415
414
413
414
415
415
413
410
412
411
411
410
408
410
413
411
410
407
408
409
405
407
406
408
411
411
408
408
410
407
404
405
405
406
407
408
409
410
411
412
408
405
404
403
404
402
400
402
405
403
398
398
396
400
400
398
401
405
410
407
403
403
406
409
407
405
405
406
408
405
403
402
403
405
402
399
398
396
397
396
397
395
395
398
398
397
397
396
398
399
396
397
396
397
396
395
394
394
395
393
389
389
391
392
392
388
389
392
392
391
387
386
384
386
384
382
381
384
380
380
383
383
383
381
383
384
385
387
385
387
387
387
387
385
386
387
386
383
384
385
384
381
381
381
382
382
379
382
383
386
386
383
383
384
383
385
382
384
385
384
384
383
385
385
384
383
383
386
386
384
382
383
387
384
381
382
382
384
384
381
380
382
383
383
382
383
386
387
387
386
386
387
386
386
381
380
381
381
381
377
377
379
378
381
379
380
382
382
381
381
382
384
381
380
378
381
382
381
381
380
379
379
378
379
378
378
378
377
377
378
377
375
373
372
372
374
373
373
372
372
372
374
370
372
372
373
374
370
372
374
376
374
371
370
368
371
371
369
369
371
372
371
370
371
373
373
374
372
373
374
371
372
370
370
370
368
369
369
369
369
367
367
367
368
367
365
365
367
368
366
364
367
367
365
367
365
366
366
367
369
366
367
365
367
367
364
364
362
367
367
364
363
360
362
357
358
360
361
361
359
358
357
357
356
358
360
359
359
358
358
355
358
360
362
360
357
360
355
356
358
357
362
359
359
358
358
356
358
359
360
356
359
357
354
355
355
354
357
356
355
355
354
353
354
357
354
357
354
358
354
354
358
358
359
358
357
354
354
353
354
356
355
355
355
355
354
354
354
356
357
357
356
355
357
354
355
358
356
360
357
356
356
354
353
354
358
355
354
356
355
353
354
354
350
355
354
356
355
354
352
351
353
353
356
354
354
354
356
353
354
354
354
355
352
355
352
356
350
350
353
353
353
352
354
353
352
349
351
354
353
354
354
350
351
351
351
350
353
351
350
350
350
346
349
351
350
349
348
348
344
345
344
345
345
346
344
343
343
341
345
346
346
345
343
343
342
344
347
345
345
342
348
344
343
345
345
344
345
346
344
344
342
345
346
343
345
346
348
344
343
346
345
346
345
343
346
346
344
344
345
345
343
345
345
344
344
346
344
346
344
343
342
344
343
343
345
343
342
343
346
342
342
343
342
342
341
344
342
341
339
341
342
341
342
341
341
337
338
342
340
343
340
341
340
339
342
341
342
342
339
338
342
338
338
341
341
343
341
337
343
340
336
340
342
340
341
340
339
336
337
339
338
337
336
337
339
338
336
335
337
335
336
340
337
335
335
336
334
336
337
336
334
335
337
336
336
335
335
332
336
337
336
334
334
333
334
335
336
335
332
331
337
333
333
334
331
336
334
335
333
332
335
333
335
336
337
334
333
334
334
336
335
336
332
333
335
336
337
334
333
331
338
333
334
334
333
333
336
334
334
333
335
334
333
334
337
334
332
335
333
333
336
333
332
330
332
331
331
329
335
330
331
333
330
333
335
333
331
330
332
331
332
333
331
328
328
334
332
332
331
329
328
331
332
330
328
325
331
329
329
331
329
328
327
330
329
330
331
329
330
327
331
327
329
331
328
328
328
328
328
328
331
328
327
326
332
328
328
329
326
330
329
330
325
330
331
330
328
329
333
328
329
330
328
330
333
332
327
329
331
327
330
332
329
326
331
330
330
328
327
334
329
329
329
327
328
329
331
327
327
329
327
330
329
328
326
328
328
327
326
328
330
325
325
328
327
326
324
325
321
326
325
324
322
323
326
325
323
325
321
325
326
324
325
322
323
324
326
321
324
324
322
325
322
324
321
326
324
323
321
321
323
325
322
323
321
324
323
323
323
322
321
324
326
321
321
324
319
323
324
324
322
322
322
322
323
323
323
323
322
323
320
325
323
322
324
320
320
323
323
325
322
326
322
321
323
324
323
323
322
320
326
323
322
324
323
322
323
326
321
323
322
321
324
323
323
320
323
321
320
325
324
319
322
321
322
323
324
320
320
321
319
322
323
320
320
320
321
321
322
317
317
323
320
323
317
320
319
321
320
317
319
319
322
317
319
319
319
320
315
317
323
317
321
315
319
317
318
320
319
315
314
319
318
315
318
316
317
318
317
317
316
314
319
319
317
315
316
315
321
317
317
318
316
318
318
316
315
319
318
316
315
315
317
317
315
315
317
317
319
314
316
313
316
317
316
317
313
315
316
315
315
313
316
312
313
313
316
314
314
312
313
315
317
314
313
311
317
316
315
310
314
316
315
313
312
313
315
313
314
312
314
316
314
313
313
312
313
316
314
313
313
314
313
316
311
313
313
315
316
312
312
316
313
317
311
313
313
314
316
312
313
310
316
314
313
310
313
314
315
311
313
309
316
314
313
313
310
312
314
313
313
313
312
312
315
313
312
311
313
315
310
312
312
313
314
311
310
313
311
315
308
312
312
314
313
310
311
311
312
312
312
308
313
313
311
311
310
310
314
310
312
309
310
313
310
310
311
308
313
309
311
308
310
310
312
311
308
309
310
309
313
307
311
309
307
311
308
312
310
310
309
313
312
307
309
312
309
316
305
310
313
310
313
309
310
312
312
309
312
306
311
312
309
310
307
309
313
309
309
308
307
308
311
309
309
308
305
309
311
309
306
304
310
310
307
307
305
307
309
307
307
304
309
307
309
305
307
303
307
307
307
306
305
308
302
306
308
305
305
302
303
310
305
307
300
303
308
305
306
299
302
307
303
305
300
303
300
307
303
304
299
299
306
304
301
299
301
307
301
299
299
306
304
302
296
302
306
303
303
297
302
306
304
303
297
300
306
303
303
296
302
305
302
303
297
302
304
305
301
300
297
305
303
302
301
297
304
304
303
302
299
296
304
305
303
298
298
303
304
303
301
298
299
304
303
304
297
300
303
302
304
297
305
299
302
297
307
303
301
300
298
308
303
301
298
303
302
303
301
302
303
301
299
304
302
304
298
301
301
305
303
298
300
304
304
305
297
300
304
302
304
297
300
305
304
301
297
302
304
304
297
302
305
301
302
298
301
304
302
302
298
297
306
300
303
296
301
304
301
301
295
304
302
301
299
293
306
304
301
298
299
303
301
301
296
299
305
303
299
301
297
302
303
301
296
301
301
302
299
603
298
299
301
302
302
296
299
301
302
302
297
301
299
303
301
296
299
302
303
297
296
302
302
301
298
296
301
304
299
300
296
302
301
302
297
297
304
301
299
297
303
301
303
298
296
304
299
300
296
304
298
301
295
302
301
300
298
297
302
300
299
298
297
301
300
298
296
299
302
295
298
300
302
295
295
300
301
303
293
297
301
302
300
294
296
300
298
303
292
298
299
297
300
295
297
301
298
295
294
303
299
289
302
299
297
297
301
300
295
298
301
299
299
294
300
300
297
296
300
300
304
291
302
299
299
296
298
301
298
296
296
299
300
297
298
293
302
299
297
298
292
303
298
299
293
303
296
296
298
299
302
292
296
299
300
298
291
296
300
299
292
293
300
298
292
294
299
298
297
293
294
298
294
303
289
298
296
297
293
295
297
296
292
301
294
295
295
299
299
290
295
299
595
293
295
297
298
295
292
296
299
294
292
297
297
302
289
298
296
298
292
293
299
295
296
289
298
301
294
293
292
297
296
299
290
296
297
294
292
292
301
295
294
291
302
293
295
292
291
298
296
296
289
300
294
295
295
296
298
290
293
299
294
298
287
297
297
293
294
293
296
298
287
296
295
297
290
294
296
293
292
300
293
290
297
297
297
288
297
294
297
286
298
294
297
292
296
293
292
292
297
293
292
293
296
291
290
297
295
289
292
297
294
290
296
292
291
296
297
287
291
295
297
585
292
292
290
297
292
294
290
303
286
291
295
298
287
295
291
297
587
290
293
288
301
288
293
290
299
289
289
298
293
290
288
297
295
288
290
297
291
301
285
296
292
294
289
296
291
294
586
291
289
295
293
291
289
295
300
282
290
294
296
287
289
293
296
287
294
291
292
584
289
293
586
289
289
294
587
287
291
295
290
287
295
293
292
285
297
290
286
289
296
291
289
285
299
291
291
288
294
291
290
290
298
286
292
294
289
291
293
291
290
286
297
290
290
295
289
287
295
292
289
288
291
297
583
290
288
295
288
288
293
293
293
285
294
293
581
291
289
293
291
288
292
293
290
290
292
293
281
294
292
290
292
291
292
288
291
299
283
294
293
287
290
294
288
292
296
288
287
292
296
583
290
286
296
291
288
290
295
290
290
290
292
292
290
287
290
301
284
289
297
289
288
583
289
287
289
291
290
286
290
294
289
579
295
287
292
296
290
580
297
290
583
296
288
589
293
290
294
296
291
292
593
294
293
296
294
881
291
303
294
299
293
300
297
300
294
602
298
297
604
299
299
604
298
602
304
299
303
306
300
301
302
306
300
607
302
302
304
305
302
1216
302
303
305
300
312
305
304
304
308
307
304
306
306
309
303
309
308
310
306
311
311
307
308
311
311
309
308
626
307
931
309
934
309
308
628
311
310
310
316
313
311
313
630
312
313
317
316
313
313
314
318
312
315
313
319
313
315
313
319
313
313
318
319
316
313
638
315
318
317
324
314
319
320
320
319
318
325
316
642
320
319
320
326
317
320
324
324
323
323
325
327
326
328
326
326
337
329
327
333
332
327
328
339
329
331
333
332
330
329
340
331
331
341
335
336
333
341
334
340
336
333
340
336
335
333
340
333
334
338
333
664
339
332
334
339
333
335
337
335
335
332
342
335
338
336
338
336
336
334
338
334
339
334
336
336
334
341
336
337
340
337
338
339
339
344
340
340
344
342
340
341
345
341
344
346
344
345
344
349
344
347
350
346
348
349
347
347
350
349
349
351
350
351
352
353
351
352
353
348
351
351
349
349
351
352
352
352
354
353
354
355
354
354
356
356
357
359
354
355
355
353
356
354
354
357
357
357
356
360
356
357
359
358
357
359
363
358
359
359
355
358
356
354
355
358
358
357
360
359
361
361
358
358
355
361
354
356
355
358
356
358
358
358
361
358
362
363
359
360
359
358
360
359
356
356
359
354
354
354
358
353
354
356
355
360
362
359
363
360
360
360
360
359
359
359
359
362
363
362
362
370
363
367
369
364
366
365
365
364
365
363
365
365
364
369
365
367
366
367
367
369
370
370
374
368
369
367
365
368
363
366
368
366
367
366
371
368
367
373
370
371
374
372
373
372
374
375
373
374
377
373
374
380
375
377
378
376
374
376
376
376
377
375
377
378
378
376
380
380
378
382
384
383
384
385
384
382
386
384
382
386
385
382
386
388
383
384
384
380
381
378
383
379
384
382
380
382
383
381
379
383
382
381
385
385
384
386
389
387
388
392
390
390
391
393
388
391
391
389
390
391
390
392
392
389
396
392
392
394
392
393
392
394
389
389
392
388
390
389
390
390
392
392
391
396
396
396
396
398
397
395
396
399
396
396
400
400
400
398
398
402
396
396
401
396
396
397
398
397
396
402
402
396
398
404
397
397
400
396
396
396
396
393
394
398
396
396
400
399
397
400
399
398
397
398
401
399
397
399
399
397
398
401
399
398
400
402
403
399
398
402
399
401
399
399
398
396
397
398
396
395
396
394
394
396
394
394
396
395
394
394
396
398
396
396
397
401
400
399
401
401
397
397
399
392
393
396
391
392
390
395
392
394
396
396
395
395
398
393
396
396
396
396
396
402
399
399
401
403
400
403
405
402
401
405
404
401
400
402
399
397
397
397
397
396
396
400
395
395
396
398
394
394
399
396
396
396
399
396
396
402
399
398
401
404
402
404
405
405
406
406
410
410
406
410
412
409
408
410
411
410
410
411
412
410
411
410
411
410
409
410
410
408
406
413
409
411
413
412
416
410
412
415
413
412
414
416
414
416
417
416
418
417
416
415
422
416
418
419
419
418
417
419
420
415
414
418
414
413
410
414
411
409
407
413
408
409
413
412
411
411
418
416
415
414
418
415
416
414
415
413
411
413
414
410
410
416
414
414
416
419
418
416
416
419
415
414
417
416
414
413
414
415
410
414
417
419
419
418
421
420
418
417
419
420
418
420
422
427
423
425
421
435
432
429
430
430
426
423
422
422
419
417
418
417
416
412
411
414
417
413
416
417
415
414
415
416
417
414
417
420
418
419
419
422
423
419
422
419
415
415
413
413
414
410
412
416
413
416
416
419
419
420
420
419
416
416
416
421
418
418
420
421
418
419
421
422
420
421
422
420
421
418
418
417
424
418
420
424
424
423
423
425
428
425
425
427
428
425
427
426
426
426
424
421
419
425
416
419
416
416
415
413
416
418
415
419
421
420
421
422
424
421
423
423
423
424
425
421
423
424
424
426
426
430
433
429
430
437
436
437
437
438
438
437
438
435
437
433
436
434
433
436
435
429
428
431
429
427
427
428
427
425
423
421
420
418
417
417
418
417
417
417
417
423
416
416
419
416
418
420
422
420
424
425
423
425
425
424
426
430
424
425
429
429
429
428
433
433
431
433
431
431
428
425
423
421
424
420
417
417
424
418
420
420
420
419
416
418
417
414
418
419
418
421
419
422
421
423
423
423
427
426
424
430
430
426
429
430
428
428
427
423
424
423
423
421
427
425
421
423
424
421
424
424
426
427
427
429
429
433
431
429
428
430
426
426
429
430
429
427
430
432
431
431
435
437
437
438
438
438
441
444
441
443
443
445
443
445
442
441
444
444
438
439
441
440
439
439
440
443
444
444
442
443
447
446
444
446
444
443
449
447
442
443
445
445
445
440
440
440
438
440
437
436
438
439
438
436
435
438
433
434
432
432
431
428
430
430
430
430
428
428
430
432
430
431
430
433
432
432
431
438
437
434
438
440
440
438
439
438
439
438
440
438
437
441
438
439
439
441
439
440
439
439
441
446
441
443
442
443
446
441
443
444
450
449
446
450
450
450
449
448
444
444
444
446
441
441
443
445
444
443
443
441
442
448
440
442
442
441
441
438
438
438
439
439
435
436
441
438
438
439
440
442
439
440
436
440
438
436
438
439
441
442
442
443
442
441
447
441
443
444
449
449
446
449
451
451
452
449
447
445
450
443
437
438
435
437
434
432
432
436
434
435
434
436
436
432
437
436
436
440
435
436
438
437
438
435
436
435
434
437
436
436
441
437
439
438
443
441
438
439
441
440
443
438
441
441
444
443
443
443
446
443
442
444
445
442
443
444
443
443
447
442
443
444
445
443
441
442
440
443
439
440
440
439
443
444
439
441
444
446
446
447
448
448
451
454
450
452
450
454
457
451
452
453
455
458
453
455
454
456
455
453
454
452
453
453
453
450
450
450
451
451
455
449
450
457
455
455
453
451
450
449
452
444
444
448
447
446
445
442
442
445
444
440
443
449
446
448
451
452
454
453
454
447
448
447
449
446
444
444
443
440
442
437
438
438
439
438
438
438
442
436
438
442
444
443
445
446
447
448
452
445
446
451
452
451
447
449
448
452
453
451
453
454
458
458
451
455
457
460
459
458
459
458
461
460
459
463
457
459
460
463
461
459
461
461
461
458
458
459
456
457
454
456
450
448
448
447
445
448
443
444
446
445
446
446
445
448
450
450
448
448
455
454
454
449
448
448
446
445
445
444
444
451
448
445
446
445
443
444
439
439
440
442
442
439
441
445
443
445
445
445
445
451
449
449
451
453
453
457
452
453
453
458
456
452
456
455
457
458
457
457
457
460
460
460
461
458
459
462
459
458
457
454
455
457
459
453
455
455
459
462
456
460
460
461
460
458
460
457
455
454
455
458
453
454
456
461
459
457
460
460
460
459
459
457
457
458
464
460
461
460
458
459
463
461
458
459
462
462
464
462
462
461
462
458
459
457
457
454
451
449
447
445
448
446
444
438
443
439
440
438
434
442
440
440
441
440
441
440
441
441
442
444
444
439
444
443
441
441
440
441
445
442
442
450
448
447
450
448
447
446
447
447
449
452
455
455
459
458
456
455
454
449
446
440
444
440
436
438
436
435
438
438
437
438
441
444
443
452
452
454
459
453
457
453
459
456
454
453
450
902
450
450
454
451
453
448
447
445
449
447
448
451
451
462
463
467
469
478
475
477
475
479
478
482
481
482
488
485
485
484
492
490
490
490
494
500
497
500
507
508
507
506
509
506
503
514
501
504
511
504
506
503
499
496
501
494
491
487
486
490
489
489
494
504
515
521
518
519
521
515
514
517
518
517
518
515
510
505
504
505
508
516
521
519
518
520
527
532
529
530
533
534
526
524
521
525
524
522
520
517
523
522
522
521
518
512
508
499
488
484
485
484
486
482
480
479
478
473
463
463
468
478
489
491
486
486
493
495
496
492
492
484
480
476
470
469
462
454
461
467
466
467
461
460
466
469
471
477
476
478
479
479
479
476
472
466
466
459
457
457
454
456
472
507
539
540
522
511
500
499
495
492
485
483
484
479
479
476
475
474
466
472
469
470
470
470
479
508
533
563
570
580
548
533
522
524
525
524
518
513
509
509
507
506
501
498
496
495
496
497
500
499
500
503
510
515
513
512
513
518
521
522
523
525
521
516
512
509
508
509
515
518
519
517
519
523
523
524
521
520
521
521
522
521
522
528
522
521
522
528
528
527
527
531
532
526
526
530
529
524
523
525
526
521
525
526
527
530
531
528
527
523
523
521
519
516
514
509
510
511
513
518
523
525
531
537
534
533
532
535
531
528
524
524
527
527
523
526
531
535
539
533
531
528
523
518
514
510
509
514
524
537
548
541
541
545
548
545
540
538
540
539
533
529
528
529
529
528
523
527
532
528
524
522
517
516
519
520
520
520
527
528
526
531
533
540
535
536
529
528
525
523
522
524
524
523
524
526
524
529
534
542
539
534
533
532
528
528
530
528
529
532
538
537
534
533
535
533
534
530
526
523
520
518
516
519
526
533
540
544
545
537
535
531
524
524
521
521
518
524
527
528
526
532
532
535
531
529
524
521
520
520
521
522
521
521
522
526
533
550
575
565
557
552
548
544
543
543
540
536
535
529
525
519
517
519
520
520
521
520
527
537
538
537
535
535
534
539
542
544
538
535
524
519
514
507
505
511
525
536
547
553
544
540
537
535
534
536
541
547
540
546
545
538
532
525
519
513
510
508
508
512
526
557
584
603
590
583
576
568
559
549
541
535
531
530
533
538
545
549
554
552
545
540
536
530
528
532
542
555
568
574
574
567
558
542
536
525
519
512
507
502
500
504
530
575
618
596
588
565
541
537
536
519
509
504
500
495
488
481
480
476
473
470
469
467
463
478
505
552
541
544
561
574
567
559
549
542
534
528
521
516
512
509
507
512
517
523
526
524
524
535
529
525
529
529
525
516
518
513
510
506
503
490
486
480
482
476
471
474
471
474
466
474
506
511
513
529
557
600
650
628
598
593
568
556
543
533
525
521
520
519
514
513
512
513
508
512
530
530
530
536
532
521
528
524
524
521
517
510
512
511
514
521
537
550
558
566
572
571
560
556
552
551
547
544
536
532
525
520
520
522
527
532
532
532
531
532
538
540
541
542
545
550
555
563
563
558
554
550
546
545
546
543
541
541
542
548
555
569
580
580
575
563
559
556
545
541
538
530
526
521
520
516
515
512
518
527
537
539
537
537
536
537
543
549
553
559
558
553
547
544
537
537
544
555
563
563
567
571
574
578
579
567
558
550
548
537
529
531
539
547
553
557
559
559
556
550
543
538
534
534
543
562
575
584
588
587
583
579
571
559
548
540
533
529
534
546
562
573
577
582
582
580
573
564
555
547
540
541
543
546
548
544
543
540
538
538
541
550
557
558
558
556
551
543
535
528
522
523
534
569
621
639
642
627
604
593
582
575
567
554
548
545
541
534
533
535
542
546
547
548
550
552
551
551
548
546
547
546
545
545
544
544
551
552
551
552
551
553
557
557
554
552
546
542
542
538
536
534
532
530
527
522
517
517
521
531
541
542
544
545
549
550
552
546
543
538
532
532
534
535
535
537
539
546
553
559
559
556
555
552
551
553
557
560
557
554
551
546
544
551
559
567
564
564
563
560
563
563
563
556
548
542
533
531
536
545
551
555
562
565
571
573
573
565
561
553
545
542
540
540
540
542
549
554
554
556
556
557
558
554
554
550
549
552
551
550
551
550
554
557
555
555
552
549
552
556
560
563
561
555
551
545
540
540
549
559
558
554
558
555
559
559
554
542
536
528
521
516
516
516
516
516
516
521
532
545
557
565
568
567
568
563
559
555
552
551
550
550
555
563
571
576
579
581
577
569
563
558
555
554
557
566
576
581
579
575
572
570
567
568
571
572
573
568
563
560
558
558
565
572
581
584
576
1684
562
563
557
552
548
542
540
537
540
539
548
563
580
578
574
576
573
568
561
554
544
539
535
529
527
536
547
551
559
559
563
562
557
551
547
546
545
546
547
548
550
550
543
541
534
531
531
533
535
538
537
537
537
537
539
539
541
543
543
539
538
535
538
548
563
577
582
584
583
580
571
563
559
555
554
558
568
575
579
579
578
574
571
563
558
554
548
548
554
570
583
581
581
595