724
741
714
715
714
680
680
672
702
729
705
730
775
776
781
749
708
681
669
663
646
655
699
744
693
656
647
646
628
614
624
622
631
623
646
639
630
620
625
636
642
643
709
740
771
784
807
766
748
699
692
652
666
667
708
692
726
754
767
766
730
691
681
639
624
611
618
666
811
801
787
815
789
790
786
782
704
656
625
624
661
729
727
753
745
742
741
716
694
655
642
646
630
637
629
705
753
741
765
759
719
702
671
679
704
682
682
690
746
736
749
717
723
702
669
656
662
687
662
660
683
706
684
658
650
687
673
685
675
709
719
726
742
720
742
710
720
732
742
722
716
706
719
679
670
651
655
652
716
780
859
853
870
861
832
753
710
713
721
741
811
783
746
718
715
706
679
682
686
707
713
711
702
717
716
711
710
710
712
693
687
658
648
636
631
638
658
762
935
907
852
860
830
792
775
736
693
635
614
602
598
636
771
870
903
869
856
846
823
761
702
676
647
675
761
848
874
862
823
790
748
713
652
617
598
593
621
796
896
887
839
806
807
757
709
653
647
649
631
644
651
714
772
736
679
655
629
625
646
698
756
761
724
698
671
621
593
586
600
621
624
615
624
646
706
805
858
838
809
789
775
751
729
721
711
721
718
673
664
657
682
727
708
689
662
673
704
788
776
774
748
744
709
698
671
668
646
659
658
712
777
766
731
678
667
688
745
752
735
716
690
664
644
634
632
661
712
713
729
688
650
646
645
690
806
889
809
796
787
766
760
741
719
661
632
619
619
640
659
648
646
657
690
701
688
673
650
634
650
694
793
775
736
724
708
689
665
637
625
613
619
646
732
787
785
760
727
689
676
654
661
678
707
712
688
658
643
664
728
799
818
793
791
786
775
701
664
619
610
632
727
870
888
854
823
814
793
728
656
621
596
611
655
685
749
767
812
804
825
817
711
675
681
658
620
603
583
579
588
721
812
800
774
723
676
672
729
791
825
838
810
795
769
741
705
697
676
683
693
722
698
643
615
586
580
683
926
894
852
841
832
834
828
794
759
684
674
670
686
686
667
668
670
662
623
611
601
637
683
665
639
636
729
818
831
775
787
771
730
712
679
652
644
615
622
629
672
686
688
705
711
702
682
664
680
698
668
638
605
585
586
609
749
791
761
764
745
716
678
661
655
687
697
711
732
744
754
710
667
625
602
592
629
794
805
787
776
781
758
725
672
632
621
635
685
698
661
640
619
612
603
625
638
656
667
682
698
713
732
723
686
636
608
595
594
605
690
782
808
792
775
764
754
748
742
729
715
706
692
677
687
704
712
716
715
749
807
784
733
678
652
689
742
724
747
772
809
757
759
753
747
692
664
624
614
609
623
651
688
716
791
815
842
812
812
789
724
672
627
618
620
647
649
668
676
659
653
661
666
659
645
668
642
634
628
645
666
646
645
630
648
620
608
586
582
574
596
611
675
735
763
778
796
781
762
757
766
737
656
612
587
578
561
570
643
681
667
667
652
659
655
610
599
596
644
709
662
633
636
638
686
741
756
698
646
626
618
648
690
698
693
657
638
619
607
615
640
715
728
748
746
747
713
680
656
687
726
708
692
689
714
731
685
643
614
604
617
707
796
825
799
764
713
680
660
663
668
690
709
703
694
652
637
653
756
815
826
776
747
710
716
722
709
694
674
644
641
636
658
688
690
703
691
733
768
768
765
751
725
691
666
656
686
709
725
701
721
747
806
803
810
799
783
737
715
688
691
678
708
694
682
654
635
624
625
722
919
882
891
896
896
871
867
858
823
790
727
679
645
624
610
604
644
811
932
908
869
874
866
805
762
696
649
598
585
602
639
634
636
656
700
727
724
707
692
700
687
673
624
603
587
574
617
765
803
792
784
759
727
683
683
673
695
703
711
719
715
732
731
708
715
723
739
728
713
710
729
746
734
711
697
694
733
735
746
761
769
782
717
689
665
702
744
732
718
696
704
678
667
645
646
664
742
781
775
776
741
721
704
675
664
666
700
707
741
741
762
734
689
680
676
725
750
742
685
661
658
739
793
785
793
769
739
695
678
672
691
684
654
634
628
646
720
751
719
712
696
709
705
676
663
658
671
638
623
601
587
601
591
571
585
610
642
635
615
621
657
768
826
836
822
797
780
767
748
726
721
712
693
641
613
604
592
669
789
846
837
807
793
771
754
739
721
707
709
717
719
723
733
740
736
732
688
660
636
646
700
840
881
865
827
805
763
738
693
688
689
681
698
691
698
704
721
699
680
679
696
715
715
697
675
642
640
667
739
806
826
778
754
729
710
675
636
625
632
670
710
728
738
740
759
727
728
703
710
711
667
640
621
621
652
813
869
837
833
843
826
783
756
716
691
675
657
654
656
673
732
750
744
739
731
739
701
663
637
620
621
649
770
816
797
779
769
752
725
722
723
730
698
680
648
654
678
680
679
633
618
661
701
704
659
647
633
647
669
669
686
713
757
763
775
759
757
744
693
660
645
638
716
811
831
817
779
737
775
799
852
846
813
785
753
730
720
689
697
692
719
730
720
685
659
652
671
745
806
819
809
791
801
798
774
769
758
703
665
656
654
706
794
803
829
820
809
732
687
663
667
721
723
679
669
659
666
666
677
683
707
724
712
724
717
729
736
719
683
662
644
648
747
817
832
828
810
795
760
749
737
734
713
687
681
684
723
759
806
830
855
790
720
675
646
646
705
757
782
759
759
749
750
727
714
709
709
725
708
738
745
761
759
718
682
654
641
653
719
815
824
787
768
761
743
711
696
696
702
692
650
623
606
610
656
720
730
724
729
727
716
704
693
675
674
666
675
668
686
695
658
623
606
602
661
784
817
817
834
848
803
728
676
660
636
740
764
729
684
653
610
592
596
614
636
618
600
588
583
607
725
857
869
850
860
871
854
825
780
748
682
632
630
636
666
672
659
674
695
708
694
672
653
674
661
625
615
614
621
602
593
586
609
638
639
641
641
663
658
645
623
630
616
588
582
580
607
624
623
629
643
666
685
671
657
631
618
611
640
681
684
663
651
639
631
610
592
558
585
577
562
554
553
537
532
528
524
525
517
511
503
501
499
493
491
483
474
470
471
464
464
461
461
458
455
453
462
488
538
701
786
719
759
762
764
718
660
620
586
552
535
519
514
517
516
511
510
521
544
550
547
541
559
581
563
545
527
529
541
552
550
560
592
623
623
601
621
628
606
587
599
589
598
586
566
548
553
562
566
562
553
581
614
642
621
591
571
569
580
571
562
553
536
521
517
543
624
646
625
608
626
637
651
663
641
617
582
575
571
556
552
547
548
545
556
551
552
572
628
667
662
617
581
563
558
556
547
534
514
526
521
514
538
563
549
534
532
524
522
522
516
515
514
510
508
514
529
543
536
552
561
559
538
540
567
588
602
611
586
563
548
540
540
541
531
519
511
508
514
518
519
514
510
515
519
521
531
535
551
559
564
562
552
551
538
533
532
532
522
521
521
525
526
525
521
518
526
554
603
615
606
599
585
582
593
576
558
552
557
554
549
544
544
535
528
525
519
515
530
572
636
645
624
648
647
618
577
557
542
525
518
517
524
557
572
588
559
563
571
583
571
559
546
536
524
517
519
525
546
563
560
553
546
551
564
605
674
744
790
782
747
664
602
576
563
554
548
539
530
521
517
513
502
512
563
720
723
688
677
694
665
568
551
534
534
531
539
541
535
540
546
552
551
538
536
552
580
598
611
691
732
711
671
656
630
601
574
560
563
576
579
570
590
660
662
689
685
664
632
620
629
620
596
567
553
552
569
592
606
590
604
627
668
661
634
594
568
551
545
549
575
647
672
663
613
583
565
557
553
553
556
560
601
678
746
776
767
722
653
621
611
585
575
562
576
596
598
590
562
539
521
533
598
669
662
650
664
645
637
598
571
551
546
540
560
636
679
700
708
692
641
602
582
575
587
645
689
695
698
657
637
605
584
569
567
590
670
688
705
678
647
615
585
561
546
543
542
537
542
541
548
559
569
568
571
570
567
563
561
555
552
551
560
576
598
688
749
746
715
675
640
600
559
542
536
540
540
542
546
580
667
729
724
664
639
617
611
625
619
624
623
630
616
589
567
546
541
540
564
646
702
733
730
718
689
642
584
570
561
569
566
569
559
560
565
564
572
561
550
538
530
521
518
518
511
518
535
557
554
544
543
534
527
527
523
526
536
541
540
539
530
523
513
508
505
505
505
512
521
535
539
530
523
519
512
512
511
517
523
529
556
570
579
563
556
547
535
528
521
517
517
516
519
523
521
525
521
521
521
521
513
510
509
515
531
560
607
621
605
572
542
528
520
514
515
510
510
517
524
520
519
518
515
516
515
517
512
512
515
513
503
505
501
503
502
502
499
496
497
493
496
509
517
533
545
546
544
531
536
529
527
525
523
518
515
510
508
500
506
502
499
496
497
495
495
495
502
508
503
498
498
504
509
506
506
497
502
498
500
491
493
486
480
475
477
480
474
475
470
468
465
460
466
474
479
489
498
499
492
496
495
492
488
491
485
487
479
480
478
478
475
474
473
469
471
465
460
464
460
468
469
465
471
468
472
471
466
468
467
467
468
462
464
459
464
462
458
464
464
465
465
461
462
458
455
461
461
463
465
465
468
464
470
468
464
463
458
453
458
458
460
461
461
461
452
455
454
452
445
452
452
448
448
453
455
457
455
454
451
453
452
463
463
468
462
464
462
459
457
456
450
457
459
461
467
466
471
469
466
468
462
460
461
456
455
451
452
456
450
453
449
451
451
450
447
450
450
450
451
449
452
449
454
455
451
453
454
458
456
459
454
461
456
457
454
455
454
457
454
452
460
458
456
457
453
452
456
450
451
455
459
468
464
469
465
463
462
460
451
451
443
440
448
448
449
446
450
449
452
451
451
456
449
459
460
460
465
462
459
463
457
461
457
454
459
455
454
453
449
446
449
447
446
452
449
451
450
446
445
448
450
449
451
452
449
448
445
442
445
448
450
463
461
458
457
458
458
464
461
460
462
458
460
456
455
457
456
452
450
451
452
455
450
446
447
444
438
442
444
442
446
444
452
455
452
451
456
454
455
458
460
463
460
463
460
455
452
456
455
450
458
459
457
460
455
456
454
448
451
453
451
456
460
462
457
454
452
452
445
448
451
451
449
448
449
448
453
451
451
456
457
458
456
460
456
452
450
453
448
444
449
448
448
449
450
450
452
451
450
455
449
452
451
451
451
451
444
443
444
441
444
447
444
443
444
446
443
451
451
451
450
451
449
450
451
455
456
455
464
460
460
460
456
452
452
451
451
454
449
454
453
453
452
448
443
449
448
445
448
450
450
453
449
449
458
456
456
456
458
458
457
453
453
450
444
449
449
449
451
458
458
455
452
447
449
445
443
446
447
450
451
450
446
452
453
455
457
452
452
453
447
442
447
444
449
449
444
445
447
443
436
435
433
432
439
438
439
438
437
435
437
442
438
443
445
443
440
447
440
442
442
443
443
443
441
437
439
445
439
440
438
438
434
439
439
440
446
445
445
444
440
438
443
447
449
450
449
449
443
444
439
440
443
442
446
447
444
444
448
446
447
452
455
459
454
456
452
449
448
448
450
448
446
445
444
440
441
438
440
449
444
445
447
444
440
447
445
444
448
446
445
443
444
440
440
442
442
443
441
439
432
433
430
433
436
437
432
427
429
431
434
434
434
434
435
438
441
441
442
444
438
436
440
434
432
436
434
435
430
430
424
427
430
430
430
428
429
434
433
435
438
434
431
436
431
430
433
435
435
430
431
428
427
434
435
433
429
432
433
437
437
437
437
433
440
441
438
441
441
438
434
436
436
434
438
440
438
435
433
439
443
448
452
449
447
452
445
445
445
448
449
452
448
449
451
453
450
452
453
447
444
440
441
439
438
438
438
441
449
451
455
456
455
455
452
456
454
456
461
457
459
452
456
451
450
450
452
450
453
458
457
457
460
458
455
456
455
458
456
462
468
468
470
467
468
466
465
472
474
479
481
483
483
482
481
482
482
485
483
487
483
489
501
504
502
494
490
484
486
480
481
482
477
478
474
482
483
491
502
508
501
504
499
501
502
500
499
497
495
503
508
508
508
502
495
495
494
491
489
489
485
488
499
510
517
507
502
499
508
507
507
496
495
494
492
492
490
488
492
480
477
479
485
491
497
493
494
501
499
499
492
490
487
486
486
496
504
508
504
502
506
509
506
505
500
499
493
497
492
514
527
545
534
531
523
521
520
517
512
510
501
497
502
510
524
516
510
503
505
505
506
510
509
521
535
533
529
519
517
513
514
516
513
506
506
503
507
510
508
503
499
488
485
489
484
490
494
485
493
506
544
595
570
558
554
550
536
522
518
509
506
506
507
504
497
491
492
498
514
540
552
541
530
521
513
512
520
525
543
537
529
521
520
516
513
514
520
522
527
530
527
526
521
520
507
494
493
492
497
502
503
500
499
500
501
504
517
529
530
522
517
506
506
504
503
503
502
504
521
537
529
533
534
530
522
520
512
510
510
510
508
501
499
496
492
503
516
515
516
512
511
514
512
513
512
515
515
516
507
503
505
496
502
511
512
515
518
515
515
513
512
514
516
521
521
516
515
508
499
506
516
509
517
513
510
521
513
512
508
503
500
508
509
509
511
510
508
510
505
510
510
508
509
505
501
498
500
499
500
503
495
492
497
495
493
493
496
506
510
519
512
519
512
516
514
508
503
494
487
486
488
484
496
490
495
494
488
484
485
480
480
483
484
485
476
472
463
464
462
462
465
467
475
476
474
473
479
484
481
482
480
475
465
466
466
465
472
470
471
469
468
469
471
471
463
469
466
471
474
479
481
478
475
475
475
472
473
474
476
477
474
476
474
478
479
480
486
481
482
483
479
474
473
474
471
471
471
468
469
470
467
470
472
471
476
472
467
462
468
468
465
466
466
469
465
467
467
468
468
467
465
460
462
468
467
469
467
463
457
460
459
459
460
463
460
462
466
473
475
475
477
477
476
479
477
477
480
478
473
474
479
482
484
487
479
478
475
473
468
471
465
461
457
454
450
450
454
461
461
464
467
478
486
486
482
478
479
475
474
470
469
470
471
479
479
479
480
476
473
476
480
480
485
480
481
481
480
479
484
482
483
484
480
477
474
469
470
470
470
466
464
464
462
460
461
470
473
472
477
479
471
475
477
477
479
475
474
474
474
473
468
474
471
469
468
472
468
472
481
475
482
480
476
480
483
482
479
484
483
482
479
481
483
485
482
480
482
482
479
475
471
468
474
477
479
486
483
484
484
479
466
464
469
468
469
472
473
474
474
482
479
473
475
478
475
481
481
481
487
488
494
485
491
485
485
479
476
483
479
484
480
479
480
480
479
479
481
480
479
479
476
476
475
473
477
478
478
471
473
474
471
474
475
473
480
479
479
478
480
480
480
482
480
479
478
478
476
476
480
478
482
478
477
479
479
480
477
475
474
477
471
475
470
470
469
470
473
475
476
474
470
470
475
472
467
470
468
465
462
463
465
468
472
478
480
482
481
482
487
491
484
485
483
483
482
479
472
468
464
462
461
464
472
475
476
479
476
477
474
479
479
479
471
477
481
488
485
483
484
481
477
478
479
487
484
482
487
480
472
466
466
475
475
478
479
478
477
481
491
501
493
496
501
506
498
494
494
499
497
494
493
493
498
498
492
495
491
499
494
492
493
495
501
500
499
504
506
513
503
496
491
482
474
475
483
491
504
516
517
516
511
509
500
493
495
498
496
492
493
494
495
491
486
488
485
481
481
492
505
505
502
503
501
501
493
494
494
497
505
500
500
505
509
507
502
495
496
487
487
494
511
523
522
541
536
534
531
521
521
521
518
511
505
505
498
494
496
495
495
490
490
497
503
508
498
484
482
481
483
488
491
491
485
488
489
498
506
497
496
493
489
495
504
515
527
524
534
553
566
553
547
538
537
525
519
516
513
506
505
504
508
507
504
503
503
506
511
508
508
507
502
493
491
494
500
521
525
515
517
506
489
485
484
495
494
496
486
496
502
506
514
509
505
505
502
502
498
497
502
501
499
502
521
580
598
572
546
533
533
527
514
505
507
502
501
511
529
542
529
524
518
511
512
512
513
514
517
524
518
527
526
517
510
505
504
502
497
498
500
503
514
520
521
517
529
528
517
507
501
495
487
491
489
494
500
497
496
498
497
486
475
474
478
480
475
471
467
474
471
481
496
499
498
495
510
516
504
506
497
495
490
489
491
488
490
495
493
495
491
501
503
503
501
497
498
498
495
488
489
494
495
494
491
492
499
511
515
508
505
509
512
505
501
501
499
505
501
502
505
505
506
500
493
490
492
496
505
522
534
524
521
514
520
511
504
508
505
504
498
493
496
493
499
501
495
491
488
489
490
494
495
493
499
491
497
502
519
525
515
507
502
502
499
500
499
498
502
496
496
497
492
495
494
492
493
494
496
501
514
523
526
544
552
537
531
528
531
529
521
514
517
508
499
498
494
502
501
499
502
500
507
509
507
504
502
502
508
506
503
499
498
504
521
537
539
526
522
519
518
511
505
511
508
514
518
512
509
510
513
514
510
510
506
498
499
502
509
506
505
506
510
516
523
524
525
524
522
521
515
521
515
516
512
504
503
493
491
489
486
489
493
500
502
504
523
550
556
557
530
521
516
508
500
497
496
492
496
499
498
498
496
499
503
499
503
498
497
491
490
492
493
494
498
498
495
496
498
499
497
499
504
501
498
490
479
474
473
472
473
473
478
480
490
486
485
489
484
485
484
502
502
496
500
491
491
484
481
484
481
483
485
492
494
497
500
502
499
500
499
494
492
490
488
490
486
483
479
479
486
480
489
495
495
497
504
507
502
503
498
499
500
492
487
485
488
483
490
490
493
489
492
493
492
494
495
491
488
485
484
482
489
493
496
493
492
484
483
484
481
488
485
488
488
492
488
486
495
488
483
481
476
479
481
489
494
500
500
498
501
495
489
490
492
491
496
495
491
491
487
485
488
489
488
493
489
489
487
487
488
483
483
480
486
487
479
482
481
479
478
475
478
483
484
482
484
482
481
488
484
482
490
483
486
485
479
474
474
473
470
475
472
473
478
479
479
478
480
479
479
475
468
462
466
465
467
468
467
463
459
457
460
456
460
461
475
480
509
519
510
497
498
486
477
483
479
480
478
471
472
475
473
470
479
479
479
479
475
476
482
481
482
479
479
481
481
481
480
475
479
479
471
469
470
467
470
471
473
474
473
476
478
479
471
478
471
472
471
464
463
467
463
455
462
459
458
457
453
451
458
459
473
487
491
499
497
510
490
492
483
479
477
472
467
466
470
467
470
466
469
469
472
469
470
470
468
469
469
466
468
470
464
460
460
460
462
457
456
456
461
461
462
470
464
471
465
462
461
466
463
460
463
462
458
454
448
444
447
442
440
447
446
446
444
453
464
467
469
462
462
458
454
447
455
460
464
464
463
453
454
451
446
447
452
447
448
450
445
441
445
446
444
449
446
447
443
445
442
440
447
446
448
450
444
440
447
447
444
448
447
447
443
441
438
438
442
438
439
434
434
433
433
436
434
437
435
435
426
425
428
424
427
425
426
427
426
429
431
428
423
425
431
431
435
434
431
433
435
437
436
435
434
435
430
436
435
435
441
441
438
433
436
435
435
436
436
438
432
434
428
430
436
432
434
432
433
432
436
435
433
436
433
434
426
430
431
426
430
426
428
424
425
423
419
429
426
427
423
422
420
419
423
422
423
423
422
421
423
426
425
424
420
422
420
419
424
421
424
425
424
420
423
423
419
424
424
423
417
419
419
420
420
423
419
417
421
419
418
422
422
426
420
419
421
419
420
419
416
413
419
413
410
416
413
415
409
410
407
413
413
413
412
410
413
412
415
415
417
416
412
418
412
411
412
415
416
415
412
409
411
413
412
413
409
411
411
410
410
410
409
406
413
409
408
410
413
413
410
405
405
409
405
406
403
407
406
403
402
407
403
404
399
403
398
403
396
396
396
393
391
395
395
394
390
393
389
389
392
390
395
390
394
392
395
394
394
394
394
392
391
387
393
388
391
387
387
387
388
386
386
383
383
386
385
390
385
389
384
385
381
388
383
387
381
383
379
381
380
381
375
376
380
379
378
379
379
377
382
376
377
377
381
379
378
378
377
377
379
382
381
383
377
384
377
381
378
382
375
375
376
376
376
376
381
376
382
376
380
379
376
378
382
382
381
379
383
378
379
373
377
379
376
383
377
383
379
382
375
379
372
374
373
376
372
370
368
372
369
368
371
369
368
370
367
368
373
370
370
366
369
367
367
373
368
370
366
369
366
371
369
366
368
365
369
366
368
367
370
370
370
368
370
368
369
370
368
374
367
375
366
371
367
367
364
367
364
363
362
364
365
364
368
365
367
364
368
364
364
363
363
367
361
367
362
364
363
369
360
361
360
363
363
362
358
359
358
360
364
360
359
356
359
361
357
359
357
362
357
362
354
356
354
355
359
356
358
354
359
358
358
354
354
357
354
359
354
358
356
359
357
358
357
356
363
357
362
357
361
357
357
357
357
359
358
361
358
363
357
360
354
356
356
356
356
356
359
357
361
355
360
356
359
354
356
362
357
359
358
361
355
362
356
358
354
356
358
359
357
356
355
355
360
355
355
356
353
355
352
356
354
357
348
354
354
348
356
349
354
354
355
352
353
351
351
355
350
354
351
355
351
356
350
352
349
352
354
349
354
349
355
348
349
346
350
354
349
354
349
354
347
352
348
350
356
347
354
349
354
350
352
351
348
352
349
354
350
356
353
359
350
354
352
353
355
353
355
352
354
353
355
351
353
353
351
357
352
353
352
353
351
354
350
352
347
349
352
349
354
350
352
348
352
348
347
354
349
349
349
352
349
353
346
347
349
348
350
348
349
346
346
344
345
347
345
348
347
351
347
346
344
345
349
342
344
343
346
346
347
346
342
346
341
346
341
348
344
346
342
340
346
342
340
343
343
342
344
339
339
346
339
345
342
344
341
342
342
337
339
340
342
340
342
338
339
345
338
344
339
344
338
340
342
340
343
339
344
340
343
340
336
344
337
343
340
345
336
339
338
339
339
340
338
341
343
339
338
345
340
343
340
344
339
342
340
341
344
334
344
340
340
340
338
342
338
341
338
342
336
340
341
340
340
339
340
341
346
340
342
338
337
343
339
345
341
344
337
341
345
341
343
340
342
338
342
338
338
342
337
344
340
344
332
337
342
338
339
336
341
335
337
334
333
334
335
341
337
337
331
331
337
335
342
337
338
334
334
340
329
339
332
338
337
331
337
333
338
338
341
332
332
339
334
332
335
337
331
334
337
334
333
330
336
329
332
336
332
333
334
333
333
335
329
332
331
332
338
330
333
333
331
331
332
333
331
334
330
331
331
333
336
333
331
327
326
332
330
337
330
333
329
330
332
330
332
329
327
332
325
332
327
333
332
329
331
326
331
330
332
327
327
330
328
327
327
328
328
328
326
327
326
329
329
327
324
332
324
331
326
329
331
328
332
323
331
326
327
331
326
329
326
331
330
330
329
328
330
328
333
330
327
326
325
329
329
330
326
326
329
326
325
327
325
326
327
325
325
324
327
329
328
325
324
325
326
326
331
325
322
326
319
329
322
323
328
325
324
327
324
324
327
329
325
328
324
326
327
327
325
330
326
328
330
327
326
329
329
331
327
327
326
327
328
328
330
326
325
329
327
325
329
328
324
326
325
323
326
325
329
327
322
323
322
325
325
329
323
323
326
326
328
326
323
324
324
321
328
324
323
325
327
324
320
324
321
324
324
320
326
321
323
328
321
321
325
322
329
323
320
326
322
323
325
321
322
323
326
323
321
322
319
323
322
318
324
323
323
321
324
320
326
324
323
319
319
326
321
325
321
321
322
323
318
326
320
320
323
319
322
317
321
322
318
318
321
321
324
319
324
316
318
318
321
322
320
318
322
320
323
320
318
320
321
316
324
320
318
321
320
318
316
320
322
316
317
318
320
322
321
316
322
320
318
318
317
318
318
319
319
317
317
318
318
318
314
317
320
316
313
318
319
319
316
316
315
315
323
316
318
317
315
319
318
317
313
314
320
316
318
313
313
322
314
319
316
314
314
318
313
320
315
315
316
317
314
315
314
319
316
312
314
317
317
314
312
317
316
318
317
311
318
316
318
313
316
315
314
316
316
314
313
315
313
316
313
314
317
316
313
313
315
316
315
310
314
314
314
316
315
313
313
313
313
315
315
314
312
317
317
318
309
319
315
316
312
315
314
317
313
315
318
312
314
313
317
316
316
309
317
316
314
312
315
313
314
314
315
311
314
310
316
317
311
316
310
317
313
313
309
313
311
309
312
310
314
313
312
313
309
312
315
316
311
311
311
312
313
313
311
313
313
315
313
316
311
313
317
313
314
314
313
316
313
314
314
316
316
315
313
313
313
315
316
319
313
318
316
319
319
313
315
318
318
321
319
315
318
318
321
315
319
317
323
322
316
319
319
323
320
319
319
321
325
323
323
320
321
321
317
319
321
320
323
322
318
323
326
325
325
320
325
325
326
321
324
323
325
331
323
323
325
324
329
324
326
326
327
334
323
327
323
328
326
333
338
334
330
330
332
337
337
337
335
341
340
337
339
339
345
339
340
342
341
348
348
341
346
344
349
345
346
349
347
351
345
344
346
344
351
346
343
347
346
349
353
349
351
342
349
349
352
356
346
352
353
353
354
351
348
349
349
352
351
354
356
352
350
354
354
359
364
354
361
359
361
365
357
364
361
366
369
361
367
366
366
364
369
366
367
370
362
362
362
361
368
365
365
368
367
372
371
368
370
370
371
375
364
372
371
372
373
369
368
369
370
364
369
373
366
366
371
370
376
382
378
373
380
380
381
388
377
382
384
381
385
379
384
382
390
389
384
393
390
392
393
391
390
393
390
392
386
390
388
390
391
386
393
390
393
394
395
396
397
401
399
396
401
400
398
402
401
397
397
398
396
397
397
398
397
401
402
396
398
399
396
397
399
400
402
404
398
403
401
407
405
401
402
403
403
399
407
404
408
409
411
410
411
419
409
412
413
415
414
410
414
408
412
409
412
409
410
416
412
409
414
419
415
420
424
418
413
419
417
415
413
416
413
411
418
418
410
413
417
418
414
418
420
416
418
414
417
413
410
413
409
411
406
414
410
411
416
412
407
415
418
417
422
424
427
424
428
426
429
426
431
433
426
428
424
427
425
422
425
427
425
428
425
427
426
423
429
428
427
427
428
431
425
425
424
431
427
432
431
436
432
431
436
430
429
430
431
429
431
424
432
430
429
435
431
435
435
434
437
432
429
434
434
431
437
431
438
435
434
440
443
438
440
439
440
440
441
440
442
440
435
436
437
437
435
438
427
434
430
429
435
430
433
431
434
437
432
427
431
430
426
435
436
435
433
433
440
436
438
438
439
441
437
437
439
445
437
440
438
442
440
438
440
441
438
439
435
439
436
439
435
440
438
433
438
438
438
435
441
437
442
437
435
443
442
433
438
435
438
438
437
437
440
439
436
438
440
441
443
438
443
441
439
443
441
441
438
437
432
437
431
430
428
433
436
431
435
429
437
435
439
443
443
439
438
447
444
443
440
443
442
441
437
440
441
443
440
444
444
447
449
444
444
444
445
447
442
449
449
444
448
446
449
444
438
442
440
442
439
438
444
440
445
440
447
441
449
444
441
450
446
446
441
441
449
445
444
438
443
441
442
438
441
443
444
440
438
448
447
440
441
438
445
440
440
438
438
440
438
436
437
439
438
438
440
442
444
442
439
441
442
439
444
439
443
439
438
438
441
438
436
437
441
443
436
439
441
446
446
442
442
443
442
444
444
433
441
437
436
441
440
442
438
443
444
447
445
447
450
449
452
448
454
455
454
444
448
449
453
452
447
444
447
449
446
451
446
453
457
454
457
456
456
458
457
455
454
455
449
443
448
446
446
443
440
443
443
443
446
447
440
445
442
448
452
449
448
444
452
452
448
449
440
448
446
443
451
445
452
445
444
452
451
449
445
447
446
452
448
447
449
444
450
447
447
453
449
451
446
453
455
455
450
446
456
452
455
449
450
455
454
453
451
457
452
461
455
456
458
457
461
454
456
452
456
452
451
451
452
446
447
445
450
455
455
452
450
460
455
460
454
453
457
454
449
452
443
449
448
447
450
443
449
443
444
450
443
446
436
436
439
442
438
438
435
436
433
433
442
443
444
439
441
450
446
446
442
446
443
446
440
442
443
443
439
437
443
446
445
449
449
454
453
452
450
451
454
456
455
448
453
450
452
453
453
446
452
451
450
456
451
457
455
453
461
454
461
458
458
466
456
461
458
458
460
454
458
454
458
457
458
454
457
454
451
458
452
453
446
446
446
449
449
447
448
446
450
445
445
439
445
445
441
443
437
438
439
437
441
441
443
443
439
444
443
449
448
450
455
451
456
453
455
456
458
456
455
461
454
460
455
456
459
446
452
447
447
453
447
451
447
451
455
451
455
443
446
447
449
449
445
444
444
444
444
445
445
447
444
450
446
450
450
445
449
454
449
446
443
442
447
450
444
445
443
445
440
445
444
446
450
444
446
448
449
451
444
447
448
446
439
438
442
440
438
437
444
444
443
433
439
441
443
448
441
443
442
445
444
445
440
447
448
445
447
447
450
446
446
449
451
454
445
445
447
450
451
445
444
447
447
451
451
450
452
452
451
455
453
454
448
451
444
448
445
444
448
448
447
443
444
451
446
445
444
450
454
453
449
448
456
458
455
451
450
457
457
454
450
449
454
451
450
448
441
449
446
448
454
455
457
453
454
459
456
456
449
453
453
454
453
447
450
450
452
449
449
455
450
450
450
451
455
449
449
445
451
453
449
443
442
442
442
444
438
441
440
438
438
442
445
450
443
443
445
449
446
442
441
440
443
445
442
446
448
446
444
444
448
449
441
440
441
448
450
441
443
443
445
449
440
441
443
444
451
446
447
450
448
452
448
449
450
443
451
447
450
447
446
446
450
448
445
449
444
448
442
445
451
449
446
441
439
448
443
445
438
443
446
442
438
440
446
446
443
442
449
453
449
443
441
450
449
447
438
443
442
443
445
445
445
447
442
446
443
444
443
439
442
444
444
444
442
449
446
446
443
441
443
441
438
445
439
442
439
442
446
446
442
445
439
443
442
444
445
447
448
447
443
450
443
448
448
442
447
446
446
447
444
450
452
446
449
446
450
454
450
451
448
454
454
449
448
451
454
457
451
451
453
457
456
455
451
456
458
453
453
450
456
457
458
448
450
451
455
455
449
451
451
455
453
447
447
450
450
450
450
444
447
444
445
447
454
450
449
447
452
449
454
450
450
455
449
456
448
448
455
452
453
447
449
452
448
445
442
449
448
448
440
444
443
443
439
445
443
441
441
439
438
438
437
433
439
438
438
434
433
434
438
437
440
445
440
441
438
445
448
446
438
438
440
440
439
440
434
439
434
435
442
445
440
439
439
446
444
446
444
448
449
445
444
445
449
452
443
442
444
446
446
443
443
446
441
446
446
448
451
448
450
450
450
452
448
448
449
452
457
455
454
457
458
458
454
453
452
455
456
447
448
449
450
449
444
446
447
448
449
446
449
447
447
446
444
442
441
436
441
439
442
442
438
446
440
441
438
440
438
441
438
438
433
433
432
430
436
438
436
429
438
438
443
441
443
448
450
449
448
447
448
449
445
452
445
450
448
450
453
450
449
452
452
461
454
453
457
452
451
451
450
453
450
446
444
443
448
441
442
439
439
438
433
434
442
435
434
436
438
445
439
437
438
439
446
444
438
440
445
450
449
458
453
460
464
469
465
461
461
466
466
464
469
471
476
475
480
479
487
482
490
484
483
486
474
475
472
475
476
479
473
474
472
473
474
471
476
464
462
461
454
457
465
460
466
471
470
477
470
471
469
470
474
477
479
468
475
473
476
480
470
478
485
497
502
491
508
534
566
547
524
527
525
528
518
517
503
501
499
498
500
498
494
494
493
500
527
574
579
539
535
519
521
513
511
503
505
497
501
501
496
489
492
496
499
501
494
491
489
497
510
520
516
514
512
516
553
631
635
563
538
519
512
504
502
501
500
498
493
489
490
492
499
493
499
503
507
506
511
503
506
505
508
504
507
503
506
510
520
521
519
515
519
521
526
521
522
513
514
512
520
520
519
520
515
509
517
534
564
557
541
538
528
527
521
518
513
515
507
506
506
509
508
511
502
503
505
513
514
515
505
514
513
517
514
516
511
509
510
508
510
507
506
504
506
508
507
508
503
508
517
521
518
517
517
503
502
504
504
501
496
499
503
507
508
504
502
500
502
504
506
505
509
520
537
547
551
541
540
540
537
534
530
528
522
521
520
516
518
513
514
519
524
523
523
515
509
512
498
506
521
532
531
526
521
516
510
508
507
509
509
509
501
488
491
498
511
519
521
522
520
525
523
526
526
525
525
517
515
512
508
511
499
504
511
533
557
553
554
556
564
575
573
553
549
533
526
522
519
513
513
502
500
501
515
533
552
565
568
594
606
602
560
544
532
511
512
510
521
524
525
525
519
519
519
517
519
515
513
512
516
517
522
517
526
529
534
531
530
521
522
523
529
527
533
519
528
543
556
550
544
537
552
575
583
564
560
543
539
539
538
535
530
529
533
542
557
563
563
590
611
626
592
579
559
555
547
543
538
539
525
524
531
549
563
570
563
591
605
608
575
562
559
549
547
542
537
529
524
521
520
523
521
519
511
510
533
586
588
585
565
563
562
561
553
552
543
540
537
536
532
532
524
526
526
529
529
529
529
524
523
515
541
609
626
598
571
553
549
543
538
538
533
533
534
536
537
540
538
538
538
540
539
543
540
545
550
553
554
555
551
555
555
547
542
545
528
529
535
548
549
547
538
547
554
556
549
552
539
542
541
537
536
534
532
542
559
561
560
552
554
553
546
548
541
542
539
539
534
535
520
522
530
552
564
569
566
577
591
602
579
571
555
554
546
543
537
536
523
523
523
529
532
538
540
540
549
556
557
550
550
540
540
539
543
539
536
541
554
576
577
562
552
549
557
558
554
551
540
551
556
563
552
550
547
560
572
567
556
548
547
544
542
538
543
533
549
562
562
554
537
539
532
535
530
526
521
521
506
513
525
546
528
516
518
521
521
518
520
511
512
515
522
533
548
563
571
571
575
579
577
562
555
547
539
535
528
522
509
514
508
514
515
510
507
503
505
505
506
498
500
521
551
573
577
565
557
558
570
589
584
565
558
549
546
546
545
542
546
539
545
546
549
544
539
534
536
554
581
589
571
560
543
537
536
532
529
529
521
523
536
536
539
531
546
562
575
561
553
540
534
532
533
530
528
527
521
523
536
553
581
573
563
552
562
564
563
556
543
526
526
529
535
539
541
537
531
525
519
543
646
736
719
651
595
586
583
575
567
559
550
540
532
543
627
732
729
667
593
568
550
544
539
538
530
532
538
547
556
563
558
555
563
569
565
563
553
551
548
544
545
544
544
543
538
537
544
557
568
573
567
555
575
584
602
575
563
550
548
529
535
544
552
551
550
537
537
534
533
532
532
532
532
524
516
518
521
527
530
527
526
521
520
519
521
520
528
521
538
571
607
603
604
588
618
608
594
570
557
558
549
548
541
542
531
530
530
534
533
541
533
547
554
552
548
543
546
546
547
544
536
535
520
534
557
584
583
584
568
578
572
570
561
555
553
549
548
548
545
547
552
555
556
550
550
547
561
580
615
611
616
593
613
597
583
562
558
541
541
541
554
555
553
549
559
560
560
553
556
551
553
551
548
544
537
537
541
544
545
546
539
547
548
551
545
544
535
531
528
524
553
648
692
654
614
590
579
569
555
553
545
540
537
535
537
535
539
543
550
545
553
548
561
560
560
550
550
544
557
586
596
581
575
571
583
591
578
558
553
544
538
551
580
587
583
573
574
577
576
566
558
547
546
541
544
541
541
542
555
567
583
572
574
562
576
568
563
553
550
551
548
548
546
548
540
558
576
583
565
562
558
568
572
559
552
546
537
530
521
535
580
726
699
679
603
584
571
562
554
544
544
539
541
541
543
538
539
540
540
538
537
532
532
536
549
614
687
675
622
588
571
566
562
554
545
540
525
528
530
540
548
557
557
555
557
558
563
560
556
549
539
539
532
566
665
756
704
631
595
584
573
563
562
555
554
552
549
550
546
546
546
545
545
549
544
559
563
573
560
552
543
538
529
559
643
672
634
592
593
584
572
563
555
557
550
545
540
539
533
536
542
541
542
537
554
567
584
575
569
564
594
612
607
588
568
567
558
552
541
535
524
530
555
625
671
663
636
640
622
586
577
563
564
564
563
558
554
555
559
558
555
555
551
557
563
568
563
551
551
546
547
548
551
544
541
544
536
529
534
540
541
541
530
530
535
545
548
548
542
545
562
581
580
584
578
602
600
598
572
564
565
559
559
549
543
537
529
523
523
528
562
688
736
718
644
583
559
551
546
541
541
533
533
534
537
535
540
536
541
545
549
549
547
543
536
542
542
542