677
702
760
723
782
833
854
781
788
761
697
688
664
628
658
628
625
629
698
976
900
848
748
750
755
746
724
688
704
785
869
832
890
903
888
813
808
798
738
809
892
928
871
936
913
810
835
868
838
857
908
873
805
788
806
785
697
647
625
634
840
1049
883
928
921
901
877
849
805
779
737
773
801
813
840
823
851
881
896
872
906
946
890
898
927
927
872
916
950
878
934
961
909
932
949
874
881
927
889
838
898
938
871
924
942
896
944
943
859
749
732
699
690
769
983
989
899
813
846
891
835
795
741
763
829
846
817
820
773
820
893
949
987
923
975
949
960
917
893
949
958
916
840
792
792
770
893
1002
1024
967
980
986
919
923
942
908
871
897
890
787
830
812
798
798
885
972
927
957
976
869
861
829
822
815
922
983
943
1001
981
913
854
899
925
887
925
963
940
841
841
852
866
824
888
969
1011
919
952
919
800
746
712
682
722
854
1037
927
918
963
957
894
829
838
862
799
811
885
882
825
869
916
894
814
848
869
837
921
823
830
869
900
820
869
856
787
797
771
736
686
692
667
646
667
759
784
687
683
665
641
615
604
592
577
575
564
557
563
577
586
604
623
628
658
704
765
795
767
772
702
713
732
731
799
765
794
804
858
896
832
866
858
814
765
775
750
699
687
685
768
752
783
774
738
714
716
726
695
660
655
646
621
602
589
583
594
623
683
740
797
866
887
876
838
899
936
865
946
981
921
966
983
925
944
939
824
833
845
907
888
1003
1019
937
957
879
821
822
870
947
938
907
922
936
938
972
988
929
944
906
827
951
1065
943
1056
1031
938
970
941
868
949
1020
897
989
995
837
887
929
890
939
997
964
884
860
774
755
731
748
847
894
843
1039
1023
871
898
864
789
782
854
936
904
1052
1076
1058
960
1036
1053
964
938
1058
1073
1027
963
997
1037
950
962
1018
1021
936
1042
1052
963
1014
1025
976
981
1024
1012
901
966
1014
941
981
952
886
904
974
1023
914
990
970
903
978
1015
964
935
969
960
871
925
960
847
880
938
963
899
994
996
936
984
957
901
814
808
880
953
903
1004
1031
961
968
948
868
824
847
858
842
925
943
904
889
907
826
728
730
702
685
658
713
748
945
1069
1013
995
1040
1018
916
921
928
875
846
805
745
762
824
871
863
977
993
911
917
821
784
726
735
784
921
1019
930
969
960
855
879
875
827
814
893
923
871
956
994
989
939
968
957
867
922
966
941
938
1006
993
922
958
990
930
927
936
936
919
945
946
830
796
729
652
622
612
597
597
645
764
804
824
808
913
925
849
924
945
876
918
972
936
1035
1085
980
1027
1053
1030
1091
1046
984
1024
1017
1030
1110
1064
1032
1052
1023
1015
1034
996
1039
1008
960
1027
1028
934
842
794
728
688
755
1175
897
933
1020
1029
987
930
960
952
878
886
864
863
862
916
979
1013
987
939
977
978
960
895
912
907
862
948
927
834
806
881
951
958
880
934
943
921
916
973
967
895
900
921
915
829
816
800
801
743
816
847
912
979
935
876
897
922
850
822
905
904
850
924
977
925
897
938
980
933
975
959
912
964
980
851
802
845
854
923
878
1016
1026
917
919
985
983
903
921
937
854
802
797
796
784
900
992
973
1001
1040
985
913
940
932
846
934
994
938
989
1022
948
955
966
896
943
919
873
885
912
938
908
994
938
799
789
787
835
859
898
969
922
917
942
885
809
833
778
708
720
678
629
628
639
663
691
736
745
725
719
765
794
777
787
731
708
631
582
621
642
709
705
701
671
634
599
576
560
557
548
552
553
546
542
536
533
528
522
518
516
515
514
516
524
538
561
597
619
649
636
621
621
637
635
627
628
652
662
652
659
679
662
649
659
653
627
608
592
588
586
584
589
609
603
591
578
572
583
584
585
583
604
613
619
609
591
582
582
596
650
708
696
740
833
793
725
685
682
681
679
664
641
681
732
714
771
781
773
723
694
716
732
729
746
797
850
828
804
723
711
713
713
739
813
782
798
866
803
799
825
785
766
698
669
614
639
622
622
631
646
659
653
659
656
655
638
630
610
609
607
632
644
706
743
788
795
776
764
750
742
761
760
725
739
764
741
780
789
750
761
763
739
767
786
725
718
722
698
722
752
778
722
752
768
747
733
767
799
757
779
841
874
869
855
788
736
755
801
760
743
679
638
627
624
622
616
605
590
576
560
552
544
542
534
530
526
520
517
507
507
502
498
495
490
489
493
493
493
494
492
494
512
563
672
699
711
778
812
770
805
801
722
687
706
689
805
750
814
768
858
771
842
755
749
775
737
792
806
755
799
776
760
816
796
786
835
835
819
810
756
746
760
748
834
758
770
795
841
813
777
732
708
703
739
706
670
723
771
824
886
845
867
847
800
762
742
725
685
693
777
781
761
834
784
725
715
761
798
766
772
763
737
699
671
665
693
742
753
739
777
753
730
737
730
706
694
668
668
684
699
710
758
782
746
711
709
692
688
681
677
650
653
680
703
700
730
752
734
727
708
663
659
650
664
675
710
703
688
709
745
749
718
729
725
719
708
696
680
660
660
679
668
669
693
713
674
666
688
727
770
721
727
734
719
715
749
788
759
771
778
740
729
719
759
729
723
732
736
716
764
797
777
788
723
682
652
644
668
662
669
663
680
662
672
700
715
697
688
703
704
684
706
715
689
665
630
610
642
715
758
752
751
800
716
724
712
701
688
653
619
602
592
593
592
600
621
639
608
606
620
619
696
727
690
663
683
693
654
662
673
675
646
631
627
630
644
653
703
704
675
698
712
680
681
675
687
648
662
660
656
656
670
699
683
679
701
675
656
635
616
623
691
749
734
671
665
646
646
629
649
688
708
699
650
626
609
610
660
820
844
804
765
763
714
678
669
662
652
657
642
682
709
740
730
749
764
731
681
638
597
593
618
752
867
800
736
682
637
600
643
688
735
787
749
692
674
663
642
605
610
601
591
576
580
571
568
557
568
563
560
550
552
551
546
535
528
535
532
527
515
521
519
514
510
510
516
521
520
512
501
513
516
517
513
506
514
514
518
522
523
519
512
503
507
509
509
517
528
535
530
521
516
516
514
508
514
525
531
540
528
546
556
558
557
568
570
556
543
544
546
548
545
547
546
540
555
598
657
643
645
640
637
605
608
586
566
550
540
547
557
581
575
584
609
619
600
587
587
568
560
546
531
525
525
520
509
505
509
514
499
484
493
490
485
480
469
462
471
472
462
460
456
452
456
445
442
436
437
438
444
438
437
428
430
424
418
420
421
426
427
426
426
420
422
416
411
412
414
415
418
422
421
410
410
411
414
415
413
409
406
409
410
415
405
401
406
408
411
411
402
401
407
414
410
408
407
402
413
416
413
412
407
403
403
403
409
409
411
401
401
403
404
408
412
411
408
406
404
407
408
405
409
414
412
409
403
404
412
418
411
410
402
399
404
408
407
409
401
397
398
403
405
404
409
397
396
397
404
405
404
400
396
396
398
407
399
400
399
395
400
400
400
400
402
401
399
402
399
397
396
400
400
401
397
398
397
395
396
396
389
362
415
397
399
394
396
392
394
396
397
391
390
390
396
394
392
395
396
398
397
396
391
391
391
395
396
397
396
393
390
388
392
395
395
396
394
393
392
392
395
395
392
392
396
396
395
396
393
389
387
386
391
391
390
391
392
391
391
390
387
390
393
394
393
391
394
391
390
387
386
390
393
391
393
392
386
386
389
390
394
394
390
383
384
382
389
392
393
390
393
391
389
389
389
394
393
388
390
392
393
392
385
379
383
385
384
382
388
386
391
385
384
382
381
384
388
386
388
387
387
384
386
389
390
386
384
388
390
393
392
384
379
378
383
386
387
383
383
385
386
382
384
383
383
376
377
379
379
379
381
377
376
378
377
379
377
376
371
373
376
375
375
377
377
375
380
378
372
369
371
373
377
372
371
372
376
378
376
374
370
370
370
372
374
370
366
367
370
374
371
369
373
374
376
376
375
371
372
370
375
372
368
365
370
373
377
373
373
373
373
377
378
380
379
378
373
372
374
375
378
377
373
373
375
374
377
373
375
372
375
373
376
378
376
369
368
368
371
376
371
367
370
372
378
372
371
376
378
379
380
376
375
376
379
380
379
378
376
376
377
380
381
380
379
375
378
372
357
390
380
378
381
376
374
375
377
378
377
378
375
377
375
375
375
374
376
377
371
371
373
372
376
372
374
371
374
374
377
374
378
377
374
369
370
369
371
373
371
374
373
372
376
373
378
378
377
378
381
376
371
369
372
379
375
372
373
374
375
374
372
374
374
378
378
369
368
368
371
374
368
365
367
368
373
370
368
369
369
373
374
372
374
370
371
375
373
376
375
370
367
364
366
368
372
370
367
364
369
366
366
363
365
369
369
369
370
366
366
367
368
373
369
361
360
363
366
363
363
362
363
369
365
365
368
370
371
375
373
370
367
368
367
367
372
371
368
366
366
366
366
369
366
362
366
367
370
367
368
367
367
365
370
367
366
368
369
370
371
366
365
363
367
367
367
370
367
365
368
368
371
370
368
365
366
369
372
366
361
361
363
367
365
360
359
363
367
366
360
360
360
364
366
366
363
361
363
363
367
363
365
362
365
368
368
367
365
369
369
364
361
359
362
365
366
362
360
358
360
365
366
363
361
363
368
368
366
372
372
376
374
371
369
369
371
373
372
369
367
370
372
369
373
371
371
370
373
371
377
373
368
367
372
375
377
374
374
378
376
379
378
381
376
382
382
373
371
377
380
376
376
378
383
384
380
372
373
376
379
379
379
382
377
384
380
373
371
370
372
376
377
373
372
373
378
376
374
377
374
372
376
374
368
369
372
375
371
368
368
373
371
369
369
374
374
376
375
373
372
375
373
377
372
367
365
366
371
374
367
366
368
369
370
370
369
366
369
371
374
372
371
369
371
370
373
373
371
366
363
362
365
368
370
364
361
361
364
373
368
366
369
370
368
369
369
376
377
379
380
383
378
381
385
389
387
388
389
390
394
397
395
393
393
394
392
398
399
394
395
397
401
400
402
401
399
399
398
397
390
406
405
401
402
404
408
412
416
414
410
414
416
424
420
423
426
423
416
413
413
417
417
414
415
414
415
429
436
434
432
435
437
451
456
450
445
445
450
460
453
448
446
446
458
452
442
440
441
448
444
439
440
438
447
450
445
441
435
434
438
437
433
430
433
441
448
444
441
448
460
465
461
456
456
452
477
474
467
465
466
474
484
475
472
464
462
470
468
458
455
456
462
458
451
453
454
468
478
484
481
492
506
500
488
478
479
493
484
469
463
464
466
472
464
460
458
464
482
471
472
460
452
448
447
443
444
454
469
474
464
466
464
464
482
491
495
487
486
483
484
486
476
474
472
468
466
472
489
515
531
540
538
522
505
508
511
507
496
493
491
486
493
498
513
526
521
518
520
517
521
512
505
490
479
487
494
495
494
491
495
510
511
505
504
503
506
511
499
495
489
494
491
493
487
484
489
485
494
502
520
528
525
512
508
510
521
521
511
510
513
522
517
510
500
503
510
510
503
504
504
504
508
501
499
503
507
513
501
503
504
509
510
499
490
495
496
491
488
487
494
505
513
507
506
507
516
509
503
512
519
520
511
515
516
521
512
502
496
493
500
497
493
503
512
516
507
510
506
510
506
504
499
498
510
504
499
498
495
495
489
484
476
483
482
487
486
488
480
479
482
492
487
479
482
484
486
479
477
484
487
487
473
474
479
485
496
488
495
500
515
510
509
496
492
500
507
517
511
520
520
509
501
501
504
497
496
496
503
503
496
495
503
511
513
511
513
516
522
506
498
496
409
565
487
479
477
463
463
463
460
460
457
454
454
457
452
448
441
453
449
448
439
440
396
486
442
434
434
436
401
463
438
430
430
428
429
434
428
422
419
424
424
425
416
411
416
418
417
413
408
410
408
406
405
410
410
409
401
395
400
385
411
402
397
399
399
397
391
391
394
394
395
394
391
389
391
394
388
387
389
394
389
392
390
394
395
394
388
385
385
392
386
384
386
389
392
392
385
382
385
386
391
387
387
390
389
396
395
394
388
385
388
395
394
392
394
396
396
394
394
398
398
396
393
398
400
400
394
391
392
397
396
398
396
396
396
397
396
392
389
391
391
395
392
390
384
387
394
394
390
390
394
396
395
388
386
389
396
395
391
393
395
395
396
392
384
385
388
392
396
390
393
394
395
396
392
384
385
389
396
392
388
392
391
393
392
396
393
392
387
387
389
391
390
390
391
389
396
387
383
385
391
390
388
392
391
396
392
388
383
386
387
392
385
385
388
388
389
386
385
389
386
382
381
380
379
380
382
382
380
384
385
390
389
387
380
381
382
391
388
385
385
387
387
387
388
384
387
384
390
387
382
379
382
386
389
387
389
392
393
394
396
394
389
389
391
390
390
392
388
386
393
391
385
385
388
395
390
392
393
396
396
394
385
387
389
395
390
390
392
394
396
392
388
384
385
391
385
381
382
387
389
387
388
394
393
396
395
389
383
388
396
393
389
392
392
392
391
391
395
391
391
386
387
388
388
391
391
390
389
392
393
390
386
387
389
387
390
388
389
390
392
386
383
384
384
389
387
388
388
390
387
392
391
387
381
386
385
387
386
387
387
388
392
390
393
385
385
386
386
389
388
390
387
389
384
392
388
381
377
379
381
386
380
382
384
386
386
388
386
381
380
381
378
380
380
386
384
382
382
384
384
383
384
384
378
373
373
380
381
381
379
377
383
384
387
385
390
394
393
386
389
392
393
396
392
392
395
396
396
399
396
392
385
390
394
394
390
392
396
396
397
395
390
390
392
393
392
392
392
396
394
396
395
393
395
398
398
395
395
394
402
398
392
391
393
394
396
393
391
392
396
404
399
400
405
408
404
407
404
407
415
420
414
413
414
417
415
407
411
423
420
423
420
423
430
431
431
428
425
430
432
428
425
421
428
429
424
420
416
417
426
429
427
425
425
438
438
436
429
430
431
431
421
423
423
433
428
422
424
427
439
432
437
437
452
449
446
441
440
437
430
434
435
430
426
423
422
425
432
418
418
417
416
424
422
418
419
422
424
433
426
425
419
420
428
423
421
422
421
436
425
423
423
422
425
418
417
416
416
427
421
418
421
421
428
421
416
418
416
418
422
420
414
418
421
425
420
415
412
417
418
413
418
412
409
411
408
406
414
412
410
411
409
409
421
414
406
408
405
414
416
412
409
416
423
414
418
415
419
432
429
429
425
424
428
428
417
415
413
416
422
415
416
414
420
420
416
412
416
419
424
429
423
424
424
425
425
432
424
426
421
419
423
423
431
428
420
419
418
415
421
423
417
418
418
421
429
422
417
422
421
435
440
436
434
433
431
440
435
427
421
423
427
428
427
426
428
441
443
443
442
444
456
453
445
441
446
452
445
443
440
444
447
448
439
437
438
445
449
440
438
440
450
448
440
439
442
445
436
436
438
438
442
434
431
434
440
445
438
438
443
452
443
443
443
445
456
446
443
440
439
451
440
440
438
440
445
441
435
438
438
443
439
432
430
432
433
437
431
428
431
437
442
436
432
434
432
433
438
438
435
430
429
433
440
442
435
435
436
439
438
435
428
430
428
427
427
427
441
446
442
446
438
436
438
438
439
431
430
432
437
439
431
434
434
439
443
433
431
435
438
440
435
438
441
447
445
438
441
386
510
444
438
441
445
437
439
441
452
450
452
454
458
452
453
457
457
449
438
441
443
451
441
440
440
444
455
445
443
444
443
451
439
436
438
440
446
438
438
437
449
438
438
435
446
435
434
435
438
442
434
432
433
435
442
433
435
434
436
445
442
442
436
441
443
446
444
449
447
439
442
451
451
440
439
440
444
436
431
428
429
434
423
426
426
433
437
433
429
427
433
436
434
427
428
431
438
430
428
428
430
433
426
422
422
421
431
423
422
416
418
428
422
420
415
418
423
421
414
409
410
412
416
411
408
410
419
418
414
409
413
417
422
414
413
414
423
421
416
410
411
420
418
417
411
411
421
416
411
402
407
413
409
411
408
411
414
412
411
413
415
416
416
413
411
414
410
410
412
413
405
408
411
406
405
409
409
401
405
404
400
407
406
401
401
401
407
407
405
397
401
407
406
411
413
408
408
414
415
411
410
407
415
409
405
405
403
411
410
404
400
405
412
408
413
411
414
415
416
411
416
417
417
410
406
406
407
407
403
396
396
396
404
396
400
400
398
406
404
400
400
400
404
404
403
396
395
402
400
396
397
397
396
400
396
390
388
391
395
392
397
396
396
398
401
394
393
395
394
397
398
395
391
391
393
396
393
389
390
392
395
393
391
383
386
392
391
388
389
393
393
394
395
389
383
387
393
390
391
392
393
396
396
388
390
394
394
395
397
395
394
394
399
397
395
391
395
396
395
389
388
393
395
394
391
390
392
391
393
395
387
384
387
392
393
390
394
392
396
397
394
390
391
394
395
395
393
397
396
395
392
390
392
392
396
396
397
396
396
393
396
400
397
399
396
396
397
400
396
394
397
397
401
396
394
391
394
393
392
388
392
394
395
391
384
386
388
392
389
385
390
390
392
392
388
380
381
388
388
384
385
387
389
392
387
382
380
384
386
383
381
380
384
382
383
382
384
382
388
383
379
374
376
376
383
379
376
378
381
386
386
384
384
387
389
385
380
382
389
385
386
386
385
389
386
381
386
387
385
378
380
383
383
380
380
381
384
384
381
382
379
383
381
376
371
377
378
379
376
373
381
378
379
376
380
375
385
381
377
371
370
376
378
373
369
368
370
376
376
370
369
370
373
373
370
372
375
375
375
374
374
377
380
375
380
376
377
376
375
382
381
377
382
381
385
385
385
387
391
387
381
380
384
387
386
383
385
385
384
389
388
382
378
378
378
383
384
379
380
380
382
379
383
381
381
379
384
380
386
379
385
377
374
376
374
379
375
376
380
379
378
377
374
377
379
375
376
376
371
372
371
373
373
375
377
373
376
377
380
377
378
377
380
376
378
376
377
371
370
370
371
372
374
373
372
373
377
378
378
375
378
379
378
372
368
367
375
376
369
370
370
377
374
371
374
371
374
373
373
375
377
377
373
367
368
370
373
365
367
366
369
370
370
366
366
369
367
365
364
368
369
368
369
364
368
367
369
371
366
362
360
366
368
363
358
355
365
363
358
356
356
363
363
358
355
354
359
359
362
360
358
361
367
363
361
360
368
368
362
363
366
364
369
369
367
363
366
364
369
366
369
368
370
373
370
365
368
364
371
370
362
359
359
366
366
359
357
360
360
363
360
355
358
355
363
361
358
355
358
358
358
362
364
356
356
355
358
359
362
355
356
355
357
361
362
354
356
354
356
359
361
358
359
357
359
355
356
355
357
356
358
361
363
356
358
356
361
359
360
364
364
358
358
359
363
361
358
359
356
363
360
357
358
348
370
357
354
336
378
337
373
355
354
354
352
353
350
355
354
354
351
350
352
355
355
351
351
351
352
355
355
351
351
351
354
353
353
347
352
350
355
355
353
349
351
350
354
355
354
350
350
351
356
354
351
350
351
358
354
350
350
351
355
354
354
351
352
352
354
353
354
354
357
354
352
352
355
358
353
358
354
356
358
356
354
351
359
362
356
353
354
354
361
362
359
353
353
358
361
356
354
354
360
359
355
354
354
359
360
355
354
354
358
358
354
354
354
359
359
354
354
354
354
359
358
352
353
351
354
352
354
353
354
355
356
353
351
350
353
354
355
351
350
350
353
353
349
348
348
354
354
348
348
346
353
353
348
346
345
354
354
346
347
345
354
352
350
345
347
352
352
349
347
345
352
350
347
346
347
346
348
346
340
345
350
342
343
343
342
340
344
342
338
343
343
347
344
343
342
344
345
349
352
348
344
345
349
350
346
344
346
348
348
344
341
343
344
344
341
340
340
340
342
342
347
344
343
340
345
342
347
349
346
342
342
348
350
346
344
341
348
350
348
344
346
347
350
348
345
344
348
346
346
340
342
346
342
338
341
341
338
339
339
336
336
342
343
344
340
338
350
344
340
348
347
343
341
350
352
346
345
343
350
349
344
345
346
347
344
341
345
348
341
343
338
338
336
343
345
338
339
341
338
346
346
342
341
337
346
345
340
340
348
344
344
341
342
342
344
340
339
341
341
339
337
335
335
339
342
340
336
336
342
344
339
338
340
343
346
343
340
342
343
341
344
343
341
337
340
347
340
338
337
337
336
337
335
343
344
338
337
335
343
343
339
337
339
346
342
339
340
346
341
340
340
343
341
339
337
340
342
336
335
333
334
333
337
334
331
335
339
339
337
335
335
336
338
341
343
340
337
337
342
342
339
336
340
340
335
335
338
339
336
335
334
333
333
333
340
332
336
335
340
336
335
338
339
340
341
333
339
344
340
336
343
341
338
337
344
338
336
341
340
336
335
338
337
337
334
333
335
341
333
337
340
341
337
335
342
343
339
336
342
344
343
339
339
344
343
339
339
342
339
338
335
343
338
334
335
335
336
335
332
332
338
337
336
333
336
339
336
334
340
339
336
335
341
342
341
336
337
338
341
337
336
337
333
337
340
333
333
332
334
332
333
331
331
337
334
334
333
341
336
336
333
342
340
336
331
341
340
335
335
340
338
335
336
340
336
332
335
335
331
336
332
331
328
328
334
327
331
332
335
331
331
329
337
335
332
335
337
333
334
339
337
333
334
336
336
329
336
334
329
328
327
332
326
328
332
331
329
327
335
332
330
330
337
332
331
334
332
328
331
329
328
327
326
326
335
327
329
334
334
329
333
336
330
332
338
332
331
335
334
328
338
331
328
327
328
330
329
328
328
330
335
332
331
327
335
334
330
331
337
334
332
330
335
331
329
336
327
326
325
329
329
325
327
334
330
329
327
336
332
330
330
335
333
329
326
333
332
325
325
325
326
330
323
327
328
332
328
325
333
331
331
330
330
332
327
327
331
326
323
324
327
326
325
326
329
331
329
327
326
335
332
328
331
330
332
330
326
326
327
328
323
326
328
330
326
324
334
329
327
328
332
326
327
334
325
324
324
326
328
323
326
328
331
326
325
334
329
327
326
330
326
326
325
323
320
323
328
324
324
324
330
324
325
325
327
321
320
321
322
322
324
324
323
321
321
329
327
321
321
325
322
320
317
322
322
323
326
324
322
321
329
322
321
329
324
321
319
320
323
320
321
325
326
322
323
329
323
322
330
320
324
323
320
319
321
324
321
319
328
324
322
324
325
321
322
324
320
318
320
324
323
321
318
327
325
320
321
324
321
318
318
319
321
321
319
317
326
321
321
327
321
320
324
321
317
319
325
319
319
323
324
323
321
323
322
319
319
320
316
319
325
320
319
325
322
317
323
321
318
316
320
323
323
319
317
329
322
320
321
322
318
318
321
316
318
322
320
320
317
325
321
316
324
318
315
317
322
317
317
326
320
320
320
322
317
317
315
321
315
317
324
319
317
325
320
316
323
317
317
314
317
321
321
317
318
324
318
318
323
316
315
316
320
317
315
323
319
319
321
317
320
320
317
314
316
323
317
317
321
319
317
320
318
315
316
318
314
316
315
319
318
316
319
315
323
315
317
316
314
316
322
315
317
318
323
320
318
322
319
318
322
316
316
317
321
317
316
324
318
317
326
321
317
322
319
315
315
315
321
317
317
318
320
315
322
316
318
318
315
313
313
320
314
316
320
317
316
318
318
313
314
315
317
314
313
319
315
314
322
314
317
316
313
313
313
318
313
315
314
319
318
312
316
315
313
312
314
316
313
314
319
313
314
318
313
312
314
313
313
318
314
313
321
315
313
320
310
312
314
315
313
312
318
315
315
319
315
312
313
314
310
312
319
313
312
319
315
313
319
313
311
312
316
311
313
317
315
313
318
313
313
316
313
310
313
314
310
312
319
313
313
318
312
312
312
312
311
313
317
312
310
322
313
313
320
313
313
310
314
311
313
318
313
313
319
314
312
320
312
309
309
317
314
311
311
318
312
313
315
309
309
315
308
309
316
313
312
311
314
310
311
310
313
312
315
310
312
316
312
314
313
309
309
314
308
310
316
311
309
318
312
309
313
311
308
309
312
310
307
317
310
310
317
308
313
313
309
309
313
311
311
312
313
310
317
313
311
314
313
309
310
313
309
309
314
309
309
317
313
311
313
313
307
312
312
305
308
315
307
310
312
313
309
309
312
310
306
313
307
308
310
311
309
310
313
311
307
311
309
305
313
308
308
315
308
310
313
308
310
313
306
305
312
304
308
313
307
309
313
308
313
308
309
311
307
304
313
312
308
313
310
310
313
309
309
313
305
308
312
307
308
315
308
308
316
311
308
313
312
309
306
316
312
308
308
314
311
311
307
317
313
312
309
317
314
313
313
317
318
313
315
315
321
316
317
319
322
319
320
314
327
326
323
317
327
328
327
318
332
329
328
318
330
331
326
327
321
332
331
327
322
333
330
328
324
332
331
330
336
332
321
336
337
333
325
342
335
334
331
340
336
332
333
341
340
332
341
342
340
331
344
344
340
334
347
340
338
333
346
342
342
338
342
348
340
340
348
340
336
344
345
349
346
336
354
341
343
341
346
346
350
338
350
354
351
343
355
354
355
352
352
357
351
348
352
355
356
353
354
346
360
354
353
351
362
355
349
363
360
355
351
365
356
355
358
357
353
357
357
363
363
359
364
363
359
354
367
360
351
366
365
356
354
368
359
356
368
361
361
360
356
368
363
366
363
356
367
365
363
359
367
364
356
370
368
361
364
372
370
366
364
378
372
369
372
378
372
363
378
372
371
370
375
374
365
377
380
374
368
385
373
367
387
377
374
378
388
380
373
394
386
378
389
392
383
375
394
385
382
384
389
384
376
395
388
384
383
396
389
387
388
390
393
397
396
392
388
402
396
394
388
401
400
401
398
395
410
397
396
392
409
399
396
409
404
401
398
409
401
402
403
403
403
404
409
408
407
408
413
407
408
418
413
408
407
421
407
411
420
413
411
410
415
415
420
421
414
414
422
414
412
411
423
414
415
416
419
424
424
413
418
427
417
420
422
418
422
422
428
423
421
424
416
421
417
411
414
421
418
418
422
421
422
428
426
421
416
414
422
419
418
427
424
429
418
419
420
419
418
418
425
421
424
438
424
431
435
427
436
432
427
433
438
436
431
437
438
434
437
433
431
432
434
432
431
433
439
436
439
443
446
430
441
442
441
438
441
445
445
444
440
442
441
435
438
441
439
436
440
445
441
447
455
437
445
455
445
451
453
452
443
446
455
451
456
455
461
459
450
471
459
461
466
423
494
460
478
478
473
473
481
468
467
475
469
468
468
467
464
469
455
455
455
457
459
450
445
451
450
453
451
450
447
451
442
451
454
459
449
455
460
451
459
461
460
453
459
460
448
447
454
455
444
449
451
440
446
448
445
442
447
454
449
456
461
457
450
455
461
463
456
463
466
457
466
466
467
460
467
470
460
460
462
471
466
467
470
472
460
465
475
466
470
476
474
468
472
477
469
470
469
477
466
471
471
471
458
469
471
472
467
472
479
469
474
476
473
478
479
477
476
479
474
473
473
479
480
479
483
480
476
477
481
480
476
478
484
479
478
486
473
477
484
479
480
483
483
476
478
480
475
472
474
479
473
478
483
480
479
483
486
482
484
486
487
484
481
479
472
478
477
473
479
480
479
480
480
479
481
482
480
480
469
475
474
474
468
473
472
473
477
471
472
478
477
473
474
481
478
479
472
476
474
473
479
477
479
482
481
480
483
487
481
487
490
491
490
494
490
489
488
494
484
488
486
484
481
479
485
476
479
479
472
467
472
478
470
477
472
473
475
467
463
473
476
473
479
475
479
487
480
483
486
486
480
480
488
484
483
488
477
479
479
479
476
476
487
478
480
485
479
479
481
478
476
481
483
486
481
488
495
490
491
496
490
490
495
497
493
495
501
492
492
495
495
488
490
492
487
485
491
488
481
484
488
481
483
490
478
484
484
479
479
481
487
479
481
482
476
481
486
484
484
485
488
480
484
490
479
479
483
486
480
485
486
482
482
485
481
479
484
487
483
489
489
484
480
482
492
482
486
486
482
478
480
482
479
478
479
482
474
476
480
482
480
485
488
486
481
487
491
484
486
488
484
480
484
487
486
481
486
493
488
487
490
491
485
486
494
490
484
489
495
487
493
498
487
487
491
494
490
495
497
498
492
491
496
485
479
480
481
476
474
475
479
477
475
479
479
477
476
479
479
477
479
483
479
478
482
483
478
480
485
478
479
483
483
480
478
485
488
486
482
479
483
493
487
484
489
488
481
483
489
478
480
479
481
478
475
472
475
475
474
477
468
466
468
477
473
470
472
480
474
474
478
491
480
485
498
487
484
488
490
483
483
496
491
489
495
502
493
496
501
498
491
496
497
489
493
498
492
494
496
492
493
499
496
494
493
499
487
493
494
492
488
490
503
494
500
506
498
500
503
501
497
498
502
498
495
496
505
497
501
500
500
493
492
492
498
496
492
497
501
489
493
496
489
492
497
492
490
493
501
492
496
502
497
493
495
498
490
492
493
488
482
489
495
489
495
496
499
489
493
495
494
487
484
485
493
494
492
491
483
484
485
476
473
475
477
475
480
481
477
479
489
485
485
485
499
496
498
503
500
496
502
500
496
501
504
497
503
509
504
501
505
509
501
502
506
490
490
498
500
488
494
496
495
488
494
501
494
498
499
490
490
492
490
484
482
486
482
482
485
495
487
493
497
488
486
489
495
486
491
493
492
490
489
498
485
482
487
494
482
486
487
496
490
494
501
492
494
501
502
495
499
500
492
491
497
491
490
493
499
497
493
496
505
501
505
507
498
499
501
503
491
494
497
492
493
495
502
495
502
507
500
506
510
498
497
501
500
491
497
500
492
492
491
500
490
494
497
489
487
493
496
494
496
501
506
500
500
511
503
499
495
494
503
501
501
494
500
506
502
503
504
507
497
502
506
497
495
502
503
499
502
508
498
500
499
504
498
499
505
498
493
497
502
489
490
491
499
497
498
505
504
502
505
508
505
505
498
500
499
499
490
489
497
494
500
493
493
499
502
502
498
498
507
499
501
506
502
501
501
499
498
491
488
496
487
485
483
494
492
488
490
495
492
491
503
497
497
494
504
499
498
505
495
494
495
495
482
486
486
482
481
485
489
488
489
499
498
499
507
497
498
505
495
491
495
496
493
491
491
498
497
493
492
503
490
490
493
497
488
492
492
495
489
491
499
496
499
498
494
495
497
487
493
492
496
491
490
501
490
490
496
497
488
493
494
495
492
493
502
498
495
494
503
498
491
489
496
490
488
487
492
493
494
494
491
506
495
495
497
496
491
499
493
493
493
490
498
495
498
488
487
493
486
483
486
481
490
490
491
497
495
494
489
490
493
490
486
490
493
496
495
488
489
499
490
491
499
496
497
494
500
497
507
512
510
508
506
506
501
495
491
494
489
486
486
491
492
497
494
506
500
496
496
506
502
496
493
494
493
490
496
493
489
487
494
491
487
498
490
490
492
497
496
502
501
502
507
501
499
497
500
493
493
500
500
494
498
499
503
498
498
500
496
506
504
498
500
505
499
496
495
504
495
502
507
509
507
507
519
517
515
515
521
521
524
522
522
522
518
515
511
501
499
515
504
505
506
519
514
517
520
520
521
522
510
512
518
512
506
502
503
508
507
511
512
514
515
517
523
520
522
520
526
526
521
523
525
525
527
526
539
545
549
548
560
557
555
556
560
551
551
551
551
539
540
541
545
536
534
539
543
549
550
558
566
566
563
565
565
560
554
551
551
550
550
551
555
563
565
564
570
575
574
567
570
574
577
576
576
585
594
593
600
615
612
602
604
607
600
594
593
593
587
582
584
587
583
579
582
586
580
583
590
589
580
580
581
576
572
575
578
576
575
578
583
579
578
573
582
563
568
566
563
560
558
562
555
554
554
557
551
554
557
559
555
562
566
567
563
559
555
555
556
563
564
565
568
576
570
574
580
590
588
589
595
601
598
595
599
606
602
592
592
595
586
577
571
574
578
584
584
587
591
583
585
589
590
591
587
590
597
601
597
600
611
608
606
608
617
621
621
613
613
612
596
595
598
593
584
583
587
586
585
590
600
597
592
584
592
577
576
567
562
556
553
556
546
551
558
566
575
584
598
610
601
601
606
596
591
593
595
581
583
586
590
588
595
604
619
613
611
610
604
582
581
584
578
568
570
568
566
566
566
578
578
585
595
596
594
598
599
588
585
588
587
575
577
579
585
588
588
596
611
619
614
618
622
605
609
604
594
578
581
580
575
580
586
600
602
608
616
619
608
608
608
595
591
590
591
585
587
591
597
585
583
586
578
566
568
567
556
550
549
552
548
554
562
572
583
588
596
607
606
600
597
602
599
592
592
593
590
585
587
595
592
595
605
607
602
602
598
591
583
581
579
584
593
593
599
611
611
605
608
612
612
607
614
619
612
611
617
620
612
609
612
612
609
602
602
605
604
607
602
604
611
612
603
603
612
620
625
616
618
628
624
624
616
621
627
626
616
614
624
623
616
616
625
621
617
616
625
626
627
610
601
597
598
582
581
583
578
572
567
575
567
569
569
574
566
567
578
570
573
584
587
584
588
590
583
574
574
578
580
582
591
598
611
604
608
609
609
591
584
579
569
560
559
558
559
569
582
605
633
642
637
639
618
621
618
599
593
593
588
582
582
584
594
603
606
606
622
623
609
608
609
605
594
597
597
599
590
586
598
583
576
579
586
584
582
578
587
589
590
592
599
600
591
601
597
594
588
591
589
584
594
593
593
588
591
588
582
577
582
581
582
582
593
597
597
597
608
610
609
614
614
609
605
611
610
603
591
603
606
614
625
628
644
640
633
624
621
611
603
597
591
584
581
584
573
573
575
582
588
591
592
604
607
609
607
611
607
602
595
596
590
586
578
583
587
597
606
624
643
646
638
642
633
615
604
604
597
592
586
595
601
604
598
603
603
601
595
600
590
590
586
592
590
588
587
595
601
604
605
615
620
620
619
618
619
618
617
613
618
621
616
609
608
607
604
593
599
596
596
593
602
604
602
594
596
588
584
577
580
578
583
587
597
600
597
606
604
600
592
594
589
581
575
575
571
573
575
593
612
633
640
653
661
646
638
629
609
605
599
594
589
583
587
586
591
590
603
605
606
606
602
596
592
588
584
578
581
579
574
575
581
588
589
602
605
605
600
605
611
612
614
625
636
634
631
624
628
624
617
620
628
631
633
633
640
639
635
631
638
631
627
624
629
630
633
629
637
634
628
621
630
632
630
625
636
639
634
634
642
641
632
630
633
630
626
622
624
609
595
599
597
597
593
587
599
602
604
598
606
604
601
589
589
583
584
585
590
592
594
602
607
609
604
607
603
596
589
588
583
582
578
581
584
587
582
596
598
600
596
603
599
595
592
589
581
581
578
578
577
581
587
603
606
604
611
614
608
601
602
593
576
566
552
546
553
557
568
602
629
651
632
612
601
601
598
595
593
591
586
580
572
567
562
563
564
557
557
561
564
564
563
566
567
561
557
553
563
560
556
557
568
566
555
549
548
551
556
560
557
562
556
551
555
556
563
578
601
626
627
632
645
646
644
640
624
617
617
616
613
605
605
607
601
589
592
597
585
582
587
593
598
618
621
623
614
609
615
609
602
602
604
594
594
600
601
596
598
610
611
607
590
590
593
581
570
564
567
563
563
557
564
563
564
570
586
600
599
604
609
607
598
599
595
590
582
593
599
602
606
621
627
618
609
622
616
608
601
601
589
577
567
563
558
569
584
605
606
639
649
643
639
635
621
605
604
598
592
583
587
589
597
596
621
645
652
657
663
653
624
608
605
597
591
581
589
583
576
574
578
582
589
584
598
603
604
594
601
600
599
592
603
604
603
601
604
607
608
610
611
611
610
600
595
590
593
592
584
597
602
604
602
609
616
612
612
614
619
614
598
604
601
591
596
588
583
585
581
578
574
568
563
556