483
493
508
525
530
530
544
552
550
540
539
540
540
522
528
521
522
533
536
533
537
548
568
567
579
584
584
563
568
568
562
553
561
562
552
569
592
606
586
569
565
550
548
550
539
527
525
536
551
562
551
542
555
562
573
565
554
551
563
576
575
566
561
567
566
556
539
542
558
583
603
591
610
619
611
587
591
591
584
577
584
582
568
571
570
564
569
570
564
560
568
570
569
555
545
546
540
525
519
518
522
538
563
582
585
642
667
685
648
609
584
583
575
576
573
563
556
562
558
546
556
565
573
584
582
570
578
589
602
614
611
597
590
585
586
588
585
576
574
577
593
584
566
581
596
609
611
611
601
589
596
602
619
630
630
617
601
604
613
617
612
603
599
608
608
601
610
616
616
602
597
598
598
591
577
580
587
591
588
584
596
602
587
562
565
561
553
538
523
514
514
510
505
508
535
583
618
620
647
658
650
610
599
609
607
604
591
583
582
576
563
552
553
566
547
551
556
562
561
551
560
566
577
577
576
576
584
587
582
578
588
594
585
574
588
604
628
621
610
624
631
645
632
613
616
619
617
599
584
587
594
599
590
589
602
619
610
602
594
593
593
587
582
575
591
601
602
596
610
625
611
601
607
612
614
601
589
595
598
602
589
585
597
613
623
620
619
635
623
606
605
604
593
580
576
585
597
607
604
599
613
628
613
594
582
578
572
562
549
537
540
540
559
585
599
597
611
626
648
642
623
624
629
626
607
592
584
586
606
614
620
658
681
678
677
684
682
673
649
641
647
646
627
609
585
584
584
589
583
576
572
586
603
620
620
615
624
632
645
636
629
629
639
647
646
633
628
620
603
581
590
591
577
572
568
569
563
580
597
601
597
598
603
605
610
605
606
617
629
644
650
632
620
612
606
612
606
597
581
588
593
591
594
603
614
622
626
628
628
616
604
620
623
619
606
611
617
610
612
615
624
613
588
569
563
578
592
621
644
700
715
719
708
680
651
651
661
649
626
610
608
617
617
614
611
618
633
637
626
617
631
637
646
626
606
620
625
632
637
635
617
607
610
601
589
603
620
642
649
625
626
632
631
619
606
614
628
635
637
626
607
628
633
634
630
614
621
623
612
598
598
599
599
587
580
590
603
589
575
585
591
590
578
565
565
565
563
556
551
557
564
562
553
548
551
553
544
532
537
542
538
528
518
516
515
513
508
506
511
510
509
503
507
510
515
512
504
501
505
510
508
502
490
489
487
482
481
479
482
487
485
479
476
479
481
479
477
476
479
478
473
469
463
459
456
453
451
446
446
447
446
443
442
445
452
456
459
460
473
493
500
495
488
491
489
480
472
468
468
469
465
460
456
452
454
457
462
461
460
457
461
461
459
461
467
472
474
474
474
480
490
497
498
495
488
494
501
510
512
510
515
524
538
534
527
535
548
569
570
554
556
564
578
571
555
558
566
586
572
557
571
587
586
577
563
576
589
592
586
585
603
617
605
590
601
605
604
592
589
603
610
593
572
578
582
590
588
606
619
634
634
664
661
629
618
631
645
639
625
637
647
636
611
594
606
621
637
629
623
642
644
650
614
593
571
562
564
566
558
549
546
572
594
620
614
613
626
632
632
619
599
603
607
609
598
592
628
634
637
621
605
615
621
611
590
585
601
620
618
599
592
605
617
627
613
599
612
609
607
590
579
594
605
611
591
579
589
599
604
593
593
598
587
565
552
563
570
565
547
544
551
560
553
549
569
586
590
574
596
603
604
591
580
595
596
582
558
560
560
541
535
541
541
537
563
594
604
592
610
599
599
586
563
571
572
582
574
571
599
618
627
621
646
660
678
637
613
627
621
615
601
585
595
601
604
595
591
606
615
605
584
588
596
597
581
595
607
617
600
583
595
606
617
602
598
605
607
598
577
593
596
596
576
567
580
579
564
561
564
566
556
551
569
578
581
569
552
558
567
582
586
575
576
586
594
583
564
561
565
580
584
589
593
634
647
634
605
618
635
649
630
614
627
621
616
587
578
587
609
616
614
611
632
677
667
646
630
642
631
611
599
613
627
640
619
599
618
621
629
605
580
569
566
557
548
545
562
581
595
584
584
608
616
632
610
586
577
582
579
572
560
560
579
605
603
587
614
628
624
603
609
617
605
588
577
577
579
562
558
571
589
618
610
590
614
617
622
598
602
609
615
584
571
578
585
582
566
547
545
552
551
551
541
533
527
521
518
528
549
558
563
582
600
601
583
602
606
618
598
580
582
594
606
609
594
595
610
622
608
590
596
599
592
576
577
597
608
597
582
603
618
633
606
613
616
603
590
605
613
607
585
568
576
584
569
558
579
595
607
594
617
626
604
565
570
569
566
567
553
536
540
542
542
539
536
532
528
526
542
568
575
608
632
646
626
603
618
611
609
584
579
594
596
584
595
602
617
635
624
579
548
552
539
522
520
510
503
501
494
490
490
486
482
473
468
464
463
454
448
447
445
441
438
433
434
437
438
438
438
436
438
438
437
439
437
439
438
439
441
447
446
443
444
442
441
438
437
433
430
426
426
426
424
418
417
416
419
417
416
416
421
427
438
451
467
471
487
502
497
496
503
504
512
504
501
489
494
497
488
492
490
489
489
488
487
485
485
483
483
485
486
488
497
502
516
536
556
587
609
612
607
585
583
576
570
562
544
559
535
548
548
551
530
544
552
549
540
551
556
548
530
531
546
557
552
529
532
532
531
528
515
515
518
528
535
531
524
533
544
547
537
529
536
545
531
515
524
532
533
524
524
531
540
532
519
514
519
517
512
502
490
482
477
465
462
453
457
471
499
509
489
492
507
522
521
507
521
532
554
551
535
533
534
532
532
529
513
512
518
522
525
531
530
521
534
551
571
560
559
559
544
533
516
508
506
509
508
493
491
491
493
497
502
505
503
490
484
484
487
483
471
476
483
489
490
489
511
528
546
558
554
536
528
518
511
506
503
501
509
515
532
544
554
563
567
564
561
549
545
540
532
518
517
518
522
527
525
530
537
543
528
514
505
500
503
502
498
491
482
476
479
485
490
506
526
543
544
535
545
552
559
561
549
541
537
524
545
543
536
524
521
511
505
505
508
506
505
499
492
490
482
479
481
484
503
547
628
665
645
604
600
574
563
552
541
533
528
517
512
502
498
509
540
567
595
594
579
562
533
514
506
500
494
489
495
523
552
564
592
625
626
608
601
590
562
534
518
508
506
504
504
498
492
488
485
478
477
479
490
513
524
514
504
492
488
492
506
508
500
496
507
507
507
501
492
494
491
487
480
470
463
459
462
458
451
447
446
446
447
446
458
478
501
519
521
510
503
521
530
521
522
521
527
516
514
521
520
520
511
512
519
526
528
522
529
534
539
539
535
521
518
523
527
527
523
529
537
542
533
535
547
557
555
532
519
515
499
493
487
484
482
482
477
491
505
513
515
507
509
517
532
528
518
519
516
507
507
504
500
501
494
493
499
507
510
524
523
538
536
530
524
516
509
500
492
483
479
479
483
489
495
497
509
529
545
542
526
527
531
525
510
494
482
480
491
513
543
566
567
563
585
572
565
552
528
525
521
506
508
512
515
517
511
500
501
505
510
515
520
528
564
609
632
628
633
644
654
649
619
612
604
591
569
551
534
521
528
544
561
565
559
567
588
603
617
588
583
578
565
542
536
541
548
551
539
522
530
538
543
562
569
551
527
527
525
525
522
513
497
489
490
485
477
478
471
474
476
477
476
485
496
512
521
520
520
535
546
546
546
528
513
511
517
522
526
519
518
521
524
523
516
507
504
506
505
506
503
501
504
511
520
520
515
508
504
501
501
498
488
479
479
483
482
480
477
476
479
483
482
482
485
499
520
530
518
500
502
504
509
508
505
501
499
501
499
492
485
482
484
491
495
499
501
492
492
491
479
472
473
476
477
479
485
497
497
500
498
491
483
478
475
473
472
468
463
455
451
450
447
450
458
466
480
485
488
492
490
485
479
470
459
458
459
461
465
461
457
459
467
474
475
466
465
463
467
472
477
477
468
463
469
470
477
474
469
462
457
453
445
446
449
448
450
447
445
442
443
451
453
446
449
450
451
451
447
451
454
453
450
444
438
437
436
433
430
428
426
422
424
424
426
428
428
425
428
434
439
440
441
438
437
437
439
437
440
440
440
440
440
438
437
435
435
432
432
431
430
428
427
423
423
420
420
416
416
415
414
413
413
412
412
409
412
406
408
408
408
406
408
409
413
410
414
410
413
416
417
417
421
423
425
423
423
418
421
424
426
431
435
435
433
433
435
434
435
430
429
430
433
435
438
436
438
439
444
444
446
442
442
441
443
446
445
441
444
445
450
452
454
456
463
467
463
457
455
450
449
453
460
462
459
455
449
446
448
447
448
446
447
442
444
445
448
448
445
441
447
456
463
467
461
448
446
441
435
429
432
431
431
430
427
418
424
418
418
417
421
415
414
411
408
406
408
411
406
400
397
393
396
393
396
396
401
394
391
384
386
389
389
385
383
382
384
385
389
391
390
387
388
384
384
382
386
385
389
387
390
389
393
389
390
386
386
387
389
393
394
396
400
403
401
398
404
399
402
402
408
407
404
403
407
407
408
410
406
397
398
399
402
403
409
404
403
403
399
403
404
406
408
404
402
401
402
395
398
396
401
397
396
394
391
392
389
391
394
393
392
390
385
381
382
384
390
388
389
390
394
392
394
389
386
387
391
392
389
388
388
389
388
388
386
383
383
380
383
379
381
375
380
376
379
379
384
382
384
383
385
382
382
383
386
387
382
383
382
385
386
389
390
386
385
383
382
381
387
389
393
391
394
391
392
394
394
389
390
392
392
393
390
389
388
395
394
396
396
394
393
387
390
388
391
389
391
388
388
384
389
388
388
387
385
380
379
380
383
384
383
382
379
377
375
376
377
380
381
379
379
375
375
374
373
372
375
374
375
372
376
372
313
437
384
378
376
373
373
374
375
376
377
375
375
375
375
373
373
373
372
374
370
369
369
368
370
374
373
375
368
370
368
371
371
374
370
373
367
371
373
376
377
381
380
378
377
379
374
376
377
376
376
372
373
371
375
374
375
373
372
370
375
377
378
378
380
377
374
374
373
373
371
376
376
380
374
377
373
378
376
380
378
378
371
373
374
380
380
382
381
379
379
381
379
377
381
383
382
377
378
376
376
376
376
375
373
368
369
367
373
373
373
371
369
371
371
371
370
372
372
374
370
372
370
373
374
380
377
377
371
372
369
371
371
374
372
371
369
371
372
377
376
380
378
375
374
373
371
371
371
371
371
367
369
369
372
374
375
373
374
372
373
375
376
378
379
377
373
374
374
373
375
377
375
375
370
373
371
374
374
376
371
372
366
368
368
370
372
373
372
372
370
374
374
377
376
377
373
372
371
374
372
373
371
370
369
365
366
363
361
364
367
367
367
362
362
361
363
366
367
365
364
360
360
361
363
365
366
366
366
363
366
363
369
368
368
364
365
364
367
366
366
363
362
358
361
360
363
362
363
361
361
356
359
359
363
363
363
360
361
357
359
354
356
356
357
359
361
361
361
357
357
356
360
363
366
365
366
361
364
364
367
368
370
369
368
365
367
367
368
370
371
370
368
365
368
367
368
368
372
370
368
365
368
368
370
370
370
369
365
364
367
367
370
370
371
368
367
365
367
367
370
370
370
369
366
366
368
370
371
371
371
370
366
366
365
364
365
364
363
365
363
364
364
364
366
366
367
367
365
366
367
367
368
368
368
367
366
366
367
368
367
368
366
366
365
365
364
364
364
365
363
363
361
360
362
362
364
363
361
362
364
364
368
368
369
368
365
365
367
368
369
368
367
365
361
359
361
362
363
364
365
362
359
357
359
360
364
363
363
361
359
356
358
359
361
361
363
361
359
356
360
363
365
366
364
363
361
356
357
357
358
359
359
356
356
353
354
353
356
356
356
354
354
350
352
349
353
354
355
353
352
351
350
353
351
354
354
352
348
351
350
354
348
350
345
351
348
354
351
354
350
352
347
348
347
348
350
352
350
351
345
344
348
347
349
348
348
347
347
344
344
342
346
349
347
349
347
346
343
349
349
352
350
351
347
350
353
353
349
350
350
354
353
354
348
349
346
350
350
351
351
349
348
348
349
350
352
352
352
349
349
345
346
345
348
348
347
347
345
346
346
348
347
349
342
345
341
346
341
345
345
348
342
340
340
344
344
341
339
339
341
342
342
341
342
340
340
338
335
341
341
341
336
338
336
340
341
337
338
337
338
337
341
342
336
340
338
340
341
342
342
340
341
344
343
344
344
344
348
344
347
347
347
348
346
348
346
350
349
351
348
350
348
351
351
353
349
354
352
353
354
353
352
354
354
354
356
355
354
356
358
357
360
361
353
357
356
356
357
356
356
356
356
358
352
355
355
355
359
363
359
358
359
360
360
363
366
367
368
368
364
368
372
373
380
384
381
383
382
373
377
379
380
385
387
388
385
384
381
386
389
388
389
389
383
385
387
390
390
389
383
384
385
388
388
390
390
381
385
387
389
392
396
395
395
393
383
388
389
392
396
398
396
396
397
397
398
398
389
394
396
398
403
407
407
407
406
403
401
396
399
403
406
407
409
407
405
405
403
404
404
403
404
402
407
415
418
421
424
424
425
425
423
421
418
416
418
419
418
420
420
418
416
411
406
407
404
415
420
424
427
425
425
425
422
417
425
429
434
437
438
437
436
432
426
426
431
435
437
437
435
431
424
423
427
432
434
434
434
432
429
427
423
428
433
434
436
435
430
429
427
420
414
416
419
424
426
424
425
423
424
424
423
420
426
429
436
439
441
442
439
437
435
430
425
423
415
417
421
423
426
429
427
428
426
421
418
415
420
422
425
426
425
425
423
419
423
427
427
428
430
427
426
420
415
417
417
419
419
420
418
414
416
421
427
428
427
423
425
431
432
431
425
426
427
432
430
432
424
423
424
423
422
419
418
417
409
408
407
410
410
413
413
411
407
411
411
416
416
417
418
416
410
413
415
417
423
423
423
423
423
423
420
417
422
427
430
435
433
431
428
422
422
422
416
415
416
418
424
427
429
430
426
426
428
432
437
438
435
437
434
427
424
422
424
426
424
426
425
421
418
419
428
434
435
438
436
435
433
435
439
442
439
441
438
432
431
433
434
433
426
430
430
431
432
428
422
425
423
425
423
419
416
416
413
407
407
409
412
412
414
414
406
409
413
415
416
416
411
411
413
416
421
423
422
418
416
420
417
417
416
412
406
408
409
412
405
402
403
401
400
394
394
392
394
393
394
396
394
391
387
386
380
379
378
376
378
380
380
380
376
377
377
377
378
380
380
380
379
374
374
376
378
380
383
384
384
378
378
379
379
383
386
385
385
382
381
380
381
382
384
384
382
380
379
381
379
379
380
381
379
378
375
376
374
373
375
377
375
376
375
375
373
374
373
372
373
376
375
375
373
374
372
373
369
371
370
371
371
376
373
376
371
373
366
371
367
369
369
373
372
375
373
376
371
375
371
375
372
376
377
380
376
377
370
375
369
374
370
374
372
375
369
372
364
368
365
369
368
374
370
375
370
374
369
375
373
377
376
379
375
374
370
374
373
376
376
378
374
375
371
378
378
386
385
385
382
383
382
383
384
385
384
385
385
379
379
376
379
378
381
382
381
383
379
377
380
380
386
389
392
391
388
388
384
385
381
385
383
387
384
385
381
381
374
377
374
381
382
385
385
387
387
385
387
389
388
387
388
387
385
386
384
380
381
379
382
379
382
382
382
377
375
373
377
381
383
381
379
379
378
379
380
382
378
378
374
375
375
378
373
374
371
374
373
376
372
377
374
373
367
369
365
365
365
369
367
368
362
366
365
366
365
371
372
375
373
375
370
373
370
375
374
378
378
379
375
376
369
372
371
376
375
379
379
381
382
379
378
382
383
387
385
385
381
379
379
376
377
375
377
376
378
381
383
380
378
372
373
372
373
375
375
374
375
374
375
372
376
378
382
383
384
384
384
381
380
380
384
385
385
384
383
380
374
374
371
371
373
376
373
372
367
368
367
369
370
374
370
372
367
371
370
376
374
375
367
372
369
374
372
373
369
369
363
367
364
367
367
371
370
372
369
369
363
367
364
366
365
370
369
372
368
369
363
367
364
366
366
371
370
372
367
368
362
365
363
365
367
370
367
369
364
365
361
364
362
364
368
370
367
368
364
366
362
367
368
368
364
363
363
368
366
367
363
365
363
369
370
370
363
364
361
362
364
368
363
364
359
359
356
358
361
362
359
361
360
360
359
360
361
362
365
365
364
362
360
357
358
361
364
365
365
359
360
361
363
360
360
358
357
359
362
363
361
357
359
360
359
362
362
361
360
354
357
359
356
359
361
361
362
363
359
359
358
361
363
362
358
359
360
362
363
362
363
361
363
368
366
364
363
366
368
371
366
368
366
368
370
369
368
366
365
366
364
366
367
368
364
364
363
365
365
364
365
365
367
370
367
369
369
373
376
372
373
375
374
377
373
373
374
374
377
379
380
380
372
372
370
372
372
369
365
367
369
373
374
368
373
378
379
383
383
380
384
386
388
387
384
383
384
385
386
377
380
381
381
384
382
380
380
379
381
381
379
380
381
383
381
377
378
381
380
376
373
372
371
369
369
367
365
369
363
363
362
365
363
363
361
365
366
366
364
366
364
368
369
366
367
366
368
370
366
368
368
369
372
371
370
370
368
370
369
368
369
369
363
362
362
361
362
364
363
361
355
357
357
356
359
358
354
355
356
357
357
360
357
358
360
362
363
369
369
370
368
371
373
375
377
376
374
374
375
376
378
379
375
378
374
377
373
374
372
374
372
373
367
368
368
367
369
372
370
374
374
369
373
371
374
378
378
381
373
375
375
374
376
376
370
371
374
376
379
381
377
380
378
379
380
379
378
370
372
375
374
377
377
375
375
375
374
377
373
378
374
372
370
372
370
373
372
370
371
370
372
374
373
369
370
369
369
372
371
370
365
368
369
369
372
373
371
371
372
371
369
367
370
371
371
373
373
370
369
370
370
371
365
368
368
368
370
374
374
376
374
374
374
370
373
377
377
379
380
376
378
376
379
380
376
378
377
379
381
381
381
381
381
382
377
377
380
384
385
390
390
393
393
393
393
389
396
400
404
410
409
410
409
405
402
396
396
397
396
397
396
395
394
391
389
387
387
392
393
396
396
397
398
396
396
399
400
402
403
403
403
400
394
393
391
392
388
386
385
382
381
382
377
374
371
374
376
378
380
380
378
378
381
385
391
393
394
398
394
397
398
402
403
398
398
398
400
400
398
398
392
392
393
392
390
390
388
385
378
379
378
377
377
379
375
374
372
372
373
374
376
372
370
372
375
376
377
379
379
377
373
375
375
374
375
373
373
373
373
375
372
370
372
376
376
380
379
376
376
376
379
380
375
378
375
379
380
381
378
379
380
384
381
382
383
383
384
382
379
380
377
380
379
377
377
375
378
378
372
373
370
374
371
372
368
367
365
367
364
366
363
363
363
366
362
362
358
361
359
358
363
364
361
360
357
358
358
358
359
359
358
360
358
356
354
354
354
356
355
361
359
360
357
360
357
361
363
365
365
364
361
362
358
359
362
361
363
364
363
364
359
363
363
363
362
366
360
362
361
363
358
355
354
357
352
355
356
354
354
350
351
354
351
354
354
354
349
351
349
350
350
354
351
349
349
351
348
351
352
352
352
354
354
353
346
348
347
346
348
351
346
347
344
347
345
348
350
348
343
346
347
346
348
350
347
348
346
351
349
350
351
351
347
351
353
354
354
351
349
353
350
354
352
351
349
348
348
352
349
350
350
352
352
350
349
350
344
346
349
351
352
350
349
351
348
352
354
353
351
350
349
350
347
352
347
347
344
348
345
349
341
345
344
343
345
348
346
346
343
345
345
344
345
348
346
347
348
345
348
349
345
346
343
347
345
349
349
347
344
346
344
348
348
349
348
349
345
350
349
354
353
352
351
352
352
354
353
355
352
352
352
353
355
356
354
354
349
351
349
348
350
351
347
349
342
347
345
346
346
350
352
354
351
352
352
354
353
354
355
355
352
352
348
352
352
355
354
352
353
351
353
353
354
355
354
354
354
357
355
357
354
354
351
354
352
352
352
351
354
354
353
351
347
348
344
348
347
351
348
349
348
345
347
347
346
349
350
349
345
348
346
350
350
351
348
350
349
350
351
353
352
353
353
348
349
347
352
348
351
350
350
351
352
351
349
348
345
348
347
350
347
348
340
342
339
343
340
345
343
345
341
342
340
341
341
343
343
343
341
337
338
336
336
337
339
340
340
339
337
337
334
338
336
339
336
339
334
336
334
336
335
336
337
336
338
340
336
334
333
334
333
335
337
339
337
337
335
338
337
341
340
344
342
343
338
343
340
346
346
351
351
353
347
348
345
345
346
349
349
349
345
342
342
342
344
346
347
346
345
343
343
344
343
346
347
348
347
345
344
346
345
349
348
350
345
346
342
348
346
350
347
350
345
349
347
350
347
349
346
349
347
348
344
345
344
345
346
348
350
347
345
344
345
347
350
353
354
352
350
347
348
346
349
349
352
350
349
347
346
348
349
350
349
349
349
351
351
353
348
349
348
352
352
354
352
353
345
347
341
345
342
347
341
343
341
345
344
345
338
340
337
337
340
341
342
336
336
334
337
337
340
340
340
336
337
335
333
338
337
339
337
338
332
335
329
336
332
337
336
338
335
335
334
334
336
335
335
334
335
332
333
332
329
334
333
337
333
336
329
332
328
333
329
336
335
337
336
335
334
334
336
338
340
339
340
337
338
335
333
337
337
341
338
339
334
336
332
336
334
339
337
336
337
336
332
329
334
335
338
338
340
337
337
335
334
337
333
334
332
335
333
336
331
334
329
329
332
333
336
335
335
333
335
332
334
334
332
338
337
338
331
335
330
335
331
337
336
337
336
335
332
331
335
335
338
339
340
336
335
335
335
338
338
339
335
339
334
337
331
334
337
339
337
337
338
340
339
335
338
340
342
340
339
336
335
334
338
338
336
336
330
335
334
337
331
335
330
328
333
332
332
326
328
324
327
328
327
328
329
331
329
330
326
329
325
324
329
330
330
329
327
325
326
325
324
328
327
330
323
327
324
326
325
327
330
330
328
325
327
325
328
325
328
332
330
331
327
332
327
331
328
332
334
333
332
328
331
327
329
329
330
334
331
332
327
331
327
330
328
330
334
332
329
331
332
332
335
332
330
332
330
332
331
333
331
335
331
330
328
327
327
328
328
328
330
327
324
325
326
328
323
327
324
327
324
325
325
320
324
324
327
328
328
327
325
326
321
328
325
330
329
332
329
328
326
323
328
327
331
331
331
330
328
327
322
332
328
333
330
332
329
330
329
326
329
329
329
329
331
329
327
328
326
328
325
327
325
329
325
327
324
325
327
325
325
323
325
325
322
328
323
323
321
324
323
329
324
324
324
320
324
323
326
324
324
321
322
325
323
323
320
324
320
322
324
326
324
323
325
324
327
324
325
323
325
327
323
326
325
329
325
332
324
328
327
327
331
330
328
324
326
324
324
327
327
327
319
323
322
323
323
328
322
323
328
326
323
325
323
324
329
328
326
328
326
328
325
330
325
327
322
324
325
324
321
320
322
320
318
323
321
318
316
318
318
319
322
323
320
318
318
319
318
321
321
321
316
320
316
322
321
325
326
322
323
321
323
323
322
327
326
325
320
325
320
323
325
327
326
321
325
322
326
327
328
331
325
329
323
328
327
327
328
328
324
325
327
328
331
327
325
330
330
331
329
330
327
330
329
334
336
336
334
330
334
336
339
340
336
333
331
335
334
334
327
330
327
332
331
334
331
331
326
328
330
328
334
328
326
329
328
330
326
329
325
328
324
324
328
327
323
323
324
322
323
326
326
322
321
324
321
327
324
325
321
318
322
322
326
322
318
324
320
321
316
324
317
315
320
320
317
317
316
316
316
321
314
318
313
318
315
318
319
317
315
314
316
313
314
318
316
317
313
320
314
313
320
319
317
316
320
317
316
321
318
318
315
320
319
324
320
319
318
318
323
320
320
317
316
317
315
320
317
317
315
319
318
314
317
313
314
317
316
314
313
314
312
315
316
313
313
310
314
312
315
317
313
313
313
314
314
316
316
313
315
314
319
316
311
315
313
313
311
313
311
313
313
309
313
310
308
312
309
310
307
309
309
310
306
311
310
311
311
311
309
310
310
311
312
305
310
308
308
307
310
308
309
311
305
312
309
306
311
309
310
307
311
309
311
310
308
312
308
311
312
309
310
309
311
309
311
313
307
313
310
309
312
310
311
308
310
311
312
312
307
312
306
312
311
311
306
309
308
310
310
310
306
307
306
311
310
309
305
308
307
309
310
309
304
307
304
311
309
306
306
304
306
307
311
306
305
305
305
310
309
310
307
302
308
305
311
309
307
307
305
310
309
313
306
307
308
307
309
310
308
308
308
311
305
312
307
308
310
311
309
307
310
309
307
312
306
309
305
308
308
310
308
303
309
304
310
309
306
305
306
306
307
309
307
302
307
303
308
307
305
303
304
306
305
309
306
304
304
304
310
308
307
306
307
307
305
310
307
305
307
305
306
305
312
305
303
308
305
307
305
309
303
306
307
302
307
305
302
306
306
306
303
308
301
304
307
303
305
303
304
308
305
308
303
308
307
311
306
307
307
302
308
305
301
308
306
305
304
308
303
305
307
302
307
303
308
307
305
302
305
304
306
306
306
303
305
306
310
305
304
303
304
308
305
309
306
302
306
304
310
308
306
305
300
307
303
309
308
307
305
304
305
308
275
340
305
307
304
308
308
310
304
307
305
305
308
307
308
305
306
308
303
310
304
306
309
308
307
303
308
307
304
308
306
305
307
308
308
310
310
310
309
306
312
307
306
309
308
308
305
311
308
306
309
306
305
306
309
304
304
308
303
305
303
304
304
305
301
304
302
303
306
304
301
303
300
307
302
300
302
300
302
302
299
301
302
298
300
301
300
302
301
300
299
302
305
300
300
299
297
306
301
299
301
298
300
301
305
298
300
300
296
303
299
300
301
296
301
300
299
302
300
297
299
302
298
298
301
296
302
299
297
300
300
299
301
299
304
299
301
300
298
299
303
298
299
302
299
302
302
298
300
301
298
299
302
298
298
302
298
301
300
300
299
300
296
300
299
298
299
300
294
299
298
299
299
300
295
299
299
296
298
298
294
299
295
300
301
298
296
300
299
301
301
298
299
300
302
303
299
300
297
298
300
297
299
299
297
299
299
303
298
299
299
295
300
301
296
299
298
297
299
300
300
294
299
297
296
298
300
294
297
299
295
300
297
298
300
299
294
301
295
298
299
295
294
298
294
297
297
293
297
296
300
295
296
296
294
300
298
293
297
294
294
298
296
296
296
294
295
300
292
296
295
292
297
294
296
299
296
295
295
297
296
298
293
296
295
295
299
296
292
297
295
301
296
293
294
292
297
297
292
295
293
292
293
296
291
294
291
293
294
292
293
294
288
294
291
295
293
289
295
292
296
293
293
292
290
297
295
291
293
292
292
296
294
293
294
291
295
293
294
297
295
293
294
291
297
295
290
295
293
293
294
297
292
294
292
293
295
292
295
296
292
294
293
294
293
295
291
290
295
293
291
294
287
297
292
292
293
290
292
292
294
293
293
293
290
257
332
295
292
290
293
295
295
294
290
291
293
297
289
293
292
289
296
293
290
293
288
295
293
288
293
288
293
293
290
292
287
293
291
291
292
288
293
288
294
291
291
287
290
293
292
289
290
287
291
292
290
291
287
287
291
293
288
287
288
288
295
287
288
288
285
295
289
286
289
284
292
287
286
289
284
290
286
288
289
284
287
288
286
289
285
290
285
290
287
288
287
286
293
288
287
289
285
292
290
288
286
284
291
289
285
287
284
290
290
284
288
285
288
290
285
287
287
287
289
289
286
286
285
288
291
285
287
286
285
290
287
286
286
283
293
286
285
287
282
290
287
284
285
282
288
287
283
286
280
291
283
285
287
285
285
285
293
285
286
285
283
294
284
284
286
281
289
287
284
286
281
289
284
287
287
284
288
285
291
286
288
285
283
289
287
284
287
282
289
284
286
287
287
285
287
292
287
286
285
284
289
287
287
288
287
288
287
295
286
288
289
284
291
290
287
289
285
293
287
295
290
290
288
287
292
292
293
290
290
291
292
294
292
290
291
289
291
295
288
291
285
293
286
292
288
289
289
286
579
289
286
284
288
288
289
286
286
286
285
291
285
285
282
285
289
283
284
282
284
285
285
285
284
285
287
287
285
286
283
283
288
282
284
281
284
285
284
285
281
286
282
286
283
286
283
282
288
284
283
281
282
288
280
282
282
282
284
282
284
284
281
285
286
282
283
280
282
286
280
283
279
285
283
283
283
280
283
282
283
284
282
285
281
286
283
285
282
280
287
285
282
283
280
289
281
284
283
284
284
286
286
285
282
281
285
284
282
282
280
284
257
312
284
282
280
284
286
281
282
278
284
283
280
281
280
282
285
282
281
282
280
283
284
282
284
283
281
284
286
281
282
279
282
285
280
282
279
284
282
285
282
282
279
280
289
280
281
277
285
279
280
280
284
279
284
282
281
281
276
285
278
279
277
283
279
282
279
283
279
277
284
278
280
276
283
278
282
279
282
280
279
282
280
278
275
283
279
279
277
276
285
278
279
275
281
281
279
280
280
278
279
283
279
278
275
287
278
281
278
279
280
285
280
278
274
280
281
278
278
281
277
280
279
281
279
276
287
276
278
274
283
277
279
277
283
277
282
279
279
277
277
286
278
278
282
277
282
278
279
276
278
287
277
279
276
283
279
279
281
277
275
284
278
279
275
283
276
281
278
281
277
280
283
278
279
276
284
278
279
278
278
279
282
279
279
273
288
276
278
276
282
280
280
281
280
273
287
277
278
275
285
278
279
280
278
276
286
277
279
275
286
279
280
278
280
277
283
282
278
273
286
279
279
278
279
279
282
280
278
275
284
279
279
276
282
282
277
280
283
280
282
279
285
280
283
281
284
281
283
284
284
283
283
288
283
285
282
288
283
287
283
287
284
288
285
286
286
287
286
287
285
287
282
292
285
287
285
290
286
288
287
285
288
285
290
285
289
283
289
287
288
290
288
287
287
288
285
293
287
289
288
289
288
288
289
287
289
288
292
289
287
290
289
291
290
286
295
290
291
288
292
287
290
291
288
293
291
293
289
291
291
290
291
289
293
286
294
291
293
288
290
292
295
294
295
294
295
294
294
294
295
294
294
295
294
295
294
292
295
295
294
298
290
298
294
298
299
296
299
296
299
291
304
296
297
296
301
299
297
302
296
303
298
300
301
301
300
298
305
299
304
300
301
305
302
305
299
303
303
304
303
304
303
302
304
306
300
308
301
306
300
309
305
304
304
304
306
303
303
308
303
307
302
308
304
307
306
303
306
306
305
304
304
308
301
309
305
305
303
305
307
303
304
307
303
305
305
305
301
304
306
307
304
306
306
304
307
306
305
306
306
307
306
307
308
304
308
307
308
303
306
310
307
307
308
308
309
311
310
307
311
313
311
311
311
309
313
312
312
309
312
313
312
312
312
313
313
313
312
312
312
314
311
311
313
311
314
311
313
312
312
315
308
314
315
313
314
312
314
314
315
314
313
315
318
313
317
315
317
319
318
320
314
317
321
319
319
320
316
320
320
321
316
318
320
318
319
320
318
320
322
321
321
320
321
323
319
325
321
322
323
320
325
324
321
321
321
324
318
324
323
323
324
322
324
324
326
325
323
324
328
323
325
326
325
327
322
325
324
326
327
322
325
329
327
325
329
326
328
327
326
327
329
330
325
327
329
328
329
330
328
329
330
328
332
327
331
325
330
330
330
329
333
329
331
330
329
331
332
331
333
330
333
329
331
334
333
331
336
332
335
334
330
334
333
334
336
336
333
336
334
337
335
336
337
337
338
339
337
340
343
336
341
344
341
342
342
341
343
342
339
341
343
341
341
341
343
339
341
342
342
341
345
342
345
344
344
343
345
338
344
344
343
341
344
342
343
341
343
343
344
340
344
344
339
344
342
345
343
343
345
344
346
346
343
346
348
342
348
348
346
345
349
348
348
350
348
351
350
348
350
352
347
350
350
350
347
350
352
353
353
352
354
352
352
353
353
352
354
354
354
354
356
354
357
357
355
358
355
356
354
357
356
355
356
357
354
354
355
354
354
356
354
356
354
357
357
356
357
358
359
355
358
357
358
358
358
357
359
360
355
359
357
359
360
358
356
357
359
358
355
359
356
360
358
359
361
361
361
364
355
361
361
360
360
364
360
364
362
363
363
365
359
363
363
364
361
363
361
363
362
358
361
355
361
362
359
361
359
357
358
358
357
355
356
359
355
358
359
358
355
359
358
356
359
356
360
357
357
356
360
357
355
358
355
356
359
358
362
360
356
355
357
357
360
359
360
362
362
361
361
362
362
364
361
362
362
363
361
360
360
361
361
358
362
361
363
361
363
362
364
364
361
361
364
363
360
366
360
362
364
359
361
362
361
361
364
362
364
362
365
366
365
362
364
363
362
363
362
362
362
362
364
363
364
364
367
363
367
369
365
368
370
369
367
372
371
373
372
372
371
371
372
369
370
369
367
369
369
368
368
370
370
370
369
373
368
368
372
369
373
369
372
370
368
369
369
368
369
371
373
372
373
372
374
373
367
372
372
369
371
371
370
371
369
370
367
369
370
371
365
368
369
369
370
367
367
367
369
366
365
365
364
366
367
362
365
365
364
362
366
358
364
364
364
362
366
363
367
366
364
366
366
367
367
370
367
371
371
370
369
370
372
374
370
373
373
373
372
375
372
373
372
374
376
372
375
375
372
374
373
372
368
371
373
374
374
371
373
371
373
374
372
371
371
370
373
374
374
373
369
370
372
372
373
370
371
372
369
369
372
374
371
372
367
374
372
372
373
371
373
374
373
375
373
377
376
375
376
376
378
377
374
375
375
376
374
373
375
373
370
371
373
369
370
372
372
371
370
368
370
371
372
374
368
370
373
372
369
371
369
372
370
367
367
370
371
369
366
366
368
368
365
366
364
365
364
368
368
369
363
366
367
368
364
369
366
370
370
362
368
369
369
367
371
368
372
371
369
370
374
372
368
372
373
374
369
373
372
373
373
374
370
374
374
367
372
374
372
369
373
373
373
369
371
374
371
370
372
372
371
374
371
373
372
370
372
374
368
372
372
372
369
373
372
373
369
372
373
373
370
372
374
373
373
372
376
375
368
372
375
374
370
374
374
375
374
371
372
373
375
373
372
374
377
371
375
376
374
371
376
372
376
373
375
374
376
373
375
374
369
375
375
371
374
369
372
374
369
372
371
371
369
373
368
372
368
372
373
374
371
373
376
374
374
372
376
375
370
374
378
376
375
379
380
380
378
381
384
383
380
383
382
386
385
383
384
387
384
384
385
385
386
384
384
386
388
381
385
386
387
384
386
383
387
387
386
382
384
381
385
386
383
387
387
389
389
383
384
387
386
389
384
384
382
385
385
385
383
382
384
385
385
385
382
383
387
381
386
386
386
386
384
384
380
383
384
384
381
382
383
383
380
380
377
380
383
380
378
379
376
378
380
380
377
379
378
379
380
377
380
377
378
379
377
376
382
374
379
381
380
378
383
383
382
382
380
383
385
382
387
385
383
385
385
387
387
384
384
385
382
388
386
387
386
385
388
387
386
387
390
386
389
385
387
391
390
390
387
385
385
387
389
390
384
384
387
384
386
390
387
384
384
384
384
385
387
385
382
383
387
385
389
386
387
386
389
391
392
385
388
391
389
393
392
386
388
387
388
390
391
387
390
385
386
389
387
385
386
384
387
388
387
390
386
388
391
391
389
389
389
393
391
387
390
386
388
389
388
387
384
385
388
387
385
387
386
388
391
387
390
389
388
387
380
382
382
383
380
380
380
382
377
381
381
380
379
381
380
380
380
380
383
379
382
384
382
379
381
380
380
381
379
382
379
379
380
381
378
379
381
378
379
377
379
379
372
375
377
371
373
373
373
374
373
373
376
375
374
376
377
373
378
378
375
380
376
380
378
376
378
380
375
378
379
378
373
373
373
376
375
373
376
371
372
375
375
378
376
376
378
378
374
374
375
377
377
373
376
380
375
377
378
378
377
380
377
381
385
384
383
384
386
385
382
383
388
382
384
384
385
385
383
385
389
386
382
386
384
387
390
384
386
385
385
388
386
383
385
382
384
389
389
384
387
387
388
389
392
393
385
389
389
388
390
393
395
395
388
391
393
391
393
395
396
395
391
392
394
394
396
397
395
393
389
391
394
392
396
397
396
396
388
389
392
388
391
393
392
391
393
393
392
388
389
391
390
392
392
387
391
391
387
387
388
386
391
389
385
389
387
389
386
385
385
387
389
390
388
389
393
390
389
387
386
388
389
389
389
387
391
387
386
387
387
388
390
389
392
387
386
386
386
388
389
386
390
391
387
390
393
390
391
390
394
395
390
393
395
396
399
393
398
400
402
402
400
400
401
400
402
401
402
404
403
403
407
406
405
408
410
410
410
410
414
409
414
415
416
415
413
415
417
410
415
414
417
411
412
413
412
413
411
411
414
413
412
413
415
415
409
411
412
412
413
410
412
415
413
412
409
412
411
406
400
400
399
401
402
404
408
405
402
403
401
402
405
401
401
402
403
404
400
403
406
402
401
399
399
402
401
403
399
394
393
395
395
396
394
391
393
389
391
393
392
388
387
385
388
388
392
390
387
391
393
387
388
389
389
389
391
391
391
396
396
395
397
399
397
398
399
400
401
397
397
395
396
392
390
390
393
396
393
396
398
397
397
395
397
399
396
395
395
394
396
393
394
394
396
396
396
392
397
396
395
394
396
396
401
395
401
402
398
402
409
410
407
411
405
409
412
418
417
417
423
423
416
419
420
422
425
428
431
423
427
427
426
429
434
433
427
429
433
424
425
428
435
429
432
433
434
439
435
433
433
431
431
429
428
430
422
421
418
417
419
423
419
420
423
426
428
430
433
434
435
438
433
427
425
423
422
420
424
425
426
418
415
419
429
429
438
455
455
450
465
464
453
457
458
460
463
452
454
452
448
447
446
436
436
434
436
435
427
424
427
429
422
418
419
422
427
425
428
434
431
431
431
432
433
437
436
428
428
426
430
429
422
421
428
431
426
433
438
435
439
444
447
455
455
447
452
450
440
447
440
439
439
441
443
448
449
440
440
439
439
439
441
444
443
437
437
438
435
440
439
435
436
437
438
438
439
440
435
435
436
438
436
428
427
429
432
439
439
432
434
438
442
437
438
443
442
434
432
433
435
434
434
438
438
428
427
426
426
425
428
428
430
433
433
426
426
427
430
422
423
425
432
431
425
430
438
435
440
441
441
443
448
447
440
438
438
440
439
436
431
433
433
430
428
427
421
425
424
418
417
421
425
423
426
427
433
433
436
438
438
439
437
429
426
423
421
419
422
419
421
420
414
413
417
421
421
425
425
427
431
437
438
437
432
436
436
438
438
430
434
430
435
436
434
427
429
431
437
439
437
435
440
447
445
442
447
446
450
450
450
455
456
447
451
456
458
452
452
455
462
467
463
462
466
473
477
470
467
470
478
474
466
468
468
474
473
463
469
473
467
468
471
480
482
474
478
483
490
480
484
484
488
482
473
473
476
477
473
468
475
480
481
474
482
489
498
496
483
489
487
491
487
478
478
478
469
469
475
474
466
469
472
473
474
478
479
469
469
470
464
454
456
457
464
461
458
466
470
463
467
468
476
477
473
463
464
463
466
463
455
456
460
464
466
460
471
473
467
478
480
473
477
478
479
482
474
482
478
467
462
462
465
466
467
459
466
468
470
463
463
462
469
471
464
467
469
470
462
465
466
471
470
460
461
463
465
465
460
466
468
467
473
472
467
475
479
476
474
479
477
471
472
475
472
464
469
467
462
459
461
464
464
459
465
470
472
471
476
482
481
475
480
478
473
465
468
469
469
461
465
469
469
461
464
465
467
459
465
471
471
463
468
473
473
467
465
462
463
461
459
448
450
451
454
451
452
460
467
465
468
478
484
481
481
487
493
484
486
492
490
477
479
479
477
468
469
471
468
465
470
477
474
476
485
480
483
484
474
481
484
487
481
479
485
485
479
484
487
491
483
485
489
490
479
478
477
479
472
476
479
474
479
485
484
477
482
485
483
481
485
487
480
490
495
501
495
495
501
501
489
496
499
500
491
496
499
504
503
497
502
508
506
499
508
507
499
506
512
511
505
505
511
509
498
506
504
494
497
486
491
495
487
493
496
487
495
501
500
490
493
496
492
482
486
488
482
493
498
492
509
511
502
518
516
504
519
512
502
505
502
492
496
493
484
493
495
489
498
502
499
495
504
502
491
497
499
495
487
485
478
482
484
477
485
490
484
493
489
492
498
486
496
495
482
485
482
470
472
472
470
469
458
455
458
466
465
474
471
479
479
470
479
482
474
481
477
467
465
463
459
445
450
450
453
451
449
453
449
457
462
468
474
470
469
470
464
461
461
460
450
455
458
459
459
452
459
463
466
463
473
479
481
481
486
486
484
490
485
488
489
489
491
491
490
486
486
482
478
480
486
495
500
498
498
515
521
513
522
526
527
529
529
512
515
512
510
511
505
505
507
510
515
514
507
517
518
510
519
519
526
523
516
523
525
526
518
516
518
521
520
512
518
523
524
520
521
526
528
523
516
521
522
518
503
506
503
498
499
499
491
494
498
500
494
499
504
512
512
505
513
516
518
513
506
506
506
502
493
498
503
510
510
510
496
508
513
512
512
512
507
494
501
503
505
503
490
492
491
495
496
501
514
529
533
534
550
554
550
535
549
548
542
530
538
539
523
530
531
525
520
521
517
507
515
519
510
521
525
516
525
520
526
523
521
521
522
523
524
520
517
518
520
513
522
526
526
517
521
529
534
522
537
533
519
527
529
532
525
526
527
530
524
521
527
533
538
544
543
534
536
534
534
522
526
526
531
533
528
531
535
535
523
530
530
532
525
519
521
523
523
517
520
521
522
516
518
520
522
520
512
516
520
518
504
505
505
507
509
505
517
524
524
515
522
522
520
510
515
515
514
502
506
506
508
506
505
509
514
515
508
513
515
520
518
508
514
515
512
498
505
508
512
512
506
513
517
521
512
513
512
509
500
499
500
499
497
491
495
496
498
488
495
496
495
488
485
487
487
485
481
482
486
485
482
472
477
471
477
479
481
471
479
486
491
498
506
506
504
508
513
506
506
505
498
488
488
487
492
497
493
498
501
500
501
499
499
496
493
489
484
479
479
479
482
473
477
479
486
495
500
490
493
494
497
496
496
492
489
488
479
475
471
469
468
466
470
475
484
504
512
510
508
528
525
513
523
527
535
533
514
521
523
524
525
517
517
515
503
511
508
501
507
516
510
528
529
519
520
522
527
518
522
519
507
506
498
498
497
489
492
490
485
486
493
501
507
499
500
500
500
496
494
490
487
484
481
480
483
483
484
475
484
490
487
501
509
500
505
507
509
510
510
508
508
505
493
491
489
489
489
489
490
489
492
494
497
505
503
497
495
498
506
506
512
509
502
507
510
504
501
506
509
506
512
517
513
516
517
520
525
524
521
509
509
510
509
504
507
507
506
506
513
521
529
522
537
547
556
544
551
548
536
533
532
529
527
520
522
529
537
532
549
558
567
566
565
555
545
549
550
546
535
537
542
540
531
540
545
544
542
551
533
550
551
555
548
540
542
544
540
520
526
521
520
520
520
512
509
502
499
499
502
489
492
496
504
508
502
514
518
514
521
523
525
518
512
513
513
506
506
507
510
515
515
505
505
501
505
502
499
502
502
504
506
505
499
490
492
503
513
513
529
536
556