1156
1189
1079
1032
989
1001
1059
1048
1007
914
888
883
919
972
993
1056
1148
1147
1117
1078
1071
1124
1099
1091
1099
1001
991
1061
1065
1033
991
989
984
941
931
650
311
938
962
980
960
985
938
956
993
969
1013
973
999
972
952
970
939
960
942
938
933
907
910
954
982
979
1067
1069
1032
1090
1120
1079
1014
1074
1128
1088
1104
1099
1084
1065
1019
1019
954
947
975
1102
1265
1147
1128
1031
1008
1042
1033
1055
1102
996
970
966
979
1229
1133
1152
1098
1010
1050
1190
1136
1124
1210
1172
1115
1149
1132
1189
1234
1170
1246
1196
1053
1019
1095
1130
1094
1180
1303
1183
1176
1208
1129
1096
1100
1049
987
1098
1050
1078
1151
1112
1110
1180
1120
1173
1225
1184
1220
1239
1131
1070
1138
1202
1144
1116
1138
1131
1100
1152
1206
1143
1175
1167
1089
1137
1213
1146
1199
1224
1127
1108
1169
1168
1134
1219
1262
1152
1187
1211
1135
1147
1194
1099
1065
1166
1264
1151
1118
1200
1301
1198
1054
1043
1145
1209
1135
1064
1051
1084
1099
994
997
1030
1070
1124
1158
1224
1220
1179
1259
1192
1125
1188
1215
1160
1192
1201
1081
1082
1107
1092
1001
1027
1144
1241
1162
1054
1097
1151
1172
1105
1070
1117
1198
1133
1194
1138
1021
1000
1007
919
1008
1025
1060
1061
1121
1150
1101
1135
1135
1048
1122
1172
1131
1187
1173
1067
1092
1154
1171
1115
1149
1224
1191
1302
1270
1231
1272
1222
1191
1198
1145
1105
1169
1165
1123
1155
1212
1102
1080
1142
1099
991