641
659
648
651
647
649
646
662
681
715
716
709
710
696
680
656
641
654
656
657
645
625
599
589
601
622
632
648
659
653
648
632
614
598
581
571
560
557
557
573
642
730
771
700
688
653
629
400
832
641
688
724
712
697
686
659
630
601
580
568
560
566
588
608
617
610
608
611
618
615
636
695
771
879
871
842
814
774
717
683
681
679
671
662
661
659
679
740
747
705
682
644
613
599
606
637
656
668
659
655
660
681
725
771
759
789
716
691
664
645
638
642
641
626
609
591
576
575
604
730
791
776
699
647
635
628
632
637
642
641
636
630
625
608
598
607
626
652
675
665
652
641
621
601
594
596
613
630
643
639
633
633
616
616
617
599
584
566
555
554
555
575
620
655
679
676
676
665
658
657
665
676
667
653
645
636
629
627
634
650
646
640
622
512
675
570
563
569
581
594
610
607
608
612
628
625
617
615
608
603
603
608
620
631
642
654
661
685
711
723
727
712
704
706
707
693
686
668
653
637
647
678
710
715
701
696
680
667
672
730
773
779
647
849
687
652
651
686
712
714
720
698
667
627
608
624
638
688
708
722
705
683
690
703
735
729
721
739
722
706
694
674
661
670
684
685
690
694
673
662
648
640
628
656
701
730
718
561
849
675
663
650
651
677
683
698
687
671
667
657
658
662
663
673
681
665
652
633
608
591
572
563
556
560
577
655
689
709
686
694
682
647
600
570
562
559
564
592
638
676
705
698
688
695
704
701
689
685
670
669
670
681
670
659
647
631
624
614
607
600
598
598
582
579
581
588
603
599
604
598
589
579
570
577
583
605
607
604
446
754
584
568
558
556
559
560
564
565
563
560
551
546
543
544
549
552
558
553
544
538
531
527
532
537
554
559
562
552
541
533
526
520
518
517
514
514
512
517
512
515
513
511
511
517
525
545
557
558
556
555
554
548
544
542
547
550
546
541
269
793
520
513
504
496
493
495
496
500
1013
509
511
510
509
517
519
526
718
343
533
529
528
524
524
525
522
1033
509
504
499
499
500
506
508
1021
508
509
506
514
522
530
700
363
533
530
531
537
299
781
532
526
521
521
521
521
928
623
509
506
500
500
1001
502
504
503
508
520
532
543
549
547
549
544
540
540
535
531
519
510
512
506
504
510
516
519
520
521
517
518
521
522
538
540
537
537
533
527
523
526
527
527
528
522
519
520
527
534
537
534
526
518
516
512
520
526
528
519
523
520
517
517
521
531
535
538
533
527
525
520
521
523
520
523
520
519
517
515
512
508
515
519
528
531
531
529
526
522
521
518
521
518
522
518
515
510
511
510
519
527
524
525
516
505
499
498
498
505
518
532
550
559
558
552
547
542
534
534
537
531
523
517
515
511
513
521
525
523
528
523
524
522
532
536
538
538
535
529
530
532
530
528
520
518
514
514
509
515
505
505
503
502
511
521
528
534
532
529
530
530
538
547
548
546
539
533
527
524
519
514
507
507
502
497
492
486
485
485
483
479
484
490
494
491
491
494
489
488
485
496
498
506
514
515
512
513
514
509
504
499
495
490
488
489
494
496
498
500
503
504
504
499
500
505
504
505
498
496
490
486
486
487
489
491
484
487
484
482
481
484
485
486
483
483
482
482
481
486
488
485
485
482
481
479
479
480
480
482
478
478
476
474
472
471
473
476
481
477
476
472
473
471
471
473
477
474
472
471
469
469
467
470
466
466
464
463
462
459
458
460
461
460
462
459
460
459
460
461
468
467
468
468
465
466
464
463
461
460
457
455
455
454
454
456
458
459
459
459
458
457
459
460
464
466
467
463
464
463
463
464
461
463
459
458
457
456
455
453
455
454
455
456
452
453
452
452
453
456
460
466
464
462
461
462
463
463
462
463
461
463
460
458
462
461
458
456
457
456
454
454
454
450
448
447
445
447
445
445
444
443
442
441
443
441
442
440
440
439
438
438
438
439
439
438
438
436
437
435
437
437
437
438
438
438
436
438
438
438
440
439
437
437
437
437
437
437
436
436
435
434
433
435
435
435
435
437
437
434
435
431
430
427
427
427
427
426
426
424
426
427
425
429
430
433
430
431
429
431
430
430
432
432
432
432
432
434
434
433
434
435
435
435
431
431
430
430
428
428
427
423
422
423
421
422
424
423
425
418
422
423
425
426
428
430
434
434
431
431
430
428
427
425
422
419
420
421
419
419
421
424
431
429
432
431
430
429
431
432
433
438
441
447
447
449
446
444
442
442
438
438
436
435
434
437
438
435
436
435
433
434
433
435
438
437
440
437
436
438
437
437
437
434
436
434
431
432
433
435
434
430
427
427
428
427
425
425
421
424
425
423
424
423
423
423
422
421
422
420
422
422
421
420
417
417
418
418
417
414
411
413
413
412
412
411
407
404
404
405
404
406
402
401
399
399
396
400
398
397
396
396
395
390
391
394
392
390
388
387
388
388
389
390
388
388
388
384
388
387
388
388
387
386
385
385
385
387
385
388
389
383
386
383
384
382
383
384
384
383
382
382
380
381
384
381
384
383
379
380
379
378
380
378
380
379
380
377
377
377
377
380
379
380
380
376
377
377
377
376
377
376
376
375
372
371
374
374
372
374
375
370
372
370
372
371
373
372
373
374
375
371
371
369
370
372
371
368
372
371
370
370
367
366
367
368
368
367
366
365
365
362
365
363
365
365
364
366
363
362
362
363
364
363
363
359
358
359
360
361
361
719
358
356
360
359
359
360
356
357
357
358
358
360
357
358
354
354
356
356
358
356
355
710
355
357
356
354
354
356
354
352
355
356
356
357
352
355
352
709
356
356
356
352
352
356
352
353
354
350
349
351
351
350
351
350
353
350
349
353
349
350
351
701
272
432
351
353
351
354
697
351
352
353
348
352
350
699
349
350
351
352
348
347
350
346
354
347
350
345
348
348
347
352
350
348
383
311
352
351
350
349
348
346
349
347
349
349
348
346
344
345
347
348
348
347
346
345
348
697
348
346
345
348
349
346
348
345
346
346
346
350
343
347
345
343
346
347
347
347
343
342
350
344
347
344
343
686
345
347
344
344
343
343
692
345
345
342
684
346
348
680
344
342
345
345
687
686
344
344
345
340
340
343
342
344
346
342
340
342
341
341
342
342
340
340
340
342
342
341
342
679
342
340
682
340
339
340
342
339
338
338
328
350
343
339
341
337
337
342
687
751
262
674
1016
673
338
340
674
434
579
337
673
338
336
339
337
339
330
338
337
662
352
675
335
338
341
334
337
669
336
338
339
335
337
339
335
676
377
295
336
337
337
336
338
334
339
340
339
336
336
335
340
337
343
339
337
337
338
340
338
339
335
526
484
675
670
334
332
336
335
336
334
334
336
673
337
337
334
335
292
373
334
332
331
334
330
300
365
330
335
330
332
335
331
666
334
333
400
268
329
338
332
334
332
330
335
332
668
330
332
338
330
1000
337
332
334
326
331
331
660
327
1317
333
329
332
329
330
327
331
329
329
330
328
325
330
661
327
325
331
330
328
332
324
654
327
329
324
326
324
327
326
645
333
328
324
650
327
330
326
321
322
981
325
323
648
328
322
325
649
330
326
321
651
652
650
649
320
646
328
322
316
320
325
651
319
649
643
321
646
320
320
646
319
646
322
325
644
322
320
327
324
320
321
320
320
323
316
321
324
323
322
318
963
321
318
946
319
322
318
319
313
641
316
315
319
316
321
314
320
316
317
316
315
320
634
317
317
319
632
316
319
319
317
316
320
635
316
314
324
634
318
320
319
634
319
317
631
638
315
313
316
319
315
759
510
630
317
321
319
313
315
316
318
313
311
314
316
317
318
318
313
318
318
318
320
317
319
320
322
322
320
324
323
322
323
325
319
324
324
323
323
328
321
328
331
329
327
329
327
327
329
326
328
331
330
326
332
335
331
331
327
331
329
330
332
326
334
332
330
337
330
338
331
331
334
338
332
336
333
334
337
334
338
335
297
375
330
332
338
334
333
339
333
335
334
333
335
330
339
337
331
338
338
334
336
333
340
338
334
337
339
333
338
339
334
341
332
339
338
335
337
340
335
340
341
338
339
340
340
343
344
336
351
339
343
345
341
345
341
345
340
342
343
342
341
349
343
350
352
352
355
356
356
358
351
356
354
352
354
351
352
354
352
356
354
352
356
354
356
352
353
354
350
356
351
353
354
353
354
354
353
354
354
354
351
353
356
354
352
355
351
350
355
352
354
357
352
540
419
463
354
356
353
356
355
354
356
625
804
355
276
441
353
397
318
540
550
359
368
366
365
370
373
369
371
369
366
368
406
697
368
370
366
370
370
367
370
367
368
369
364
369
369
733
366
367
370
366
367
735
363
737
368
367
365
370
370
369
370
374
372
375
377
374
378
377
372
380
378
378
383
376
382
381
378
381
376
379
378
378
376
378
376
380
378
382
386
381
427
339
379
382
381
383
379
380
678
320
516
376
375
384
372
379
375
379
376
374
373
756
374
374
380
380
381
381
377
384
382
382
383
386
386
386
384
385
384
388
386
384
386
386
379
386
383
385
384
381
383
382
381
381
381
380
383
385
388
388
388
390
388
400
402
404
407
406
411
416
414
414
416
416
413
410
409
408
405
406
404
402
400
402
401
403
403
407
407
410
410
407
414
416
413
415
412
411
410
407
405
407
403
403
405
400
402
399
399
401
405
401
403
401
400
399
402
403
403
405
400
402
405
406
404
405
405
403
404
408
406
409
410
408
408
411
410
411
410
408
408
410
412
413
408
408
406
404
403
402
401
401
398
402
406
406
406
406
407
403
410
406
408
409
406
407
410
414
411
413
411
412
411
413
411
410
407
411
411
410
411
412
413
411
412
412
412
414
412
416
413
414
416
412
417
418
413
417