743
756
773
783
784
771
741
763
781
795
767
731
754
770
781
804
810
750
759
747
749
739
724
698
670
667
672
733
859
923
924
898
870
832
718
664
664
630
616
609
626
661
680
671
671
696
714
703
731
740
736
679
696
702
736
744
690
698
700
722
731
671
687
695
716
697
671
680
673
671
651
635
648
664
665
673
656
670
673
677
661
685
688
713
676
681
676
664
627
617
626
641
646
623
631
622
623
599
589
587
590
604
619
632
682
697
727
672
652
647
645
638
645
632
633
628
627
602
590
598
611
633
659
666
649
619
602
593
590
596
617
648
644
609
624
644
674
704
667
709
718
717
692
692
723
728
699
683
695
693
700
707
717
714
672
640
651
666
721
763
723
734
722
728
746
695
679
703
734
757
756
695
686
677
679
684
672
729
767
803
730
723
738
759
744
721
677
653
662
666
637
657
672
717
748
741
682
639
618
607
619
736
904
916
905
825
845
816
810
787
729
690
703
727
763
778
775
752
726
729
724
713
717
707
675
698
699
691
658
682
691
706
681
663
648
647
673
729
760
783
751
715
684
668
694
772
842
867
820
818
808
788
748
768
770
780
758
753
792
828
832
847
868
873
812
749
754
791
863
890
848
877
849
764
780
803
834
827
847
869
879
806
837
846
816
814
830
813
748
799
809
788
795
798
784
743
782
813
824
803
755
756
776
817
857
854
788
751
775
792
810
771
804
810
821
771
773
788
802
820
804
841
844
776
813
826
827
770
806
825
834
832
850
847
779
720
753
795
830
812
761
750
737
705
718
728
699
697
731
759
712
683
663
649
682
826
869
856
836
806
782
752
708
712
712
716
720
712
706
712
716
729
736
704
688
724
776
817
822
778
786
715
703
723
709
685
719
737
763
776
756
731
749
779
816
830
800
801
809
808
791
813
813
771
789
803
805
766
818
828
836
827
859
844
834
775
795
802
812
773
805
810
741
780
788
794
733
715
742
792
830
789
811
815
782
797
805
786
754
787
790
723
751
765
788
767
757
772
758
712
673
682
683
701
709
685
688
688
690
694
680
714
745
770
766
789
795
791
753
721
729
767
811
844
839
781
774
758
737
701
689
700
721
773
777
847
880
852
864
859
800
791
803
812
786
806
812
774
799
807
771
734
776
805
832
796
813
821
828
772
797
811
790
711
683
699
717
802
852
831
838
832
779
784
788
794
762
775
785
770
746
774
783
824
817
773
794
804
797
780
814
821
778
741
771
802
833
843
807
746
714
721
743
831
902
931
906
903
863
840
811
790
733
737
750
757
761
726
758
771
777
763
736
767
791
805
762
764
753
744
699
712
722
736
718
723
760
807
812
778
796
781
743
752
775
786
782
784
838
850
835
758
715
714
714
722
732
731
779
817
832
807
802
816
824
779
785
809
826
811
841
833
812
759
788
799
808
766
820
857
867
820
832
857
882
829
848
840
818
806
844
858
802
776
799
834
861
829
849
840
807
793
785
793
785
754
723
729
733
749
746
729
759
790
795
771
787
780
761
727
755
785
812
794
843
853
813
802
804
802
794
740
730
751
771
810
793
747
729
722
797
882
944
941
900
845
752
742
722
705
699
690
685
674
661
661
682
719
808
858
856
821
780
742
745
739
742
731
722
735
746
723
701
710
721
730
732
714
741
737
719
692
704
717
729
678
642
627
619
628
662
731
796
831
823
806
767
770
767
761
747
733
741
741
734
738
759
794
810
763
741
773
821
856
843
848
822
752
690
670
687
697
718
708
677
675
671
670
665
659
641
623
607
594
596
611
688
751
812
839
787
719
731
692
666
682
702
714
736
762
754
729
741
756
758
768
755
779
786
794
781
770
779
785
811
789
830
845
850
819
820
834
847
812
813
817
819
781
805
815
795
720
718
739
784
852
855
802
822
838
829
799
733
746
730
708
705
679
694
694
697
681
662
669
662
654
641
649
670
716
740
714
683
739
791
830
813
755
690
703
703
731
753
744
704
719
723
729
727
733
743
743
714
700
726
764
808
822
759
754
753
726
700
662
645
665
714
784
788
818
814
794
730
762
771
779
741
767
771
756
718
714
700
684
662
643
659
685
728
771
740
747
753
747
711
704
688
661
634
616
598
588
591
652
769
758
724
689
645
629
614
604
604
608
593
600
611
625
643
656
680
665
649
633
646
659
688
729
750
743
675
688
683
677
669
655
635
615
619
617
631
621
625
655
697
744
734
717
713
714
691
698
684
679
662
646
655
668
666
646
659
653
646
617
623
625
636
637
604
581
582
588
632
689
670
658
658
646
637
614
616
610
613
609
605
620
627
635
639
664
696
690
720
704
653
634
641
646
675
711
718
707
672
641
621
614
626
644
663
665
644
646
639
639
632
620
635
650
675
700
676
685
716
757
779
738
734
735
737
723
719
733
750
767
725
687
682
696
731
821
841
793
809
812
793
751
745
758
755
752
716
671
672
671
696
768
812
779
753
750
787
861
896
888
868
819
747
734
727
723
702
713
701
695
676
681
688
694
696
697
662
651
616
612
603
621
649
639
653
662
667
645
653
651
655
659
644
642
643
640
636
621
623
624
629
629
613
622
641
665
692
698
707
696
689
686
659
652
649
638
625
595
583
570
565
599
862
881
879
833
806
776
734
692
657
668
668
679
686
684
671
709
728
751
764
730
746
745
763
726
760
772
795
769
787
798
798
772
792
810
817
779
803
777
771
699
675
664
715
817
842
848
785
723
721
723
724
695
714
729
748
736
763
750
750
702
684
673
720
815
866
872
851
807
810
789
759
716
739
757
772
753
754
741
743
727
745
764
790
767
786
771
751
688
656
674
698
771
779
725
769
753
739
698
687
670
638
633
624
621
604
607
609
612
623
632
623
610
609
616
614
601
595
594
598
582
582
585
589
587
592
595
594
606
623
649
675
664
695
721
690
716
730
727
684
688
679
662
672
684
625
626
612
609
609
618
620
609
584
563
563
563
562
563
573
588
612
649
693
736
774
758
782
731
702
719
686
655
662
659
667
669
650
621
612
608
618
641
636
637
630
649
702
772
799
802
781
740
709
673
643
652
646
657
670
654
651
689
760
837
831
820
813
784
738
742
734
697
689
672
651
620
623
638
658
635
623
606
604
608
671
777
828
818
768
729
691
645
640
632
626
613
611
615
624
627
612
616
617
617
621
619
655
710
761
752
807
816
748
771
766
697
646
657
663
668
624
635
642
667
690
682
692
694
688
662
666
663
666
649
672
695
716
717
745
759
724
762
773
742
758
763
749
685
655
662
684
720
723
738
679
651
646
626
657
698
728
685
733
677
661
684
708
688
679
677
654
632
634
631
637
631
622
615
609
596
593
583
581
580
572
570
571
592
622
592
592
610
640
646
634
622
603
597
579
568
562
557
566
662
819
818
800
738
655
649
644
649
672
656
656
677
702
715
720
721
714
719
721
693
674
682
676
687
672
646
657
654
668
669
669
648
661
645
636
634
619
621
620
627
630
609
595
583
574
566
581
729
850
838
608
954
392
283
702
1687
744
592
622
672
702
724
739
726
696
674
675
667
663
646
639
674
753
847
854
850
834
817
797
761
750
726
700
688
701
718
734
691
669
657
691
778
818
790
763
711
684
648
612
612
602
591
586
575
568
564
559
553
553
549
545
544
547
548
550
554
580
637
755
787
793
776
713
646
646
657
659
685
714
722
690
685
685
671
654
626
626
622
607
602
600
601
612
669
807
861
851
823
781
744
709
686
664
636
611
596
590
595
617
654
675
676
689
697
706
707
711
721
706
679
642
618
615
620
667
756
813
831
827
806
782
751
730
720
712
707
707
702
685
685
685
698
751
844
850
804
725
690
669
662
645
644
634
636
626
607
590
576
568
571
574
592
625
642
642
639
643
639
644
644
651
630
635
639
641
655
641
664
685
726
730
754
767
737
742
732
694
662
668
669
683
671
703
717
734
700
646
645
645
673
721
738
726
701
688
667
644
630
621
603
603
601
602
609
610
597
598
626
679
748
733
751
765
761
753
736
699
653
645
637
604
590
577
578
595
669
798
833
795
758
774
740
722
691
658
657
644
656
678
660
668
674
672
644
654
648
647
646
619
601
592
594
604
622
626
635
647
665
660
655
669
677
668
657
665
675
678
651
664
671
698
670
634
643
646
659
664
647
618
616
608
617
640
661
672
666
1275
609
597
588
586
590
595
596
597
600
614
672
755
812
815
771
744
718
690
661
646
648
644
648
655
658
671
690
720
744
751
745
759
772
781
767
740
741
726
713
685
694
713
748
751
758
758
754
756
750
727
727
721
712
692
698
692
708
722
688
677
714
774
807
788
743
683
656
631
617
622
646
687
673
682
688
689
677
648
653
644
642
630
618
627
633
646
647
661
672
668
645
630
633
663
723
781
762
797
790
785
726
704
687
676
675
680
678
675
686
677
670
659
641
624
607
578
573
560
546
539
535
530
529
526
526
526
522
521
521
521
528
528
532
541
542
545
554
566
563
563
579
613
641
649
636
611
600
591
591
587
580
579
576
575
570
565
557
552
550
548
553
567
597
609
610
604
590
592
596
605
603
611
634
652
655
646
633
649
629
616
629
625
623
602
592
593
598
618
636
638
659
665
658
676
665
670
698
712
730
705
692
703
721
699
699
694
704
716
703
724
734
729
713
731
744
728
719
699
699
697
665
679
689
702
677
674
687
693
702
677
680
690
707
697
666
661
656
650
650
643
651
670
684
717
735
682
660
641
627
606
609
610
624
645
629
614
631
670
709
723
682
668
660
643
622
611
609
609
621
635
652
647
671
672
683
658
658
659
650
652
640
617
610
612
625
661
680
703
719
735
740
726
704
694
672
687
710
729
711
684
697
681
679
628
643
629
624
617
619
623
612
616
614
604
603
604
604
604
600
594
585
582
589
610
658
700
689
725
775
789
766
747
736
729
718
679
651
633
628
626
637
626
605
589
573
572
573
557
557
560
569
568
572
576
581
581
578
580
591
616
627
637
636
629
626
611
598
590
592
594
603
616
618
626
643
646
637
630
636
646
647
627
623
618
621
632
647
655
656
673
689
701
692
663
639
632
624
633
652
672
666
624
604
594
588
582
580
593
629
680
693
675
661
615
606
592
582
581
569
570
572
577
584
585
582
584
604
620
666
691
694
698
664
633
622
607
591
577
571
567
569
565
575
596
624
611
597
583
570
556
545
539
540
543
600
742
799
809
789
751
682
635
612
593
575
575
591
595
592
585
574
569
569
585
638
679
691
683
673
655
628
613
597
582
577
591
642
752
804
793
770
740
708
685
660
629
609
598
588
590
622
702
739
747
730
715
692
673
632
618
608
607
614
621
637
629
625
623
626
663
709
755
767
748
721
697
661
624
606
595
584
589
604
615
624
621
621
613
605
591
587
586
597
660
780
792
779
732
654
638
610
595
584
567
559
554
553
548
548
544
543
543
544
541
541
545
544
544
541
537
533
532
535
553
587
642
664
657
641
622
605
598
579
561
551
544
543
542
547
548
549
543
540
536
534
532
537
549
567
609
638
632
626
602
590
569
557
547
537
533
535
538
548
563
580
585
587
565
558
561
565
569
580
568
558
561
561
559
557
558
562
564
569
571
559
555
548
545
551
567
604
652
630
599
592
594
568
573
559
556
563
567
569
571
561
540
464
582
529
507
510
518
500
498
498
496
486
486
491
487
478
480
489
481
472
474
478
479
465
470
476
478
473
467
473
477
474
467
468
475
480
468
461
464
471
476
464
457
462
467
472
463
458
453
457
460
463
462
451
446
447
448
453
456
457
441
438
439
441
445
446
449
438
437
432
431
434
433
438
440
441
440
440
433
431
431
436
439
438
440
433
430
425
422
425
424
426
429
430
429
433
425
427
418
417
418
423
424
422
426
426
430
429
427
418
421
420
420
423
424
426
425
426
429
429
424
429
418
415
416
415
412
413
417
418
419
418
419
418
419
419
421
409
412
406
407
406
405
404
406
405
409
412
411
414
416
415
417
421
414
415
410
410
412
408
408
409
410
414
415
413
416
412
418
415
414
406
410
406
404
403
402
400
399
404
407
405
405
408
404
409
405
405
406
406
405
406
399
406
393
396
396
396
394
391
391
395
395
394
390
392
390
388
390
392
393
392
390
390
388
388
390
393
391
389
389
391
392
393
389
386
390
390
391
392
388
387
390
390
391
392
390
387
390
392
396
394
391
393
392
396
397
397
396
396
396
396
396
396
396
400
396
395
398
396
397
398
400
398
402
403
404
398
406
402
406
397
400
393
396
396
395
394
395
394
391
394
400
399
400
398
400
400
396
401
401
402
396
399
402
401
400
404
400
404
396
399
396
397
396
393
393
396
397
398
394
396
396
400
401
399
399
397
398
399
399
396
400
398
403
400
401
396
401
399
399
396
398
398
395
398
402
400
403
402
405
406
405
408
408
403
404
405
402
405
405
404
402
401
401
403
395
400
396
399
397
395
395
395
396
397
392
395
395
396
393
394
395
402
399
398
397
399
398
399
401
399
399
396
397
396
397
396
396
395
398
397
392
397
395
394
396
395
396
395
395
393
396
395
396
393
394
389
395
385
389
386
387
383
388
382
388
382
387
385
387
382
385
381
389
383
386
386
390
383
390
387
390
386
390
389
389
386
387
383
390
388
393
384
387
386
389
389
388
385
388
388
391
383
385
384
386
385
387
384
384
382
383
383
382
380
384
384
389
388
388
387
389
386
389
392
393
391
392
390
390
391
393
392
394
394
391
393
396
396
396
396
393
399
393
396
392
394
389
391
392
393
391
388
388
396
394
395
391
397
398
396
395
393
396
391
396
395
395
396
395
397
396
396
396
396
396
391
395
388
392
389
389
384
390
388
390
384
386
388
386
387
387
385
383
388
387
384
381
383
386
386
385
383
383
385
389
387
387
383
388
388
390
387
387
385
387
389
387
388
387
387
387
392
386
389
386
388
388
390
385
389
388
390
387
390
388
388
385
388
388
389
391
389
389
389
388
389
387
389
385
387
386
387
386
389
386
388
388
386
386
389
388
392
387
392
389
393
389
392
393
393
393
394
394
394
396
397
394
395
391
393
393
393
392
392
392
394
393
395
392
395
398
399
398
397
398
396
396
394
395
389
391
387
388
392
392
391
392
392
392
388
390
387
389
385
388
385
388
385
384
387
386
387
389
385
387
383
388
387
387
383
389
384
387
380
387
380
385
384
387
382
388
384
388
387
389
383
386
385
390
384
388
384
390
385
393
387
392
388
392
384
391
385
390
386
390
384
390
386
388
385
392
386
391
389
390
387
388
387
388
386
385
384
381
381
384
383
384
380
384
379
385
384
382
385
382
383
387
383
380
383
383
384
385
383
383
379
382
382
381
382
382
386
383
383
384
383
386
387
387
390
389
390
390
391
393
393
396
396
396
397
397
394
396
396
396
397
398
399
398
402
406
410
412
413
411
412
409
413
412
413
412
414
411
412
412
411
412
410
412
414
415
418
418
420
424
430
433
433
434
435
435
437
442
446
444
439
439
437
434
438
439
447
455
460
459
454
447
444
438
442
443
443
441
441
442
448
450
449
449
450
457
461
457
456
456
459
458
454
452
456
456
451
454
453
459
459
459
458
458
459
464
466
463
461
464
468
473
472
469
464
468
465
461
460
459
465
468
466
467
468
477
479
476
473
471
469
471
478
503
530
533
517
512
506
492
486
481
479
485
501
521
530
528
506
499
494
497
496
488
486
489
496
496
490
493
496
495
492
490
493
495
492
491
491
492
486
485
483
480
478
479
479
484
487
488
486
490
498
508
507
505
504
509
515
524
512
502
502
500
503
497
493
493
491
498
502
506
506
502
504
506
497
498
496
499
497
489
488
486
486
484
486
494
509
520
525
519
507
508
509
510
500
500
501
507
504
500
501
502
505
500
502
507
521
522
522
522
535
538
529
532
536
526
521
518
521
524
527
518
520
519
526
527
521
520
522
527
537
532
527
531
538
536
530
533
538
545
536
531
525
522
523
521
516
517
523
523
522
519
511
511
509
505
504
506
509
507
507
509
516
518
520
526
532
535
529
531
533
529
521
520
520
522
515
510
507
510
513
527
531
525
518
516
514
505
500
498
495
490
489
489
494
499
502
503
504
509
517
531
552
559
557
539
528
523
519
514
507
500
495
495
492
495
503
514
523
544
581
558
553
553
537
521
522
521
515
498
491
494
499
489
479
479
483
484
481
474
467
469
472
474
472
462
459
459
460
458
463
467
461
450
447
452
454
455
453
457
458
449
447
439
440
441
442
442
445
446
448
451
443
446
438
434
434
433
434
434
437
437
438
435
440
438
442
438
439
433
437
428
429
428
426
427
428
429
433
435
432
430
430
434
433
433
435
432
430
434
426
431
426
423
421
421
418
419
416
414
414
415
415
413
410
411
408
409
406
411
405
412
406
412
409
414
409
411
409
414
409
415
413
415
414
418
414
257
571
417
688
562
420
413
418
417
420
415
418
413
417
413
414
415
418
413
422
415
419
414
417
414
417
417
416
415
417
413
420
416
417
415
417
421
417
414
417
717
530
416
415
417
416
418
415
418
415
417
417
418
416
416
414
416
415
418
417
423
418
420
416
421
415
418
414
418
699
543
414
410
414
411
409
406
412
406
419
410
416
411
417
411
416
413
417
415
416
411
414
410
417
412
415
413
416
411
414
413
415
411
411
409
411
408
405
401
404
401
403
401
398
396
398
394
398
395
400
393
399
396
397
393
396
395
399
396
400
398
400
396
400
396
398
398
399
402
404
404
406
408
408
408
403
405
408
405
407
408
410
408
410
408
410
406
413
407
410
402
412
409
409
406
410
407
408
403
409
404
408
404
405
402
408
402
413
407
409
407
409
404
410
405
406
404
407
401
403
402
405
407
407
405
407
403
810
405
406
405
402
405
406
409
408
406
1219
411
408
410
407
408
409
411
411
411
410
411
408
411
409
414
408
413
411
409
406
407
403
405
404
409
403
407
403
406
403
407
404
407
406
408
403
407
402
407
400
402
398
402
396
401
396
399
394
398
394
395
395
395
393
396
393
398
393
397
391
396
391
392
395
393
392
396
391
397
395
399
396
398
396
400
398
402
398
403
401
405
401
404
399
404
399
405
399
405
398
402
399
404
403
403
401
401
400
398
402
403
401
399
402
400
406
400
398
399
402
402
404
402
403
398
398
403
406
406
410
407
407
407
407
408
407
409
404
401
405
408
406
410
409
409
409
411
411
413
413
413
412
412
416
414
415
413
414
418
417
419
417
416
416
418
420
418
418
415
412
419
416
417
418
418
419
419
418
418
417
420
422
421
423
421
422
423
422
419
421
427
427
430
429
432
431
431
434
433
437
436
437
437
439
443
442
442
443
445
445
443
448
449
448
447
448
449
454
457
454
451
450
450
449
446
448
447
445
443
447
445
448
447
446
445
446
445
448
447
446
448
448
450
453
455
451
452
450
455
449
448
452
456
454
452
456
456
458
459
456
457
454
457
457
457
461
464
463
459
459
461
457
457
452
448
447
446
447
444
447
447
446
447
452
459
457
465
464
456
454
453
455
450
448
447
443
441
441
441
443
446
443
444
447
448
447
446
448
448
447
450
453
453
451
452
451
449
447
445
443
441
440
441
443
447
455
459
458
460
462
466
466
464
466
468
467
469
474
472
472
474
477
473
472
473
474
475
473
476
473
476
470
469
470
472
470
469
474
471
472
466
464
463
463
460
459
465
466
464
465
470
468
468
472
472
477
469
467
469
468
466
466
467
464
463
462
461
460
459
465
465
467
465
464
466
465
463
459
460
456
449
449
452
452
454
456
456
460
460
460
460
462
466
464
463
463
461
464
459
460
458
458
451
451
456
456
457
454
454
456
455
459
454
455
459
460
460
457
461
464
465
468
467
468
468
471
471
468
471
474
471
468
469
469
464
466
468
468
470
476
478
475
472
470
470
470
474
474
475
476
477
481
484
478
481
485
487
485
479
481
479
474
474
475
479
479
480
485
479
473
472
473
469
464
467
465
462
467
472
476
481
485
477
478
477
473
466
466
464
465
456
454
459
459
461
462
461
466
465
470
465
464
466
468
466
467
464
464
467
467
469
465
464
465
463
457
452
458
457
456
456
456
457
461
465
463
465
468
467
464
462
460
460
456
457
458
462
458
458
457
456
455
456
453
454
456
458
455
452
457
458
459
456
454
455
453
450
448
449
452
450
446
446
450
450
451
449
452
450
449
445
445
446
447
447
446
451
452
454
460
461
462
459
461
455
454
448
450
449
448
448
447
449
446
443
443
447
451
450
448
446
448
448
450
445
447
451
446
444
441
442
444
446
443
438
439
442
441
441
443
442
441
444
443
440
440
441
443
440
438
438
438
440
438
438
440
441
438
437
435
436
438
438
437
433
431
429
431
435
434
436
432
434
436
434
432
434
436
433
431
430
434
434
434
433
435
436
434
434
431
434
433
428
430
429
430
433
429
433
430
434
432
431
431
429
436
434
435
432
434
438
438
438
442
438
441
434
436
435
434
432
432
434
435
437
433
437
438
439
438
437
433
437
426
427
426
424
422
421
423
425
424
422
419
420
422
419
425
425
427
425
426
423
427
424
423
419
423
418
421
414
418
414
417
416
417
417
417
417
418
416
417
418
418
415
416
416
416
411
412
413
412
409
410
410
409
407
405
407
408
408
404
402
402
403
402
401
403
404
404
399
400
400
402
402
401
398
399
398
400
400
403
400
406
403
407
403
408
404
408
404
409
406
407
406
408
407
408
404
409
406
409
403
406
401
405
402
403
399
404
399
402
401
403
403
805
405
404
404
402
405
403
407
404
404
404
405
406
405
401
404
407
407
405
405
406
406
410
406
406
413
402
411
406
409
403
407
401
404
402
406
402
407
402
408
402
407
407
405
404
402
401
405
404
403
400
404
405
403
403
401
404
406
407
406
402
402
402
399
396
396
396
396
393
390
392
394
393
391
389
390
389
389
390
392
389
388
388
390
393
384
386
389
385
389
385
391
388
392
388
394
390
392
387
394
388
393
389
395
390
394
392
395
393
395
393
393
394
396
393
394
391
395
394
395
392
391
393
394
391
396
388
392
389
391
389
390
388
389
388
390
385
391
386
389
384
385
385
386
383
387
382
388
381
387
387
387
383
386
387
390
388
389
390
393
391
394
390
391
389
394
392
395
387
391
389
391
387
393
387
389
385
392
388
394
387
394
386
393
387
393
389
393
392
396
392
396
393
393
393
396
394
396
396
394
395
394
609
561
389
771
384
387
383
389
383
387
384
387
382
387
382
388
382
388
384
388
383
392
386
392
385
391
390
394
389
391
392
394
393
393
389
394
391
392
389
391
393
392
391
391
389
392
389
389
387
387
382
384
382
383
380
383
379
383
380
381
382
382
380
385
380
386
383
386
380
384
386
386
384
388
382
767
386
384
764
383
384
384
379
384
376
382
380
379
378
378
379
375
376
376
375
374
371
370
373
369
369
370
368
369
374
374
376
373
373
370
374
371
377
373
747
376
371
371
369
367
365
367
365
362
365
359
367
364
369
362
367
364
370
363
734
370
368
367
367
368
366
367
366
366
365
359
361
360
362
358
363
366
367
364
364
362
364
366
367
363
364
363
361
362
361
360
356
359
359
363
357
358
356
360
724
367
367
364
363
361
365
362
363
359
359
362
357
361
361
366
366
363
362
362
364
365
363
361
361
359
358
357
363
361
364
358
363
361
367
366
364
365
366
367
370
367
366
366
366
366
368
369
366
363
365
356
361
362
359
362
359
363
365
367
368
367
365
738
367
367
367
367
363
362
360
362
357
362
357
363
358
360
356
357
359
358
359
361
359
357
358
357
354
351
355
353
354
353
711
359
356
357
355
356
355
358
356
353
355
354
354
348
355
354
357
353
354
354
355
355
356
353
351
351
351
354
351
699
355
355
354
354
350
350
350
348
699
350
355
352
351
351
349
348
349
350
349
352
351
354
351
354
354
354
353
701
351
354
350
352
349
709
359
356
354
355
352
352
349
355
353
353
348
354
352
711
360
355
355
354
354
352
351
353
347
352
347
354
347
354
352
352
352
699
349
349
349
348
345
348
348
352
350
351
348
349
348
346
346
346
348
348
351
345
353
348
353
349
349
348
346
346
345
688
700
351
348
349
348
347
346
343
344
693
350
351
349
349
346
345
346
345
349
346
690
347
348
348
348
345
343
342
345
344
683
345
344
346
341
341
341
336
339
684
587
448
342
343
686
338
341
339
340
343
342
344
346
342
686
342
681
693
534
496
348
350
351
346
344
347
348
342
347
345
350
347
346
347
345
347
348
347
345
344
339
689
349
341
347
342
347
347
345
345
343
346
341
342
341
347
346
344
341
341
341
337
338
1018
341
341
342
336
339
340
334
334
332
677
341
340
335
337
334
668
338
336
335
335
336
334
337
336
332
342
337
671
343
340
339
338
338
334
334
340
333
668
341
339
339
335
335
337
339
336
331
337
678
335
336
337
337
336
672
334
339
332
339
340
339
337
335
338
335
669
337
339
338
339
333
338
308
358
331
334
338
337
338
333
667
337
333
334
334
333
337
333
332
335
665
334
333
334
334
328
337
332
331
331
333
334
333
330
331
335
329
332
332
338
332
333
334
332
334
327
331
326
333
665
332
334
336
327
661
335
332
334
334
333
336
332
335
328
332
334
336
335
332
334
333
993
335
336
335
333
331
329
335
338
327
333
331
333
331
332
325
333
332
329
329
330
330
331
330
327
324
326
333
330
332
330
657
328
655
330
331
331
329
326
331
329
652
330
330
330
328
335
322
329
331
331
331
330
328
330
328
330
329
329
658
331
330
329
326
330
328
327
326
329
326
332
331
327
979
331
330
658
330
324
326
327
330
327
329
328
331
329
327
329
328
655
331
330
332
331
325
327
657
331
330
329
330
328
331
979
333
329
659
328
329
326
654
330
329
329
330
329
327
328
328
334
322
330
331
332
331
326
330
327
322
336
325
329
329
331
322
329
327
652
328
328
327
330
325
328
324
324
320
324
324
328
328
326
326
323
325
322
652
654
326
326
325
1302
328
331
324
324
324
974
326
327
327
321
324
320
329
328
327
329
323
650
320
331
325
325
328
326
323
324
648
327
327
327
325
327
324
328
971
329
324
326
324
323
325
324
283
363
326
324
326
326
326
328
316
327
325
328
325
650
328
650
327
328
323
322
650
326
328
319
322
325
326
321
324
325
322
322
325
321
647
324
323
324
323
323
544
420
326
320
321
643
319
322
322
318
326
320
318
644
319
322
321
318
313
322
320
324
280
365
310
335
317
960
323
291
357
321
322
307
332
321
326
313
323
321
322
321
320
323
317
322
318
317
645
320
647
643
322
320
319
641
298
347
320
321
321
324
640
320
323
319
324
321
320
317
637
321
288
355
319
323
319
954
321
321
303
337
322
316
307
332
636
320
300
342
317
322
321
316
319
321
320
319
321
322
321
319
319
959
318
292
354
643
317
320
317
318
321
321
323
321
321
317
316
636
319
322
321
640
319
319
951
319
316
321
319
314
322
311
633
317
317
316
317
315
316
447
498
315
639
321
313
313
321
948
316
317
316
628
315
1260
638
313
1396
910
878
443
530
285
1274
635
1420
392
688
353
1441
344
2636
315
304
322
316
317
316
634
315
318
420
522
317
320
313
636
316
1885
1093
264
1438
1446
1157
985
1174
254
1175
1424
1418
1558
325
369
541
700
1124
1265
5162
918
331
740
631
1251
706
552
345
289
1123
276
7438
4094
319
642
449
760
299
426
318
325
650
326
646
385
2330
902
610
383
1466
543
339
1962
2153
2072
392
1338
696
701
654
1457
531
354
1202
385
1765
358
351
1097
328
373
3204
916
3396
497
2363
359
720
357
360
366
367
355
360
360
363
360
363
361
364
362
364
362
363
362
364
363
364
367
361
366
366
368
369
371
369
371
375
372
373
375
376
376
373
377
377
378
376
378
378
377
380
379
380
382
380
382
382
380
383
382
382
384
384
381
386
385
381
383
383
384
420
274
460
384
387
383
388
386
384
389
388
388
782
394
389
396
396
396
398
397
395
396
397
396
396
1189
397
398
396
398
399
428
372
402
802
402
399
405
398
402
400
399
400
806
403
401
398
402
396
483
326
403
291
524
402
403
403
404
401
401
397
407
401
402
400
405
400
402
402
401
401
404
402
401
404
402
402
400
398
399
399
399
401
402
403
400
399
396
398
397
398
401
397
400
402
398
405
404
403
405
405
405
404
402
403
406
402
403
404
400
404
401
403
396
403
397
401
313
888
399
404
406
412
407
407
407
407
406
410
410
407
408
411
411
408
408
412
407
410
411
411
416
412
414
833
417
418
835
421
419
422
421
420
420
425
421
419
420
422
420
418
419
416
420
417
418
420
419
420
418
421
419
421
420
421
425
422
423
424
422
424
426
427
425
422
427
424
421
424
422
424
424
424
429
430
430
430
428
433
432
431
434
431
431
432
429
434
431
432
430
437
433
436
434
440
436
437
438
438
438
437
438
875
1315
437
437
438
437
438
440
436
437
877
439
438
439
439
438
436
438
439
441
444
444
438
438
437
435
430
424
433
429
428
432
433
429
435
431
438
438
438
440
443
443
443
444
446
445
441
440
443
441
439
442
441
439
438
435
444
439
440
439
438
449
447
445
444
450
447
449
449
443
444
445
449
443
447
447
444
447
445
446
453
446
449
449
454
452
452
454
453
450
450
458
456
450
446
446
453
445
446
447
446
449
450
442
441
441
447
443
441
445
446
442
445
446
449
446
449
449
450
448
448
456
447
449
449
453
449
450
455
451
450
453
457
457
455
455
459
455
454
453
458
451
455
454
456
454
457
460
455
458
459
456
454
457
913
453
456
455
457
453
457
460
457
456
460
462
461
462
462
460
463
460
460
459
461
459
460
455
454
454
453
455
454
453
454
458
452
454
454
459
456
457
457
455
457
454
454
450
450
452
450
448
449
451
455
448
450
452
451
453
454
455
454
455
455
454
451
449
450
448
447
449
446
443
447
444
444
448
448
447
451
450
453
455
460
459
458
460
463
461
458
455
455
459
450
454
454
452
450
453
451
454
454
453
455
455
459
460
463
467
469
468
466
467
471
465
466
467
465
463
466
466
467
465
466
470
464
470
471
468
465
466
466
465
463
463
464
464
462
466
461
462
466
463
467
466
467
462
465
466
465
469
466
466
466
465
465
464
463
468
466
467
468
471
468
472
472
468
468
468
470
468
467
470
469
476
469
471
472
475
472
476
472
475
475
474
479
474
476
474
471
473
475
477
477
476
474
477
477
478
478
479
479
477
474
479
479
478
476
478
479
478
478
476
476
475
474
474
473
471
472
471
471
472
471
471
473
472
475
473
474
471
472
473
471
472
471
472
470
473
471
471
469
466
467
468
470
377
557
469
464
467
466
465
472
475
476
477
478
479
477
478
475
473
472
470
469
469
468
468
467
468
472
469
471
473
476
476
476
479
478
477
472
477
476
473
475
471
473
475
474
474
473
478
479
479
479
484
482
483
481
479
482
480
481
481
482
479
478
483
482
480
479
479
479
478
479
478
479
478
479
475
481
479
478
479
482
481
480
478
478
474
474
475
475
475
474
476
477
479
478
477
477
479
480
480
479
483
482
481
479
480
479
479
479
476
479
480
480
472
482
479
478
474
470
469
470
471
470
471
468
468
467
470
474
473
474
472
476
471
478
473
479
478
477
478
478
568
525
407
397
479
477
474
470
471
472
475
478
478
478
483
480
482
481
480
480
476
480
478
478
476
475
475
471
477
474
476
478
479
479
481
482
483
485
481
481
480
479
478
476
479
476
478
478
475
477
473
473
473
475
475
474
477
472
476
474
475
468
471
477
479
478
479
477
477
474
474
471
476
473
472
470
473
474
473
475
471
471
474
473
475
474
477
476
479
478
474
479
473
472
473
475
473
471
473
473
476
473
474
477
467
479
472
471
470
479
477
473
472
470
470
471
471
474
474
472
468
466
467
464
469
466
463
469
459
464
456
462
457
460
455
465
464
467
463
469
465
468
465
467
464
466
464
460
466
464
464
468
466
467
466
468
470
463
463
467
464
461
464
461
461
462
462
462
468
464
467
465
469
469
461
476
473
473
475
467
476
470
470
472
470
471
466
465
466
469
470
473
473
473
479
476
475
476
473
477
474
475
474
474
472
472
474
472
476
477
479
479
478
480
479
478
477
478
478
477
475
473
476
473
473
476
475
477
478
479
483
482
483
483
484
483
481
482
480
482
477
478
475
477
477
475
474
471
472
474
478
481
481
485
482
479
479
480
479
479
481
479
480
480
481
483
484
488
485
487
488
488
487
488
490
489
490
487
484
485
488
486
486
488
486
486
486
488
486
486
487
486
483
484
487
487
483
487
482
480
479
480
477
480
477
476
479
475
477
475
476
477
475
479
475
477
476
478
479
478
480
478
479
477
474
479
475
476
477
477
477
477
479
478
479
477
475
479
477
479
479
479
477
475
479
472
471
469
472
473
474
474
475
477
476
475
479
475
477
475
476
474
473
475
471
474
473
473
471
470
473
470
472
474
477
479
477
480
479
479
475
479
478
472
469
467
465
466
463
466
467
470
469
470
475
471
472
473
472
474
474
477
479
477
476
475
478
475
474
474
469
472
471
472
474
477
479
479
479
476
479
476
476
478
475
479
479
479
479
480
483
479
482
480
479
478
474
486
487
494
492
493
493
491
489
483
486
481
482
481
479
480
479
482
479
481
479
482
482
481
486
484
485
483
484
482
480
481
479
479
478
478
478
477
479
478
479
482
481
484
481
487
486
487
487
487
488
488
489
485
485
489
488
489
488
486
485
486
488
486
488
482
485
483
484
481
480
480
479
479
479
479
481
479
481
481
483
481
481
484
479
481
480
479
479
478
479
475
477
478
477
477
476
476
476
480
479
478
480
478
477
478
478
479
482
474
478
472
477
952
478
476
475
474
471
470
469
469
467
468
465
470
469
470
471
472
473
474
473
477
476
476
479
479
479
475
476
479
482
479
482
481
479
477
474
474
469
472
473
471
471
466
464
462
458
455
462
451
455
461
462
467
469
470
473
479
483
484
486
487
489
487
487
487
486
487
487
486
491
500
499
498
499
505
505
501
504
509
505
499
500
500
498
496
497
499
495
495
491
490
486
488
492
496
496
499
502
504
507
521
543
544
541
544
544
537
534
535
536
531
527
529
534
536
534
539
547
545
542
548
553
550
547
547
553
551
548
547
544
542
551
562
578
592
598
568
565
558
554
542
534
531
535
540
545
555
577
589
594
592
599
580
579
577
573
564
560
556
560
558
561
567
567
555
556
554
552
547
542
546
542
538
535
538
536
534
530
527
523
521
520
519
515
512
513
516
515
516
513
510
507
507
512
514
517
517
516
517
516
516
521
521
520
519
522
521
521
522
526
524
527
531
538
542
548
558
563
564
565
566
559
553
550
550
549
547
547
549
555
557
561
566
572
568
564
559
557
554
556
558
552
549
545
537
534
529
526
527
532
540
540
542
548
549
546
547
550
550
548
548
548
553
555
559
561
566
572
580
587
584
577
570
568
563
559
557
560
563
561
561
566
571
580
592
602
600
600
601
600
586
579
574
572
563
560
560
563
572
577
582
588
586
583
581
583
579
572
570
569
563
560
559
561
562
563
567
573
586
587
589
593
590
580
574
569
563
556
554
552
550
549
552
561
572
583
599
619
613
609
605
601
585
575
571
569
561
556
556
559
560
559
558
557
556
553
562
591
629
648
653
646
628
611
601
589
572
563
556
551
551
553
563
577
591
594
603
605
598
588
586
582
573
569
567
566
563
562
563
568
569
571
579
584
580
581
583
581
578
576
578
574
570
568
567
569
566
566
568
570
566
564
565
566
564
565
566
568
568
571
580
586
585
587
589
585
579
578
575
570
563
561
559
561
561
564
573
588
593
599
606
609
599
594
590
582
572
569
566
562
558
559
559
563
566
570
574
584
589
589
593
592
582
575
574
572
566
563
563
565
563
563
563
568
568
569
571
577
573
569
568
568
569
564
561
559
560
563
561
560
562
565
572
574
574
576
578
571
568
568
569
566
566
566
570
580
584
586
592
600
595
590
588
586
583
574
572
572
574
573
576
583
593
591
596
603
604
597
597
598
595
587
585
585
588
583
582
588
593
596
606
627
637
642
646
646
627
620
615
601
594
592
591
586
588
595
606
606
609
615
616
604
603
604
598
595
597
600
591
588
587
583
577
578
587
594
585
577
572
569
569
572
576
568
563
562
560
556
551
551
550
547
547
548
554
557
563
573
585
580
581
590
590
580
577
578
574
565
562
561
561
558
557
562
571
577
579
589
597
597
596
597
603
594
591
591
588
587
576
568
564
563
561
565
581
599
606
621
629
621
626
622
615
598
591
587
578
567
563
562
562
557
557
563
572
575
576
580
578
567
563
565
557
552
548
550
544
541
543
548
550
551
556
565
573
573
578
585
583
577
578
578
572
568
569
570
566
563
563
567
575
576
585
600
606
603
603
605
592
585
583
583
581
574
573
575
578
572
570
575
577
577
581
593
593
597
603
609
601
592
591
586
578
569
567
569
571
572
580
592
598
602
606
614
604
600
602
601
589
585
587
586
577
577
581
580
578
582
588
585
589
594
599
595
594
596
598
594
588
587
586
579
574
574
579
586
584
591
600
609
603
604
604
599
589
590
593
593
587
588
592
594
587
587
594
596
588
587
587
581
577
570
561
560
563
563
567
571
572
570
564
560
558
548
540
542
550
566
584
589
597
579
576
576
561
554
552
549
546
547
552
563
574
580
572
570
576
566
564
563
563
563
565
565
561
561
564
564
563
570
581
584
595
606
596
591
596
605
616
604
601
602
599
586
583
585
587
576
572
577
584
587
588
596
612
628
619
621
620
608
598
593
588
580
575
578
579
576
580
584
594
590
592
599
591
590
590
583
581
584
573
564
562
561
556
555
555
565
570
580
599
613
604
606
611
605
594
585
576
561
551
552
554
551
553
564
566
564
568
578
579
565
563
567
558
554
554
553
555
548
540
542
544
546
551
545
546
550
556
561
563
563
564
551
543
541
545
547
554
554
558
567
571
571
577
589
583
586
591
592
594
592
573
564
564
563
563
569
567
576
570
567
574
581
583
592
603
590
587
594
589
593
579
575
567
569
570
570
570
566
564
559
556
554
547
542
545
549
556
560
571
604
637
630
634
637
627
600
600
591
583
574
563
563
564
565
563
570
582
586
589
604
618
620
617
620
619
614
599
584
572
563
558
566
590
640
676
675
656
617
607
600
592
585
574
566
566
568
570
574
575
574
581
591
601
608
600
599
600
592
583
576
576
571
572
577
581
583
583
569
563
560
554
551
554
554
561
570
582
589
595
604
613
608
604
605
609
602
603
603
601
592
589
594
596
594
598
601
607
608
603
606
607
602
597
599
599
594
587
584
590
604
611
619
620
602
598