Time	Ex Time	Time (Clock)	Speed	Grade	VO2	VO2	VCO2	RER	RR	Vt BTPS	VE BTPS	PETO2	PETCO2	HeartRate	HRR	BR
(min)	(min)	(Clock)	(MPH)	(%)	(mL/kg/min)	(mL/min)	(mL/min)		(br/min)	(mL)	(L/min)	(mmHg)	(mmHg)	(BPM)	(%)	(%)
0:13	 	10:30:03	0.0	0.0	15.6	747	593	0.79	32	594	18.9	100	35	 	 	86.5
0:17	 	10:30:07	0.0	0.0	2.3	108	89	0.82	16	345	5.4	104	33	 	 	96.1
0:23	 	10:30:13	0.0	0.0	3.1	150	117	0.78	12	445	5.2	102	34	 	 	96.3
Start Exercise																
0:26	0:01	10:30:16	2.1	0.8	8.2	394	302	0.77	19	477	8.9	99	36	 	 	93.7
0:29	0:04	10:30:19	2.8	0.9	7.3	349	261	0.75	21	461	9.8	96	37	 	 	93.0
0:32	0:07	10:30:22	3.0	0.9	11.4	547	407	0.74	20	645	12.9	97	36	 	 	90.8
0:36	0:11	10:30:26	2.9	0.9	8.2	394	290	0.74	16	609	9.8	96	37	 	 	93.0
0:40	0:15	10:30:30	3.0	0.9	9.8	470	331	0.70	15	678	10.5	92	39	 	 	92.5
0:43	0:18	10:30:33	3.0	0.9	11.4	544	374	0.69	16	722	11.7	92	38	 	 	91.6
0:48	0:23	10:30:38	2.9	0.9	10.5	505	353	0.70	13	803	10.6	91	39	 	 	92.4
0:51	0:26	10:30:41	3.0	0.9	13.1	629	444	0.70	23	637	14.6	95	37	 	 	89.6
0:54	0:29	10:30:44	3.0	0.9	13.1	626	461	0.74	19	760	14.4	96	37	 	 	89.7
0:57	0:32	10:30:47	3.0	0.9	12.1	580	432	0.74	20	702	14.0	97	37	 	 	90.0
1:00	0:35	10:30:50	3.0	0.9	10.5	504	377	0.75	19	662	12.4	97	37	 	 	91.1
1:04	0:39	10:30:54	3.0	0.9	9.4	451	328	0.73	15	682	10.4	96	38	 	 	92.6
1:07	0:42	10:30:57	3.0	0.9	11.9	569	402	0.71	17	731	12.6	94	38	 	 	91.0
1:11	0:46	10:31:01	3.0	0.9	10.6	507	350	0.69	19	589	11.1	91	39	 	 	92.1
1:14	0:49	10:31:04	3.0	0.9	10.4	499	343	0.69	15	690	10.5	93	38	 	 	92.5
1:17	0:52	10:31:07	3.0	0.9	15.9	760	510	0.67	21	732	15.6	90	39	 	 	88.8
1:21	0:56	10:31:11	3.0	0.9	14.1	674	463	0.69	16	898	14.0	90	39	 	 	90.0
1:24	0:59	10:31:14	3.7	0.9	14.9	715	484	0.68	19	791	14.7	91	38	 	 	89.5
1:27	1:02	10:31:17	5.7	0.9	20.1	964	652	0.68	21	918	19.0	94	37	 	 	86.4
1:31	1:06	10:31:21	6.2	0.9	18.8	901	637	0.71	15	1157	17.7	93	38	 	 	87.3
1:34	1:09	10:31:24	6.0	0.9	19.8	950	667	0.70	19	1005	19.6	95	37	 	 	86.0
1:38	1:13	10:31:28	6.1	0.9	16.3	783	558	0.71	16	1009	16.6	95	38	 	 	88.1
1:41	1:16	10:31:31	6.2	0.9	20.8	995	700	0.70	19	1075	20.3	95	37	 	 	85.4
1:43	1:18	10:31:33	6.0	0.9	18.2	873	605	0.69	25	754	19.1	94	37	 	 	86.3
1:46	1:21	10:31:36	6.1	0.9	23.1	1107	736	0.66	20	1046	20.9	91	38	 	 	85.1
1:51	1:26	10:31:41	6.1	0.9	22.2	1065	722	0.68	12	1619	20.2	92	38	 	 	85.5
1:54	1:29	10:31:44	6.1	0.9	26.9	1288	822	0.64	19	1211	22.6	89	39	 	 	83.8
1:57	1:32	10:31:47	6.1	0.9	27.8	1330	834	0.63	27	920	24.4	89	38	 	 	82.5
1:59	1:34	10:31:49	6.0	0.9	30.3	1452	925	0.64	23	1098	25.7	89	38	 	 	81.6
2:02	1:37	10:31:52	6.0	0.9	26.8	1283	796	0.62	26	873	22.9	85	40	 	 	83.6
2:04	1:39	10:31:54	6.2	0.9	30.0	1435	900	0.63	20	1187	24.3	86	40	 	 	82.6
2:08	1:43	10:31:58	6.1	0.9	27.3	1310	813	0.62	18	1196	22.0	87	39	 	 	84.3
2:11	1:46	10:32:01	6.2	0.9	35.2	1688	1035	0.61	21	1289	26.9	83	41	 	 	80.7
2:14	1:49	10:32:04	6.1	0.9	33.8	1620	1007	0.62	21	1317	27.2	86	39	 	 	80.6
2:17	1:52	10:32:07	6.0	0.9	32.2	1542	972	0.63	18	1344	24.8	84	41	 	 	82.2
2:20	1:55	10:32:10	6.1	0.9	31.1	1488	940	0.63	18	1335	24.5	84	41	 	 	82.5
2:23	1:58	10:32:13	6.1	0.9	28.0	1342	847	0.63	18	1234	21.7	84	42	 	 	84.5
2:27	2:02	10:32:17	6.2	0.9	41.5	1988	1271	0.64	17	1821	31.8	84	42	 	 	77.3
2:31	2:06	10:32:21	6.1	0.9	32.0	1532	1013	0.66	14	1724	24.4	83	43	 	 	82.5
2:35	2:10	10:32:25	6.1	0.9	36.1	1731	1144	0.66	17	1716	28.6	85	42	 	 	79.5
2:38	2:13	10:32:28	6.0	0.9	31.7	1519	1025	0.67	18	1454	26.3	87	42	 	 	81.2
2:41	2:16	10:32:31	6.0	0.9	43.3	2076	1408	0.68	20	1725	35.1	87	42	 	 	74.9
2:44	2:19	10:32:34	6.0	0.9	36.4	1742	1191	0.68	19	1600	29.7	87	42	 	 	78.7
2:47	2:22	10:32:37	6.0	0.9	44.8	2146	1492	0.70	26	1492	38.6	89	41	 	 	72.4
2:50	2:25	10:32:40	6.1	0.9	29.4	1408	1025	0.73	17	1542	26.7	90	42	 	 	80.9
2:53	2:28	10:32:43	6.1	0.9	38.5	1846	1326	0.72	21	1614	33.2	91	41	 	 	76.3
2:56	2:31	10:32:46	6.0	0.9	40.1	1919	1399	0.73	23	1540	35.1	90	42	 	 	74.8
2:59	2:34	10:32:49	6.1	0.9	39.3	1882	1372	0.73	19	1797	34.6	91	42	 	 	75.3
3:02	2:37	10:32:52	6.0	0.9	32.1	1537	1136	0.74	20	1432	28.8	89	43	 	 	79.4
3:05	2:40	10:32:55	6.0	0.9	37.1	1775	1354	0.76	17	2028	34.0	92	41	 	 	75.7
3:08	2:43	10:32:58	6.1	0.9	34.2	1639	1212	0.74	22	1337	29.9	91	42	 	 	78.6
3:11	2:46	10:33:01	6.0	0.9	37.0	1772	1330	0.75	21	1459	31.3	90	42	 	 	77.6
3:14	2:49	10:33:04	6.1	0.9	41.5	1989	1505	0.76	22	1733	37.5	93	41	 	 	73.1
3:16	2:51	10:33:06	6.2	0.9	38.4	1840	1434	0.78	23	1560	36.6	94	41	 	 	73.8
3:19	2:54	10:33:09	6.1	0.9	36.9	1767	1364	0.77	25	1466	36.8	95	40	 	 	73.7
3:21	2:56	10:33:11	6.1	0.9	34.5	1651	1302	0.79	22	1496	33.0	93	42	 	 	76.4
3:23	2:58	10:33:13	6.0	0.9	38.1	1826	1431	0.78	27	1381	37.2	94	41	 	 	73.4
3:26	3:01	10:33:16	6.1	0.9	37.2	1780	1426	0.80	23	1513	34.8	94	41	 	 	75.1
3:28	3:03	10:33:18	6.1	0.9	41.6	1991	1587	0.80	26	1512	39.8	93	43	 	 	71.5
3:31	3:06	10:33:21	6.2	0.9	34.5	1652	1328	0.80	26	1361	35.2	96	40	 	 	74.8
3:33	3:08	10:33:23	6.1	0.9	40.6	1944	1582	0.81	26	1603	41.3	96	41	 	 	70.5
3:36	3:11	10:33:26	6.1	0.9	33.8	1617	1313	0.81	23	1487	33.8	96	41	 	 	75.8
3:38	3:13	10:33:28	6.1	0.9	39.6	1895	1513	0.80	25	1514	38.2	94	42	 	 	72.7
3:41	3:16	10:33:31	6.1	0.9	37.5	1794	1447	0.81	23	1595	37.0	96	41	 	 	73.5
3:43	3:18	10:33:33	6.1	0.9	33.9	1622	1292	0.80	24	1368	32.7	93	43	 	 	76.6
3:46	3:21	10:33:36	6.0	0.9	33.9	1624	1300	0.80	21	1585	32.9	94	42	 	 	76.4
3:48	3:23	10:33:38	6.0	0.9	43.7	2094	1633	0.78	26	1595	41.1	93	42	 	 	70.6
3:51	3:26	10:33:41	6.1	0.9	37.9	1815	1453	0.80	24	1543	37.0	95	41	 	 	73.5
3:53	3:28	10:33:43	6.1	0.9	40.3	1932	1565	0.81	25	1599	39.6	95	42	 	 	71.6
3:56	3:31	10:33:46	6.0	0.9	40.4	1933	1583	0.82	27	1587	42.1	97	40	 	 	69.8
3:58	3:33	10:33:48	6.1	0.9	37.8	1809	1498	0.83	30	1351	40.1	97	40	 	 	71.3
4:00	3:35	10:33:50	6.1	0.9	38.2	1830	1518	0.83	25	1577	38.8	96	42	 	 	72.2
4:02	3:37	10:33:52	6.1	0.9	36.9	1767	1424	0.81	26	1412	36.5	93	43	 	 	73.9
4:05	3:40	10:33:55	6.0	0.9	38.2	1831	1531	0.84	26	1560	40.5	97	40	 	 	71.0
4:07	3:42	10:33:57	6.1	0.9	30.3	1451	1213	0.84	21	1443	30.9	95	42	 	 	77.9
4:09	3:44	10:33:59	6.2	0.9	42.8	2050	1635	0.80	29	1413	40.7	94	42	 	 	70.8
4:12	3:47	10:34:02	6.1	0.9	41.0	1963	1584	0.81	24	1653	40.0	95	41	 	 	71.4
4:15	3:50	10:34:05	6.0	0.9	35.0	1678	1372	0.82	23	1431	33.2	93	43	 	 	76.3
4:17	3:52	10:34:07	6.0	0.9	38.0	1820	1493	0.82	26	1475	38.1	94	42	 	 	72.7
4:19	3:54	10:34:09	6.1	0.9	45.6	2183	1812	0.83	28	1683	46.3	96	41	 	 	66.8
4:21	3:56	10:34:11	6.2	0.9	38.4	1838	1565	0.85	25	1601	40.7	98	40	 	 	70.9
4:24	3:59	10:34:14	6.1	0.9	35.0	1675	1430	0.85	26	1433	36.9	97	41	 	 	73.6
4:26	4:01	10:34:16	6.1	0.9	37.9	1814	1557	0.86	25	1597	40.3	98	41	 	 	71.2
4:28	4:03	10:34:18	6.1	0.9	41.0	1965	1711	0.87	34	1306	44.8	98	40	 	 	67.9
4:30	4:05	10:34:20	6.2	0.9	41.2	1972	1691	0.86	29	1471	43.3	97	41	 	 	69.0
4:32	4:07	10:34:22	6.0	0.9	34.5	1653	1428	0.86	25	1386	34.5	94	43	 	 	75.3
4:34	4:09	10:34:24	6.0	0.9	39.8	1907	1631	0.85	29	1455	42.0	97	41	 	 	70.0
4:38	4:13	10:34:28	6.0	0.9	37.6	1799	1571	0.87	19	2180	41.0	100	40	 	 	70.6
4:40	4:15	10:34:30	6.0	0.9	32.8	1571	1338	0.85	23	1445	33.3	95	43	 	 	76.1
4:42	4:17	10:34:32	6.2	0.9	38.6	1851	1532	0.83	27	1420	38.5	94	43	 	 	72.4
4:45	4:20	10:34:35	6.0	0.9	39.6	1895	1589	0.84	23	1747	39.7	95	42	 	 	71.6
4:47	4:22	10:34:37	6.0	0.9	37.1	1775	1490	0.84	25	1488	37.7	95	42	 	 	73.0
4:50	4:25	10:34:40	6.1	0.9	35.3	1691	1399	0.83	27	1305	35.4	94	42	 	 	74.6
4:52	4:27	10:34:42	6.0	0.9	38.2	1831	1505	0.82	22	1617	35.9	93	43	 	 	74.3
4:55	4:30	10:34:45	6.1	0.9	37.4	1790	1494	0.83	26	1382	36.5	94	43	 	 	73.8
4:57	4:32	10:34:47	6.1	0.9	41.3	1979	1663	0.84	25	1709	43.1	97	41	 	 	69.2
4:59	4:34	10:34:49	6.0	0.9	42.0	2012	1759	0.87	28	1624	46.2	98	40	 	 	66.9
5:01	4:36	10:34:51	6.1	0.9	37.0	1770	1533	0.87	29	1403	40.7	98	41	 	 	70.9
5:04	4:39	10:34:54	6.2	0.9	36.1	1729	1482	0.86	24	1497	35.7	96	42	 	 	74.5
5:06	4:41	10:34:56	6.1	0.9	41.0	1963	1674	0.85	25	1663	41.6	96	42	 	 	70.2
5:09	4:44	10:34:59	6.1	0.9	36.4	1746	1503	0.86	23	1666	38.6	98	41	 	 	72.4
5:11	4:46	10:35:01	6.1	0.9	32.9	1575	1324	0.84	22	1503	32.3	95	43	 	 	76.9
5:14	4:49	10:35:04	6.1	0.9	35.9	1721	1415	0.82	21	1602	33.7	92	44	 	 	75.9
5:16	4:51	10:35:06	6.1	0.9	41.4	1984	1679	0.85	29	1492	43.2	97	41	 	 	69.0
5:19	4:54	10:35:09	6.0	0.9	29.9	1431	1232	0.86	23	1377	32.3	98	41	 	 	76.9
5:21	4:56	10:35:11	6.0	0.9	45.7	2189	1824	0.83	31	1454	45.2	95	43	 	 	67.6
5:23	4:58	10:35:13	6.1	0.9	36.5	1749	1478	0.85	23	1610	37.6	96	42	 	 	73.1
5:26	5:01	10:35:16	6.1	0.9	36.6	1754	1445	0.82	28	1290	36.0	94	43	 	 	74.2
5:28	5:03	10:35:18	6.2	0.9	39.8	1908	1590	0.83	24	1645	39.8	96	42	 	 	71.5
5:31	5:06	10:35:21	6.0	0.9	33.9	1623	1354	0.83	23	1468	34.0	96	42	 	 	75.7
5:33	5:08	10:35:23	6.1	0.9	38.0	1820	1494	0.82	22	1585	35.4	94	43	 	 	74.7
5:36	5:11	10:35:26	6.1	0.9	34.6	1655	1362	0.82	21	1552	33.1	94	43	 	 	76.3
5:38	5:13	10:35:28	6.0	0.9	44.9	2153	1783	0.83	28	1570	44.4	96	41	 	 	68.2
5:40	5:15	10:35:30	6.0	0.9	44.0	2105	1753	0.83	29	1588	46.2	98	40	 	 	66.9
5:42	5:17	10:35:32	6.1	0.9	38.0	1822	1611	0.88	32	1326	42.8	98	41	 	 	69.4
5:44	5:19	10:35:34	6.0	0.9	41.5	1988	1757	0.88	36	1283	46.1	98	41	 	 	67.0
5:46	5:21	10:35:36	6.0	0.9	38.7	1855	1593	0.86	31	1324	41.0	98	41	 	 	70.7
5:48	5:23	10:35:38	6.2	0.9	40.5	1941	1685	0.87	36	1293	47.0	101	39	 	 	66.3
5:51	5:26	10:35:41	6.1	0.9	27.0	1292	1082	0.84	17	1502	26.0	94	45	 	 	81.4
5:53	5:28	10:35:43	6.0	0.9	46.2	2215	1920	0.87	35	1407	49.4	98	41	 	 	64.7
5:55	5:30	10:35:45	6.0	0.9	40.9	1960	1723	0.88	24	1865	44.2	98	41	 	 	68.3
5:57	5:32	10:35:47	6.0	0.9	40.4	1935	1668	0.86	31	1421	44.2	98	41	 	 	68.4
5:59	5:34	10:35:49	6.0	0.9	34.4	1650	1467	0.89	30	1303	39.3	99	40	 	 	71.9
6:02	5:37	10:35:52	6.0	0.9	30.8	1477	1303	0.88	25	1382	34.0	99	41	 	 	75.7
6:03	5:38	10:35:53	6.1	0.9	43.4	2078	1748	0.84	36	1268	45.6	97	41	 	 	67.4
6:06	5:41	10:35:56	6.1	0.9	32.0	1532	1262	0.82	20	1489	30.2	93	44	 	 	78.4
6:08	5:43	10:35:58	6.0	0.9	36.9	1769	1452	0.82	29	1244	36.6	93	44	 	 	73.8
6:11	5:46	10:36:01	6.0	0.9	42.9	2053	1680	0.82	24	1682	40.7	94	43	 	 	70.9
6:13	5:48	10:36:03	6.1	0.9	38.2	1828	1521	0.83	24	1567	37.9	96	42	 	 	72.9
6:24	5:59	10:36:14	6.1	0.9	41.7	1996	1595	0.80	27	1421	38.2	91	45	 	 	72.6
6:27	6:02	10:36:17	6.1	0.9	45.1	2162	1793	0.83	26	1696	44.8	96	42	 	 	67.9
6:29	6:04	10:36:19	3.9	0.9	39.6	1897	1661	0.88	32	1415	44.9	99	40	 	 	67.8
6:30	6:05	10:36:20	2.7	0.9	36.8	1763	1606	0.91	40	1129	45.5	101	39	 	 	67.4
6:32	6:07	10:36:22	2.3	0.9	28.6	1368	1192	0.87	26	1184	31.3	97	42	 	 	77.6
6:34	6:09	10:36:24	2.4	0.9	28.2	1351	1170	0.87	30	1056	31.8	97	42	 	 	77.2
6:36	6:11	10:36:26	2.4	0.9	36.7	1756	1525	0.87	29	1337	39.1	94	43	 	 	72.0
6:39	6:14	10:36:29	2.3	0.9	30.6	1466	1243	0.85	23	1362	31.7	95	43	 	 	77.3
6:42	6:17	10:36:32	2.4	0.9	29.6	1419	1198	0.84	23	1323	30.3	94	44	 	 	78.3
6:44	6:19	10:36:34	2.4	0.9	27.6	1322	1113	0.84	22	1257	27.1	92	45	 	 	80.6
6:47	6:22	10:36:37	2.4	0.9	30.2	1447	1234	0.85	26	1211	30.9	93	45	 	 	77.9
6:50	6:25	10:36:40	2.4	0.9	30.6	1464	1221	0.83	20	1431	29.0	91	46	 	 	79.2
6:53	6:28	10:36:43	2.3	0.9	24.3	1165	982	0.84	17	1407	23.3	93	46	 	 	83.3
6:56	6:31	10:36:46	2.4	0.9	27.3	1306	1087	0.83	22	1211	26.8	94	45	 	 	80.8
6:59	6:34	10:36:49	2.4	0.9	28.7	1376	1177	0.86	24	1182	27.8	92	46	 	 	80.1
7:01	6:36	10:36:51	2.4	0.9	28.0	1339	1167	0.87	24	1197	29.3	95	44	 	 	79.0
7:03	6:38	10:36:53	2.4	0.9	30.2	1446	1296	0.90	24	1361	33.2	98	43	 	 	76.2
7:06	6:41	10:36:56	2.4	0.9	25.7	1233	1143	0.93	25	1213	30.6	101	42	 	 	78.1
7:08	6:43	10:36:58	2.3	0.9	25.2	1206	1160	0.96	24	1282	30.8	101	42	 	 	78.0
7:11	6:46	10:37:01	2.4	0.9	26.7	1279	1242	0.97	23	1389	32.4	102	42	 	 	76.8
7:14	6:49	10:37:04	2.4	0.9	19.8	947	937	0.99	18	1319	24.1	102	42	 	 	82.8
7:17	6:52	10:37:07	2.4	0.9	23.4	1120	1142	1.02	25	1235	30.6	104	41	 	 	78.1
7:19	6:54	10:37:09	2.4	0.9	22.3	1066	1128	1.06	30	1080	32.1	107	39	 	 	77.0
7:21	6:56	10:37:11	2.4	0.9	19.7	945	1012	1.07	24	1167	28.5	107	40	 	 	79.6
7:24	6:59	10:37:14	2.4	0.9	18.1	865	925	1.07	24	1084	26.1	106	40	 	 	81.3
7:25	7:00	10:37:15	2.4	0.9	16.8	807	882	1.09	40	738	29.7	109	38	 	 	78.7
7:30	7:05	10:37:20	2.4	0.9	10.8	517	556	1.08	16	996	15.7	105	42	 	 	88.8
7:33	7:08	10:37:23	2.4	0.9	10.7	510	536	1.05	23	654	15.0	97	47	 	 	89.3
7:34	7:09	10:37:24	2.3	0.9	31.8	1522	1546	1.02	39	1138	44.4	106	39	 	 	68.2
7:38	7:13	10:37:28	2.4	0.9	18.5	887	910	1.03	17	1451	24.2	105	41	 	 	82.7
7:40	7:15	10:37:30	2.4	0.9	20.3	973	1079	1.11	32	1039	32.8	109	38	 	 	76.5
7:41	7:16	10:37:31	2.4	0.9	11.1	533	639	1.20	46	494	22.8	107	39	 	 	83.7
7:43	7:18	10:37:33	2.3	0.9	17.8	851	939	1.10	34	802	27.3	108	38	 	 	80.4
7:45	7:20	10:37:35	2.4	0.9	14.7	705	778	1.10	25	951	23.6	108	38	 	 	83.1
7:48	7:23	10:37:38	2.4	0.9	17.1	818	853	1.04	22	1069	23.6	106	40	 	 	83.1
7:50	7:25	10:37:40	2.3	0.9	20.5	984	1045	1.06	30	1008	30.1	107	39	 	 	78.5
7:52	7:27	10:37:42	2.4	0.9	17.6	845	911	1.08	26	1088	27.8	110	37	 	 	80.1
7:55	7:30	10:37:45	2.4	0.9	15.1	723	782	1.08	20	1142	22.9	107	40	 	 	83.6
7:57	7:32	10:37:47	2.3	0.9	16.7	800	861	1.08	26	974	25.6	107	39	 	 	81.7
8:00	7:35	10:37:50	2.4	0.9	15.4	739	801	1.08	23	1057	24.5	109	37	 	 	82.5
8:02	7:37	10:37:52	2.4	0.9	15.7	752	808	1.07	26	968	24.7	108	38	 	 	82.3
8:05	7:40	10:37:55	2.3	0.9	14.9	711	785	1.10	27	908	24.6	108	38	 	 	82.4
8:07	7:42	10:37:57	2.4	0.9	14.5	693	758	1.09	24	991	23.9	109	37	 	 	82.9
8:10	7:45	10:38:00	2.4	0.9	11.4	546	597	1.09	20	914	18.4	109	38	 	 	86.8
8:14	7:49	10:38:04	2.3	0.9	13.5	649	673	1.04	16	1148	18.8	105	40	 	 	86.6
8:16	7:51	10:38:06	2.4	0.9	13.6	653	661	1.01	23	867	19.7	104	40	 	 	85.9
8:20	7:55	10:38:10	2.3	0.9	13.1	628	629	1.00	18	1013	18.4	104	40	 	 	86.8
8:22	7:57	10:38:12	2.4	0.9	14.8	711	725	1.02	26	876	22.5	106	38	 	 	83.9
8:25	8:00	10:38:15	2.4	0.9	14.9	715	729	1.02	21	1061	22.3	107	38	 	 	84.0
8:28	8:03	10:38:18	2.4	0.9	12.0	574	570	0.99	18	936	16.9	105	39	 	 	87.9
8:31	8:06	10:38:21	2.3	0.9	14.3	685	666	0.97	21	924	19.3	104	40	 	 	86.2
8:34	8:09	10:38:24	2.4	0.9	13.9	668	656	0.98	23	875	19.7	105	39	 	 	85.9
8:37	8:12	10:38:27	2.4	0.9	12.4	594	594	1.00	19	932	17.8	104	39	 	 	87.2
8:40	8:15	10:38:30	2.3	0.9	14.2	682	654	0.96	20	935	19.2	104	39	 	 	86.3
8:42	8:17	10:38:32	2.4	0.9	16.0	768	750	0.98	29	814	23.4	105	38	 	 	83.3
8:44	8:19	10:38:34	2.4	0.9	16.5	792	786	0.99	30	832	25.1	105	38	 	 	82.0
8:47	8:22	10:38:37	2.4	0.9	12.9	618	614	1.00	22	877	19.4	107	37	 	 	86.1
8:50	8:25	10:38:40	2.4	0.9	10.9	523	518	0.99	18	870	15.4	104	40	 	 	88.9
8:52	8:27	10:38:42	2.3	0.9	16.0	768	762	0.99	28	806	22.4	105	39	 	 	84.0
8:54	8:29	10:38:44	2.4	0.9	16.7	801	802	1.00	29	854	24.9	106	37	 	 	82.2
8:56	8:31	10:38:46	2.4	0.9	14.5	694	688	0.99	29	776	22.2	106	38	 	 	84.1
8:59	8:34	10:38:49	2.5	0.9	13.9	667	669	1.00	24	860	21.0	105	38	 	 	85.0
9:01	8:36	10:38:51	2.3	0.9	13.1	626	631	1.01	28	737	20.7	108	37	 	 	85.1
9:03	8:38	10:38:53	2.4	0.9	13.7	657	665	1.01	29	757	22.1	106	38	 	 	84.1
9:06	8:41	10:38:56	2.4	0.9	10.9	522	506	0.97	21	716	15.0	104	39	 	 	89.3
9:08	8:43	10:38:58	2.3	0.9	13.8	659	638	0.97	25	791	20.0	103	39	 	 	85.7
9:11	8:46	10:39:01	2.3	0.9	13.4	641	603	0.94	23	796	18.5	104	39	 	 	86.7
9:14	8:49	10:39:04	2.4	0.9	12.8	614	588	0.96	20	887	18.0	103	39	 	 	87.1
9:17	8:52	10:39:07	2.4	0.9	12.7	608	566	0.93	19	914	17.0	103	39	 	 	87.9
9:20	8:55	10:39:10	2.3	0.9	14.6	699	655	0.94	23	864	20.3	105	38	 	 	85.5
9:24	8:59	10:39:14	2.4	0.9	16.1	772	764	0.99	15	1536	22.5	107	37	 	 	83.9
9:26	9:01	10:39:16	2.4	0.9	13.1	627	621	0.99	24	811	19.6	105	38	 	 	86.0
9:29	9:04	10:39:19	3.9	0.9	14.1	676	648	0.96	24	851	20.2	104	38	 	 	85.5
9:32	9:07	10:39:22	5.1	0.9	12.6	605	573	0.95	20	882	17.5	104	40	 	 	87.5
9:34	9:09	10:39:24	5.2	0.9	20.3	974	892	0.92	21	1172	24.9	103	39	 	 	82.2
9:37	9:12	10:39:27	5.2	0.9	18.0	861	799	0.93	23	1001	23.2	105	37	 	 	83.4
9:40	9:15	10:39:30	5.1	0.9	17.0	814	768	0.94	20	1143	22.5	105	38	 	 	83.9
9:43	9:18	10:39:33	5.2	0.9	17.1	819	761	0.93	21	1054	22.0	104	38	 	 	84.2
9:46	9:21	10:39:36	5.2	0.9	18.6	892	805	0.90	23	987	22.6	102	39	 	 	83.8
9:47	9:22	10:39:37	5.1	0.9	25.2	1206	1084	0.90	53	662	35.1	103	37	 	 	74.8
9:52	9:27	10:39:42	5.1	0.9	16.4	786	655	0.83	12	1520	18.3	94	43	 	 	86.9
9:53	9:28	10:39:43	5.2	0.9	27.3	1306	1135	0.87	54	645	34.9	100	39	 	 	75.0
9:55	9:30	10:39:45	5.1	0.9	28.5	1365	1067	0.78	30	1062	31.7	97	39	 	 	77.3
9:57	9:32	10:39:47	5.1	0.9	29.0	1388	1128	0.81	28	1153	32.5	99	38	 	 	76.7
9:59	9:34	10:39:49	5.2	0.9	26.9	1287	1028	0.80	30	1032	31.0	99	38	 	 	77.8
10:01	9:36	10:39:51	5.3	0.9	26.7	1278	989	0.77	27	1064	28.9	97	39	 	 	79.3
10:03	9:38	10:39:53	5.1	0.9	25.9	1242	977	0.79	29	972	28.2	98	38	 	 	79.8
10:06	9:41	10:39:56	5.2	0.9	22.2	1065	814	0.76	22	1011	22.7	94	40	 	 	83.7
10:09	9:44	10:39:59	5.2	0.9	26.6	1276	929	0.73	17	1376	23.3	90	42	 	 	83.3
10:11	9:46	10:40:01	5.2	0.9	34.2	1641	1172	0.71	30	1061	31.8	90	41	 	 	77.2
10:14	9:49	10:40:04	5.2	0.9	30.1	1441	1032	0.72	21	1342	28.1	91	40	 	 	79.9
10:16	9:51	10:40:06	5.2	0.9	36.8	1762	1265	0.72	32	1103	35.2	93	40	 	 	74.8
10:19	9:54	10:40:09	5.2	0.9	26.0	1247	903	0.72	21	1182	24.3	91	41	 	 	82.6
10:22	9:57	10:40:12	5.1	0.9	31.7	1520	1087	0.72	21	1332	28.0	90	41	 	 	79.9
10:25	10:00	10:40:15	5.1	0.9	29.4	1407	995	0.71	21	1206	24.9	89	41	 	 	82.1
10:27	10:02	10:40:17	5.2	0.9	37.5	1796	1292	0.72	24	1401	33.5	91	41	 	 	76.0
10:30	10:05	10:40:20	5.1	0.9	31.3	1502	1092	0.73	22	1315	28.5	90	42	 	 	79.6
10:34	10:09	10:40:24	5.2	0.9	33.8	1617	1210	0.75	17	1796	31.3	92	41	 	 	77.6
10:36	10:11	10:40:26	5.1	0.9	29.0	1391	1014	0.73	21	1221	25.9	90	43	 	 	81.5
10:39	10:14	10:40:29	5.1	0.9	36.1	1729	1261	0.73	26	1236	32.7	90	42	 	 	76.6
10:42	10:17	10:40:32	5.2	0.9	35.4	1695	1247	0.74	22	1477	32.0	93	41	 	 	77.1
10:44	10:19	10:40:34	5.1	0.9	34.9	1673	1237	0.74	25	1324	32.8	92	41	 	 	76.5
10:46	10:21	10:40:36	5.1	0.9	31.4	1505	1153	0.77	25	1228	30.9	93	41	 	 	77.8
10:49	10:24	10:40:39	5.2	0.9	27.9	1335	1039	0.78	20	1412	27.6	95	40	 	 	80.3
10:51	10:26	10:40:41	5.2	0.9	37.1	1776	1360	0.77	31	1159	35.7	93	41	 	 	74.5
10:54	10:29	10:40:44	5.2	0.9	38.8	1858	1463	0.79	20	1930	38.3	95	41	 	 	72.6
10:57	10:32	10:40:47	5.1	0.9	33.2	1591	1246	0.78	27	1269	33.7	96	40	 	 	75.9
10:59	10:34	10:40:49	5.2	0.9	34.6	1657	1325	0.80	23	1530	34.9	97	40	 	 	75.0
11:02	10:37	10:40:52	5.3	0.9	26.8	1284	1025	0.80	24	1144	26.9	94	41	 	 	80.7
11:05	10:40	10:40:55	5.1	0.9	28.7	1377	1074	0.78	20	1324	27.1	92	43	 	 	80.6
11:07	10:42	10:40:57	5.3	0.9	35.9	1720	1316	0.76	24	1376	33.2	92	42	 	 	76.3
11:10	10:45	10:41:00	5.1	0.9	31.8	1523	1160	0.76	20	1438	29.3	93	42	 	 	79.1
11:13	10:48	10:41:03	5.2	0.9	33.3	1594	1204	0.76	24	1292	30.5	91	43	 	 	78.1
11:16	10:51	10:41:06	5.2	0.9	31.7	1517	1197	0.79	17	1773	30.8	94	42	 	 	77.9
11:19	10:54	10:41:09	5.1	0.9	36.2	1734	1331	0.77	22	1459	32.7	91	43	 	 	76.6
11:22	10:57	10:41:12	5.2	0.9	29.5	1411	1090	0.77	17	1587	26.4	91	43	 	 	81.1
11:25	11:00	10:41:15	5.2	0.9	32.4	1551	1164	0.75	24	1203	28.9	89	44	 	 	79.3
11:28	11:03	10:41:18	5.2	0.9	38.5	1845	1428	0.77	22	1680	36.8	93	42	 	 	73.7
11:30	11:05	10:41:20	5.1	0.9	37.2	1781	1404	0.79	30	1222	37.0	94	41	 	 	73.5
11:33	11:08	10:41:23	5.2	0.9	27.5	1316	1049	0.80	20	1326	27.1	94	41	 	 	80.6
11:35	11:10	10:41:25	5.2	0.9	42.3	2028	1608	0.79	31	1361	41.9	93	41	 	 	70.0
11:38	11:13	10:41:28	5.2	0.9	33.8	1621	1327	0.82	17	1974	33.6	94	43	 	 	76.0
11:41	11:16	10:41:31	5.2	0.9	31.7	1518	1192	0.79	22	1316	29.6	92	43	 	 	78.8
11:44	11:19	10:41:34	5.1	0.9	35.7	1710	1380	0.81	19	1795	34.1	94	42	 	 	75.6
11:46	11:21	10:41:36	5.2	0.9	38.6	1849	1500	0.81	28	1364	38.8	96	41	 	 	72.2
11:48	11:23	10:41:38	5.1	0.9	39.4	1887	1532	0.81	26	1545	40.5	96	41	 	 	71.0
11:50	11:25	10:41:40	5.2	0.9	33.4	1599	1339	0.84	28	1312	37.0	98	40	 	 	73.5
11:53	11:28	10:41:43	5.2	0.9	28.5	1367	1176	0.86	24	1339	31.6	99	40	 	 	77.4
11:55	11:30	10:41:45	5.1	0.9	36.1	1731	1436	0.83	30	1230	37.3	95	42	 	 	73.3
11:58	11:33	10:41:48	5.2	0.9	35.6	1704	1453	0.85	18	2061	37.3	97	41	 	 	73.3
12:00	11:35	10:41:50	5.1	0.9	34.1	1634	1367	0.84	34	1114	37.8	98	40	 	 	73.0
12:02	11:37	10:41:52	5.2	0.9	35.8	1713	1451	0.85	32	1226	39.5	97	41	 	 	71.7
12:04	11:39	10:41:54	5.2	0.9	36.5	1750	1503	0.86	29	1397	40.3	99	40	 	 	71.2
12:06	11:41	10:41:56	5.1	0.9	32.1	1538	1306	0.85	28	1264	35.3	99	40	 	 	74.7
12:08	11:43	10:41:58	5.2	0.9	31.4	1506	1267	0.84	28	1251	34.8	97	41	 	 	75.1
12:11	11:46	10:42:01	5.1	0.9	33.4	1601	1324	0.83	25	1335	33.6	95	42	 	 	75.9
12:13	11:48	10:42:03	5.2	0.9	35.2	1687	1381	0.82	25	1411	35.4	96	41	 	 	74.6
12:16	11:51	10:42:06	5.1	0.9	28.6	1369	1150	0.84	24	1289	30.7	97	41	 	 	78.0
12:18	11:53	10:42:08	5.2	0.9	39.0	1868	1515	0.81	28	1416	39.1	96	41	 	 	72.0
12:20	11:55	10:42:10	5.2	0.9	35.4	1694	1448	0.85	30	1284	38.9	98	40	 	 	72.1
12:21	11:56	10:42:11	5.2	0.9	24.5	1173	993	0.85	38	835	31.9	101	38	 	 	77.2
12:23	11:58	10:42:13	5.1	0.9	29.0	1388	1141	0.82	32	942	29.9	95	42	 	 	78.6
12:25	12:00	10:42:15	5.2	0.9	36.8	1762	1477	0.84	31	1235	38.0	95	42	 	 	72.8
12:27	12:02	10:42:17	4.5	0.9	33.1	1587	1319	0.83	28	1265	34.8	97	41	 	 	75.1
12:29	12:04	10:42:19	3.5	0.9	35.1	1679	1396	0.83	30	1218	36.9	96	41	 	 	73.6
12:32	12:07	10:42:22	3.5	0.9	30.1	1441	1196	0.83	26	1259	32.6	97	40	 	 	76.7
12:34	12:09	10:42:24	3.8	0.9	27.8	1333	1112	0.83	23	1281	29.6	96	41	 	 	78.8
12:37	12:12	10:42:27	3.7	0.9	27.4	1314	1088	0.83	22	1269	28.4	95	42	 	 	79.7
12:39	12:14	10:42:29	3.7	0.9	27.7	1327	1101	0.83	25	1166	29.0	96	41	 	 	79.2
12:42	12:17	10:42:32	3.7	0.9	31.5	1510	1238	0.82	26	1213	31.4	94	43	 	 	77.5
12:44	12:19	10:42:34	3.7	0.9	31.1	1488	1200	0.81	23	1343	30.5	94	42	 	 	78.2
12:46	12:21	10:42:36	3.7	0.9	27.9	1337	1133	0.85	28	1103	31.2	97	41	 	 	77.7
12:49	12:24	10:42:39	3.7	0.9	26.2	1254	1053	0.84	21	1272	27.2	94	43	 	 	80.6
12:52	12:27	10:42:42	3.7	0.9	28.7	1377	1138	0.83	19	1486	28.4	94	43	 	 	79.7
12:55	12:30	10:42:45	3.8	0.9	26.7	1280	1073	0.84	21	1275	27.3	97	42	 	 	80.4
12:57	12:32	10:42:47	3.7	0.9	31.1	1488	1250	0.84	27	1203	32.8	96	42	 	 	76.5
13:00	12:35	10:42:50	3.5	0.9	26.0	1246	1073	0.86	21	1322	27.4	97	41	 	 	80.4
13:03	12:38	10:42:53	3.5	0.9	28.3	1353	1181	0.87	27	1195	32.0	98	41	 	 	77.1
13:05	12:40	10:42:55	3.5	0.9	26.1	1253	1111	0.89	24	1235	29.9	99	41	 	 	78.6
13:08	12:43	10:42:58	3.5	0.9	25.7	1230	1111	0.90	23	1264	29.6	100	41	 	 	78.8
13:10	12:45	10:43:00	3.7	0.9	28.0	1343	1201	0.89	28	1164	32.6	99	41	 	 	76.6
13:12	12:47	10:43:02	3.5	0.9	25.7	1230	1131	0.92	25	1230	31.1	100	41	 	 	77.7
13:15	12:50	10:43:05	3.5	0.9	21.5	1030	956	0.93	22	1164	25.7	100	42	 	 	81.6
13:17	12:52	10:43:07	3.5	0.9	26.4	1264	1187	0.94	27	1194	32.3	102	40	 	 	76.9
13:20	12:55	10:43:10	3.5	0.9	24.1	1156	1097	0.95	24	1293	30.6	104	39	 	 	78.1
13:21	12:56	10:43:11	3.7	0.9	21.3	1022	1006	0.99	32	908	28.7	105	38	 	 	79.5
13:24	12:59	10:43:14	3.7	0.9	20.9	1000	943	0.94	21	1198	25.5	100	42	 	 	81.8
13:27	13:02	10:43:17	3.7	0.9	15.7	754	747	0.99	26	874	22.3	104	39	 	 	84.0
13:30	13:05	10:43:20	3.7	0.9	15.6	745	673	0.90	18	1000	17.8	97	43	 	 	87.3
13:33	13:08	10:43:23	3.7	0.9	29.5	1415	1237	0.87	24	1362	32.2	98	42	 	 	77.0
13:36	13:11	10:43:26	3.5	0.9	23.4	1119	1000	0.89	20	1361	26.9	100	40	 	 	80.7
13:38	13:13	10:43:28	3.5	0.9	23.6	1132	1035	0.91	23	1258	28.6	102	39	 	 	79.5
13:40	13:15	10:43:30	3.5	0.9	22.6	1082	1010	0.93	31	943	28.9	102	39	 	 	79.3
13:43	13:18	10:43:33	3.7	0.9	18.9	905	844	0.93	24	1028	24.4	103	39	 	 	82.5
13:46	13:21	10:43:36	3.7	0.9	22.7	1086	1080	1.00	19	1627	31.6	108	37	 	 	77.4
13:48	13:23	10:43:38	3.5	0.9	20.8	994	958	0.96	24	1127	26.9	102	40	 	 	80.7
13:50	13:25	10:43:40	3.7	0.9	18.2	871	842	0.97	30	822	25.0	102	40	 	 	82.1
13:53	13:28	10:43:43	3.7	0.9	20.9	1001	946	0.94	22	1179	26.2	101	41	 	 	81.2
13:55	13:30	10:43:45	3.5	0.9	18.4	881	825	0.94	26	915	24.1	103	39	 	 	82.8
13:57	13:32	10:43:47	3.7	0.9	21.5	1028	949	0.92	30	897	27.3	102	40	 	 	80.4
13:59	13:34	10:43:49	3.7	0.9	21.2	1016	929	0.91	31	877	27.0	100	40	 	 	80.7
14:01	13:36	10:43:51	3.5	0.9	20.3	971	887	0.91	32	839	26.6	101	39	 	 	80.9
14:04	13:39	10:43:54	3.7	0.9	19.5	932	834	0.90	21	1114	23.2	101	40	 	 	83.4
14:06	13:41	10:43:56	3.5	0.9	18.0	861	804	0.93	27	882	23.7	103	39	 	 	83.0
14:09	13:44	10:43:59	3.7	0.9	21.4	1023	936	0.92	25	1074	27.1	102	39	 	 	80.6
14:11	13:46	10:44:01	3.7	0.9	21.5	1028	928	0.90	30	889	27.0	102	39	 	 	80.7
14:12	13:47	10:44:02	3.7	0.9	21.3	1021	928	0.91	32	856	27.3	101	39	 	 	80.4
14:14	13:49	10:44:04	3.7	0.9	19.4	931	846	0.91	31	826	25.9	101	39	 	 	81.4
14:16	13:51	10:44:06	3.7	0.9	20.2	965	868	0.90	33	805	26.2	101	39	 	 	81.2
14:18	13:53	10:44:08	3.7	0.9	22.1	1057	934	0.88	30	888	27.0	100	40	 	 	80.6
14:20	13:55	10:44:10	3.7	0.9	19.4	928	846	0.91	28	903	25.2	103	38	 	 	82.0
14:23	13:58	10:44:13	3.7	0.9	19.8	951	838	0.88	24	1034	24.7	101	39	 	 	82.3
14:25	14:00	10:44:15	3.7	0.9	20.6	986	864	0.88	28	906	25.1	100	40	 	 	82.1
14:28	14:03	10:44:18	3.7	0.9	16.8	802	711	0.89	20	979	20.0	99	40	 	 	85.6
14:30	14:05	10:44:20	3.5	0.9	21.3	1018	880	0.86	27	944	25.1	98	41	 	 	82.1
14:33	14:08	10:44:23	3.7	0.9	19.9	952	816	0.86	25	920	23.1	98	40	 	 	83.5
14:35	14:10	10:44:25	3.7	0.9	22.0	1056	898	0.85	28	931	25.6	97	41	 	 	81.7
14:37	14:12	10:44:27	3.5	0.9	22.7	1087	936	0.86	26	1027	27.1	100	39	 	 	80.6
14:39	14:14	10:44:29	3.7	0.9	23.9	1146	994	0.87	30	959	28.6	99	40	 	 	79.5
14:41	14:16	10:44:31	3.7	0.9	19.0	911	795	0.87	31	784	24.6	100	39	 	 	82.4
14:43	14:18	10:44:33	3.7	0.9	19.7	943	831	0.88	28	889	24.8	101	39	 	 	82.2
14:45	14:20	10:44:35	3.7	0.9	22.8	1091	968	0.89	28	987	28.1	100	39	 	 	79.9
14:48	14:23	10:44:38	3.5	0.9	22.4	1073	960	0.89	25	1104	28.1	102	38	 	 	79.9
14:50	14:25	10:44:40	3.7	0.9	18.1	869	806	0.93	28	912	25.1	105	36	 	 	82.0
14:52	14:27	10:44:42	3.7	0.9	20.0	959	880	0.92	30	890	26.6	103	38	 	 	81.0
14:54	14:29	10:44:44	3.8	0.9	20.8	997	914	0.92	32	874	27.7	102	39	 	 	80.1
14:56	14:31	10:44:46	3.7	0.9	13.5	645	598	0.93	24	777	18.7	103	38	 	 	86.6
14:58	14:33	10:44:48	3.7	0.9	21.5	1031	910	0.88	28	953	26.5	101	39	 	 	81.0
15:01	14:36	10:44:51	3.7	0.9	16.7	798	677	0.85	20	953	19.5	97	41	 	 	86.1
15:03	14:38	10:44:53	3.8	0.9	22.8	1093	936	0.86	28	989	27.2	100	39	 	 	80.5
15:06	14:41	10:44:56	3.7	0.9	21.6	1033	888	0.86	28	940	26.1	100	39	 	 	81.3
15:09	14:44	10:44:59	3.7	0.9	15.5	743	645	0.87	19	1049	19.9	96	41	 	 	85.7
15:11	14:46	10:45:01	3.5	0.9	22.0	1056	883	0.84	30	847	25.2	95	41	 	 	82.0
15:13	14:48	10:45:03	3.5	0.9	25.5	1220	1008	0.83	27	1100	29.3	99	38	 	 	79.0
15:15	14:50	10:45:05	3.7	0.9	20.0	960	811	0.84	32	750	23.8	99	39	 	 	82.9
15:17	14:52	10:45:07	3.7	0.9	22.5	1076	917	0.85	33	823	27.3	99	39	 	 	80.5
15:19	14:54	10:45:09	3.7	0.9	20.0	956	801	0.84	26	931	23.8	99	39	 	 	83.0
15:21	14:56	10:45:11	3.7	0.9	23.9	1142	965	0.84	31	934	28.7	98	40	 	 	79.4
15:23	14:58	10:45:13	3.5	0.9	22.0	1052	902	0.86	27	964	26.4	99	39	 	 	81.1
15:26	15:01	10:45:16	3.7	0.9	21.4	1026	871	0.85	24	1064	25.0	100	39	 	 	82.1
15:28	15:03	10:45:18	3.8	0.9	22.9	1096	934	0.85	25	1064	27.0	100	39	 	 	80.6
15:30	15:05	10:45:20	3.8	0.9	21.6	1033	894	0.87	30	895	26.4	99	39	 	 	81.1
15:33	15:08	10:45:23	3.7	0.9	19.4	931	812	0.87	24	1007	23.8	101	39	 	 	83.0
15:36	15:11	10:45:26	3.8	0.9	16.9	808	681	0.84	21	934	19.3	98	40	 	 	86.2
15:40	15:15	10:45:30	3.7	0.9	18.6	889	767	0.86	15	1407	21.0	96	42	 	 	85.0
15:42	15:17	10:45:32	3.7	0.9	20.8	998	823	0.82	26	892	23.4	97	40	 	 	83.3
15:44	15:19	10:45:34	3.9	0.9	25.1	1202	981	0.82	26	1108	28.3	99	39	 	 	79.7
15:46	15:21	10:45:36	4.0	0.9	20.2	965	824	0.85	33	756	25.1	99	39	 	 	82.1
15:48	15:23	10:45:38	4.0	0.9	25.3	1213	986	0.81	25	1062	26.7	97	40	 	 	80.9
15:50	15:25	10:45:40	3.9	0.9	19.6	940	823	0.87	37	724	26.8	103	37	 	 	80.8
15:53	15:28	10:45:43	4.0	0.9	24.8	1189	1029	0.87	24	1339	31.5	104	37	 	 	77.4
15:54	15:29	10:45:44	4.0	0.9	19.6	938	837	0.89	33	788	26.1	102	38	 	 	81.3
15:57	15:32	10:45:47	3.9	0.9	17.5	840	739	0.88	29	781	23.0	102	38	 	 	83.6
15:58	15:33	10:45:48	4.0	0.9	17.6	843	756	0.90	35	666	23.1	102	38	 	 	83.5
16:00	15:35	10:45:50	4.0	0.9	13.0	624	530	0.85	34	496	17.1	97	41	 	 	87.8
16:02	15:37	10:45:52	4.0	0.9	25.4	1219	1008	0.83	25	1126	28.3	99	39	 	 	79.8
16:05	15:40	10:45:55	4.0	0.9	21.8	1042	872	0.84	26	985	25.8	100	39	 	 	81.5
16:07	15:42	10:45:57	4.0	0.9	25.0	1198	1011	0.84	29	1018	29.4	99	39	 	 	79.0
16:09	15:44	10:45:59	3.9	0.9	23.2	1109	942	0.85	31	910	28.0	100	38	 	 	80.0
16:11	15:46	10:46:01	4.0	0.9	22.1	1057	901	0.85	27	980	26.1	100	38	 	 	81.3
16:13	15:48	10:46:03	4.2	0.9	20.7	992	837	0.84	25	983	24.8	100	38	 	 	82.3
16:15	15:50	10:46:05	4.0	0.9	20.1	964	823	0.85	29	841	24.5	99	39	 	 	82.5
16:18	15:53	10:46:08	4.2	0.9	25.7	1230	1008	0.82	22	1281	28.4	99	39	 	 	79.7
16:20	15:55	10:46:10	4.0	0.9	20.5	981	827	0.84	26	935	24.4	99	39	 	 	82.5
16:23	15:58	10:46:13	4.2	0.9	26.0	1247	1030	0.83	23	1247	29.0	98	40	 	 	79.2
16:25	16:00	10:46:15	4.2	0.9	21.4	1024	866	0.85	30	826	25.2	99	39	 	 	82.0
16:27	16:02	10:46:17	4.3	0.9	25.4	1218	987	0.81	27	1039	28.1	97	40	 	 	79.9
16:30	16:05	10:46:20	4.3	0.9	22.9	1096	900	0.82	23	1114	25.9	99	39	 	 	81.5
16:32	16:07	10:46:22	4.3	0.9	28.3	1356	1086	0.80	28	1116	31.0	97	40	 	 	77.8
16:34	16:09	10:46:24	4.3	0.9	25.2	1207	973	0.81	23	1180	27.6	98	39	 	 	80.3
16:37	16:12	10:46:27	4.3	0.9	23.7	1133	910	0.80	25	1074	27.1	99	39	 	 	80.6
16:41	16:16	10:46:31	4.3	0.9	27.3	1308	1097	0.84	16	1948	30.2	99	39	 	 	78.4
16:42	16:17	10:46:32	4.3	0.9	13.9	668	561	0.84	37	456	16.7	93	42	 	 	88.0
16:45	16:20	10:46:35	4.3	0.9	25.3	1210	928	0.77	27	948	25.3	92	42	 	 	81.9
16:48	16:23	10:46:38	4.5	0.9	23.2	1111	830	0.75	17	1307	21.8	92	41	 	 	84.4
16:50	16:25	10:46:40	4.5	0.9	33.3	1594	1183	0.74	32	977	31.7	91	41	 	 	77.3
16:53	16:28	10:46:43	4.5	0.9	33.3	1594	1180	0.74	25	1265	31.4	93	40	 	 	77.6
16:54	16:29	10:46:44	4.3	0.9	14.6	702	560	0.80	43	529	22.7	102	35	 	 	83.8
16:56	16:31	10:46:46	4.5	0.9	44.3	2121	1654	0.78	33	1315	43.8	93	41	 	 	68.6
16:58	16:33	10:46:48	4.7	0.9	33.0	1579	1217	0.77	33	1015	33.4	94	40	 	 	76.1
17:00	16:35	10:46:50	4.6	0.9	32.2	1540	1188	0.77	28	1172	33.2	95	39	 	 	76.3
17:02	16:37	10:46:52	4.6	0.9	27.1	1297	1012	0.78	22	1249	26.9	95	40	 	 	80.8
17:05	16:40	10:46:55	4.7	0.9	32.0	1531	1193	0.78	27	1188	31.5	96	40	 	 	77.4
17:07	16:42	10:46:57	4.7	0.9	34.4	1648	1269	0.77	24	1413	34.2	95	40	 	 	75.5
17:10	16:45	10:47:00	4.7	0.9	27.4	1312	1038	0.79	25	1167	28.8	97	39	 	 	79.4
17:12	16:47	10:47:02	4.7	0.9	28.2	1351	1057	0.78	25	1169	28.7	95	41	 	 	79.4
17:15	16:50	10:47:05	4.8	0.9	27.6	1321	1028	0.78	18	1455	26.9	95	41	 	 	80.8
17:18	16:53	10:47:08	4.7	0.9	31.9	1529	1175	0.77	20	1476	29.5	94	41	 	 	78.9
17:21	16:56	10:47:11	4.8	0.9	34.6	1659	1282	0.77	27	1284	34.9	95	40	 	 	75.1
17:23	16:58	10:47:13	4.8	0.9	33.8	1619	1275	0.79	27	1309	34.7	96	40	 	 	75.1
17:26	17:01	10:47:16	4.8	0.9	28.6	1370	1083	0.79	21	1320	27.1	94	41	 	 	80.6
17:29	17:04	10:47:19	4.8	0.9	27.7	1326	1055	0.80	21	1272	27.1	93	42	 	 	80.6
17:31	17:06	10:47:21	4.8	0.9	32.7	1568	1225	0.78	22	1414	31.4	93	42	 	 	77.5
17:34	17:09	10:47:24	4.8	0.9	28.5	1367	1041	0.76	24	1099	26.9	92	42	 	 	80.7
17:36	17:11	10:47:26	4.8	0.9	32.7	1567	1222	0.78	27	1186	32.1	93	41	 	 	77.1
17:39	17:14	10:47:29	4.8	0.9	33.0	1582	1212	0.77	19	1553	30.2	92	43	 	 	78.4
17:41	17:16	10:47:31	4.8	0.9	32.7	1567	1228	0.78	25	1271	32.3	94	41	 	 	76.9
17:44	17:19	10:47:34	5.1	0.9	33.0	1583	1239	0.78	26	1274	33.0	95	41	 	 	76.4
17:46	17:21	10:47:36	5.0	0.9	37.8	1813	1427	0.79	26	1464	38.7	97	40	 	 	72.3
17:48	17:23	10:47:38	5.1	0.9	33.9	1626	1336	0.82	28	1329	37.3	99	39	 	 	73.3
17:50	17:25	10:47:40	5.1	0.9	37.0	1770	1481	0.84	28	1446	40.5	99	39	 	 	71.0
17:53	17:28	10:47:43	5.1	0.9	28.9	1384	1142	0.83	25	1221	30.7	95	41	 	 	78.0
17:55	17:30	10:47:45	5.1	0.9	36.3	1740	1464	0.84	27	1464	39.7	99	39	 	 	71.6
17:57	17:32	10:47:47	5.1	0.9	32.6	1563	1309	0.84	29	1251	36.1	98	40	 	 	74.2
17:59	17:34	10:47:49	5.2	0.9	31.3	1498	1200	0.80	30	1108	33.2	96	41	 	 	76.2
18:02	17:37	10:47:52	5.3	0.9	35.3	1691	1400	0.83	21	1739	36.9	98	41	 	 	73.6
18:04	17:39	10:47:54	5.2	0.9	32.8	1570	1312	0.84	27	1276	34.5	96	41	 	 	75.3
18:07	17:42	10:47:57	5.2	0.9	29.2	1398	1135	0.81	21	1376	29.4	96	41	 	 	79.0
18:09	17:44	10:47:59	5.2	0.9	30.6	1466	1234	0.84	28	1220	34.4	99	39	 	 	75.4
18:12	17:47	10:48:02	5.5	0.9	31.2	1496	1288	0.86	18	1986	35.1	100	39	 	 	74.9
18:14	17:49	10:48:04	5.3	0.9	37.4	1794	1481	0.83	28	1352	38.4	96	41	 	 	72.5
18:17	17:52	10:48:07	5.3	0.9	38.2	1829	1489	0.81	26	1507	39.3	97	40	 	 	71.9
18:19	17:54	10:48:09	5.3	0.9	29.5	1411	1174	0.83	24	1333	32.0	98	40	 	 	77.1
18:22	17:57	10:48:12	5.3	0.9	31.4	1506	1232	0.82	25	1288	31.7	95	42	 	 	77.3
18:24	17:59	10:48:14	5.3	0.9	36.7	1757	1414	0.80	28	1329	37.8	97	40	 	 	72.9
18:27	18:02	10:48:17	5.3	0.9	29.2	1397	1199	0.86	17	1965	32.9	100	39	 	 	76.4
18:30	18:05	10:48:20	5.3	0.9	37.9	1815	1486	0.82	27	1414	38.6	96	41	 	 	72.4
18:32	18:07	10:48:22	5.5	0.9	32.9	1578	1294	0.82	25	1416	34.8	98	40	 	 	75.1
18:34	18:09	10:48:24	5.5	0.9	33.0	1583	1317	0.83	27	1348	36.0	99	40	 	 	74.3
18:37	18:12	10:48:27	5.3	0.9	32.9	1575	1305	0.83	26	1335	34.7	97	40	 	 	75.2
18:39	18:14	10:48:29	5.5	0.9	35.3	1691	1361	0.80	22	1578	34.1	95	41	 	 	75.6
18:42	18:17	10:48:32	5.7	0.9	26.8	1282	1029	0.80	22	1257	27.3	96	41	 	 	80.4
18:44	18:19	10:48:34	5.6	0.9	36.6	1752	1368	0.78	34	1076	37.1	95	41	 	 	73.4
18:46	18:21	10:48:36	5.6	0.9	40.9	1959	1546	0.79	35	1186	41.1	95	41	 	 	70.5
18:47	18:22	10:48:37	5.6	0.9	41.2	1976	1640	0.83	33	1410	46.0	99	38	 	 	67.1
18:52	18:27	10:48:42	5.5	0.9	29.1	1393	1207	0.87	15	2160	31.4	97	42	 	 	77.5
18:54	18:29	10:48:44	5.5	0.9	30.7	1472	1183	0.80	23	1276	29.6	93	43	 	 	78.8
18:57	18:32	10:48:47	5.6	0.9	38.9	1865	1477	0.79	24	1571	37.0	94	41	 	 	73.5
18:59	18:34	10:48:49	5.8	0.9	28.3	1358	1100	0.81	22	1304	29.0	96	41	 	 	79.2
19:01	18:36	10:48:51	5.8	0.9	39.2	1878	1505	0.80	30	1277	38.9	94	41	 	 	72.2
19:04	18:39	10:48:54	5.8	0.9	41.6	1993	1617	0.81	25	1708	42.4	97	40	 	 	69.7
19:06	18:41	10:48:56	5.8	0.9	33.6	1608	1343	0.84	29	1247	36.5	97	40	 	 	73.9
19:08	18:43	10:48:58	5.8	0.9	34.0	1627	1345	0.83	24	1430	34.5	97	41	 	 	75.3
19:11	18:46	10:49:01	5.7	0.9	36.6	1753	1395	0.80	27	1331	35.5	94	42	 	 	74.6
19:13	18:48	10:49:03	5.8	0.9	32.3	1547	1240	0.80	21	1468	30.8	94	42	 	 	77.9
19:16	18:51	10:49:06	5.8	0.9	32.9	1575	1276	0.81	22	1484	32.6	94	42	 	 	76.6
19:18	18:53	10:49:08	5.8	0.9	35.5	1701	1396	0.82	32	1163	37.7	97	40	 	 	73.0
19:20	18:55	10:49:10	5.8	0.9	39.6	1895	1568	0.83	33	1270	42.1	97	40	 	 	69.9
19:22	18:57	10:49:12	5.8	0.9	36.6	1755	1433	0.82	26	1443	38.0	96	41	 	 	72.8
19:24	18:59	10:49:14	5.8	0.9	35.9	1721	1394	0.81	28	1339	37.2	96	41	 	 	73.4
19:27	19:02	10:49:17	5.8	0.9	33.2	1588	1309	0.82	23	1446	33.4	96	42	 	 	76.1
19:29	19:04	10:49:19	6.0	0.9	35.6	1704	1396	0.82	26	1398	36.6	96	41	 	 	73.8
19:31	19:06	10:49:21	6.1	0.9	38.0	1819	1474	0.81	28	1463	40.3	98	40	 	 	71.2
19:34	19:09	10:49:24	6.1	0.9	27.1	1298	1053	0.81	19	1365	26.2	93	43	 	 	81.2
19:36	19:11	10:49:26	6.2	0.9	35.2	1684	1350	0.80	32	1089	34.9	92	42	 	 	75.0
19:39	19:14	10:49:29	6.0	0.9	35.5	1699	1333	0.78	20	1659	33.6	94	41	 	 	75.9
19:41	19:16	10:49:31	6.1	0.9	43.8	2099	1664	0.79	30	1443	43.7	95	40	 	 	68.7
19:44	19:19	10:49:34	6.1	0.9	41.0	1964	1609	0.82	25	1758	43.2	98	39	 	 	69.0
19:46	19:21	10:49:36	6.2	0.9	34.1	1635	1347	0.82	28	1320	37.0	98	40	 	 	73.5
19:48	19:23	10:49:38	6.1	0.9	36.5	1751	1481	0.85	25	1528	38.7	98	40	 	 	72.3
19:51	19:26	10:49:41	6.2	0.9	36.0	1724	1452	0.84	26	1465	37.7	97	41	 	 	73.0
19:53	19:28	10:49:43	6.2	0.9	40.2	1926	1631	0.85	29	1501	43.3	99	40	 	 	69.0
19:55	19:30	10:49:45	6.1	0.9	38.1	1825	1519	0.83	28	1432	40.5	98	40	 	 	71.0
19:57	19:32	10:49:47	6.3	0.9	34.4	1647	1374	0.83	23	1450	34.0	95	42	 	 	75.7
20:00	19:35	10:49:50	6.3	0.9	37.6	1801	1547	0.86	26	1541	40.7	98	40	 	 	70.8
20:02	19:37	10:49:52	6.3	0.9	36.7	1756	1458	0.83	25	1478	37.4	96	41	 	 	73.2
20:04	19:39	10:49:54	6.3	0.9	40.3	1929	1599	0.83	24	1688	40.8	97	41	 	 	70.8
20:07	19:42	10:49:57	6.3	0.9	37.6	1801	1519	0.84	26	1492	39.3	97	41	 	 	71.9
20:09	19:44	10:49:59	6.3	0.9	39.0	1866	1564	0.84	29	1405	40.3	96	41	 	 	71.1
20:11	19:46	10:50:01	6.3	0.9	42.9	2056	1711	0.83	30	1473	44.6	98	40	 	 	68.1
20:13	19:48	10:50:03	6.5	0.9	38.6	1850	1596	0.86	27	1563	42.1	99	40	 	 	69.9
20:15	19:50	10:50:05	6.3	0.9	35.6	1706	1457	0.85	25	1487	37.8	97	41	 	 	72.9
20:17	19:52	10:50:07	6.5	0.9	35.7	1712	1458	0.85	29	1288	37.7	97	41	 	 	73.0
20:21	19:56	10:50:11	6.5	0.9	32.6	1561	1353	0.87	17	2018	34.5	98	41	 	 	75.3
20:23	19:58	10:50:13	6.5	0.9	38.4	1841	1491	0.81	30	1208	36.6	94	42	 	 	73.8
20:26	20:01	10:50:16	6.3	0.9	35.8	1714	1412	0.82	20	1833	35.9	95	42	 	 	74.3
20:28	20:03	10:50:18	6.6	0.9	39.4	1886	1480	0.78	25	1479	36.4	91	44	 	 	74.0
20:31	20:06	10:50:21	6.5	0.9	39.8	1906	1529	0.80	27	1422	39.0	94	42	 	 	72.1
20:32	20:07	10:50:22	6.6	0.9	43.0	2060	1727	0.84	39	1256	49.3	100	38	 	 	64.7
20:34	20:09	10:50:24	6.6	0.9	32.2	1544	1259	0.82	29	1110	32.6	95	42	 	 	76.6
20:36	20:11	10:50:26	6.5	0.9	41.1	1966	1863	0.95	42	1213	50.9	98	40	 	 	63.6
20:38	20:13	10:50:28	6.6	0.9	42.2	2022	1731	0.86	30	1511	44.9	98	40	 	 	67.9
20:40	20:15	10:50:30	6.5	0.9	38.8	1861	1582	0.85	29	1444	41.5	97	41	 	 	70.3
20:42	20:17	10:50:32	6.6	0.9	38.9	1861	1612	0.87	32	1406	45.1	100	39	 	 	67.7
20:45	20:20	10:50:35	6.8	0.9	34.1	1631	1455	0.89	18	2163	38.5	100	40	 	 	72.4
20:47	20:22	10:50:37	6.6	0.9	43.7	2094	1799	0.86	35	1346	46.9	98	41	 	 	66.4
20:49	20:24	10:50:39	6.6	0.9	37.7	1807	1556	0.86	24	1666	40.8	97	41	 	 	70.8
20:51	20:26	10:50:41	6.8	0.9	39.3	1880	1584	0.84	28	1452	40.3	97	41	 	 	71.1
20:54	20:29	10:50:44	6.8	0.9	40.8	1955	1667	0.85	27	1627	43.2	97	41	 	 	69.1
20:56	20:31	10:50:46	6.9	0.9	34.7	1664	1396	0.84	23	1494	34.3	95	42	 	 	75.4
20:58	20:33	10:50:48	6.9	0.9	46.4	2223	1905	0.86	30	1590	47.9	97	41	 	 	65.7
21:01	20:36	10:50:51	6.8	0.9	34.4	1647	1391	0.84	23	1476	34.6	96	42	 	 	75.2
21:03	20:38	10:50:53	6.8	0.9	43.0	2062	1736	0.84	28	1568	44.0	96	42	 	 	68.5
21:05	20:40	10:50:55	6.8	0.9	44.3	2120	1851	0.87	35	1435	49.8	100	39	 	 	64.4
21:06	20:41	10:50:56	6.9	0.9	42.7	2044	1805	0.88	33	1496	49.9	100	39	 	 	64.3
21:09	20:44	10:50:59	6.9	0.9	36.0	1723	1501	0.87	26	1469	38.6	97	42	 	 	72.3
21:11	20:46	10:51:01	6.8	0.9	38.0	1821	1597	0.88	32	1279	41.5	98	41	 	 	70.3
21:12	20:47	10:51:02	7.0	0.9	47.5	2273	1949	0.86	32	1605	50.9	99	40	 	 	63.5
21:14	20:49	10:51:04	7.0	0.9	38.2	1830	1634	0.89	39	1136	44.9	100	39	 	 	67.9
21:16	20:51	10:51:06	6.9	0.9	44.1	2113	1865	0.88	32	1523	48.9	99	40	 	 	65.0
21:18	20:53	10:51:08	6.9	0.9	35.5	1702	1448	0.85	25	1422	36.2	96	42	 	 	74.1
21:20	20:55	10:51:10	6.9	0.9	41.4	1984	1767	0.89	33	1403	46.5	100	40	 	 	66.7
21:22	20:57	10:51:12	7.0	0.9	44.3	2121	1907	0.90	34	1543	51.7	100	39	 	 	63.0
21:24	20:59	10:51:14	6.9	0.9	34.2	1640	1463	0.89	26	1494	39.0	98	41	 	 	72.1
21:26	21:01	10:51:16	6.9	0.9	43.6	2088	1897	0.91	35	1426	49.5	99	40	 	 	64.6
21:27	21:02	10:51:17	7.1	0.9	43.3	2075	1902	0.92	45	1263	57.4	104	37	 	 	58.9
21:29	21:04	10:51:19	7.1	0.9	39.0	1868	1639	0.88	29	1443	42.2	99	41	 	 	69.8
21:31	21:06	10:51:21	7.1	0.9	43.8	2098	1959	0.93	42	1277	53.9	103	38	 	 	61.4
21:32	21:07	10:51:22	7.1	0.9	44.9	2153	1982	0.92	34	1584	54.0	102	39	 	 	61.3
21:35	21:10	10:51:25	7.1	0.9	36.0	1726	1507	0.87	23	1646	37.8	98	42	 	 	72.9
21:37	21:12	10:51:27	7.3	0.9	38.6	1847	1594	0.86	27	1557	41.5	98	41	 	 	70.3
21:39	21:14	10:51:29	7.3	0.9	41.4	1981	1738	0.88	32	1414	45.9	98	41	 	 	67.2
AT																
21:41	21:16	10:51:31	7.1	0.9	47.4	2272	2041	0.90	34	1602	55.2	101	39	 	 	60.5
21:43	21:18	10:51:33	7.3	0.9	34.1	1631	1431	0.88	25	1404	34.9	96	42	 	 	75.0
21:45	21:20	10:51:35	7.3	0.9	43.4	2080	1773	0.85	30	1466	44.4	96	42	 	 	68.2
21:48	21:23	10:51:38	7.3	0.9	40.7	1948	1653	0.85	23	1733	40.6	97	41	 	 	70.9
21:51	21:26	10:51:41	7.3	0.9	36.6	1753	1463	0.83	22	1589	34.2	94	43	 	 	75.5
21:52	21:27	10:51:42	7.4	0.9	48.1	2302	1952	0.85	31	1541	48.4	96	42	 	 	65.3
21:54	21:29	10:51:44	7.1	0.9	40.9	1957	1720	0.88	32	1372	44.5	99	40	 	 	68.1
21:56	21:31	10:51:46	7.1	0.9	46.4	2222	1981	0.89	31	1707	53.1	99	40	 	 	62.0
RC																
21:59	21:34	10:51:49	7.5	0.9	31.8	1523	1326	0.87	21	1617	33.2	97	42	 	 	76.2
22:01	21:36	10:51:51	7.5	0.9	50.4	2416	1943	0.80	31	1481	46.5	93	43	 	 	66.7
22:04	21:39	10:51:54	7.5	0.9	43.2	2069	1781	0.86	20	2156	43.4	96	42	 	 	68.9
22:06	21:41	10:51:56	7.4	0.9	40.5	1942	1643	0.85	30	1341	39.8	94	43	 	 	71.5
22:08	21:43	10:51:58	7.6	0.9	49.6	2378	2062	0.87	38	1495	56.8	100	40	 	 	59.4
22:10	21:45	10:52:00	7.6	0.9	39.7	1900	1638	0.86	25	1593	39.8	96	42	 	 	71.5
22:12	21:47	10:52:02	7.4	0.9	47.5	2276	2012	0.88	29	1767	51.7	99	40	 	 	63.0
22:14	21:49	10:52:04	7.5	0.9	48.5	2325	2039	0.88	32	1605	51.5	99	41	 	 	63.1
22:16	21:51	10:52:06	7.6	0.9	46.1	2207	2085	0.95	38	1554	58.6	104	37	 	 	58.0
22:18	21:53	10:52:08	7.6	0.9	42.0	2011	1888	0.94	29	1734	50.5	102	40	 	 	63.8
22:20	21:55	10:52:10	7.6	0.9	38.9	1864	1676	0.90	30	1465	44.0	99	41	 	 	68.5
22:22	21:57	10:52:12	7.6	0.9	42.2	2023	1747	0.86	27	1665	44.2	98	42	 	 	68.4
22:23	21:58	10:52:13	7.6	0.9	50.2	2403	2257	0.94	41	1492	61.3	102	39	 	 	56.1
22:26	22:01	10:52:16	7.5	0.9	38.4	1840	1671	0.91	26	1587	41.2	99	41	 	 	70.5
22:27	22:02	10:52:17	7.6	0.9	46.0	2201	2040	0.93	38	1403	52.6	100	40	 	 	62.3
22:30	22:05	10:52:20	7.6	0.9	42.8	2048	1787	0.87	26	1729	45.7	98	42	 	 	67.3
22:31	22:06	10:52:21	7.6	0.9	37.5	1798	1634	0.91	37	1176	43.5	99	41	 	 	68.8
22:33	22:08	10:52:23	7.6	0.9	48.4	2317	2156	0.93	37	1529	56.6	100	40	 	 	59.5
22:35	22:10	10:52:25	7.6	0.9	51.0	2444	2310	0.95	35	1757	60.9	101	40	 	 	56.4
22:35	22:10	10:52:25	7.6	0.9	26.6	1276	1199	0.94	63	788	49.8	113	31	 	 	64.4
22:39	22:14	10:52:29	7.6	0.9	31.1	1488	1338	0.90	18	1743	32.1	92	47	 	 	77.0
22:40	22:15	10:52:30	7.6	0.9	55.1	2641	2385	0.90	47	1484	69.6	104	38	 	 	50.2
22:44	22:19	10:52:34	7.9	0.9	33.5	1606	1399	0.87	16	2055	33.5	92	46	 	 	76.0
22:45	22:20	10:52:35	7.9	0.9	60.4	2893	2683	0.93	49	1474	71.9	101	39	 	 	48.5
22:48	22:23	10:52:38	7.9	0.9	39.2	1878	1629	0.87	23	1695	38.7	96	43	 	 	72.3
22:50	22:25	10:52:40	8.0	0.9	41.5	1987	1727	0.87	28	1536	43.1	97	43	 	 	69.2
22:51	22:26	10:52:41	7.8	0.9	60.4	2891	2779	0.96	43	1675	72.8	101	39	 	 	47.9
22:53	22:28	10:52:43	7.8	0.9	43.0	2057	1909	0.93	34	1436	48.1	99	41	 	 	65.5
22:54	22:29	10:52:44	7.9	0.9	51.5	2467	2310	0.94	39	1510	59.6	101	40	 	 	57.3
22:57	22:32	10:52:47	8.0	0.9	35.8	1717	1676	0.98	21	2153	45.2	103	39	 	 	67.7
22:59	22:34	10:52:49	8.0	0.9	52.8	2528	2292	0.91	39	1523	59.4	99	41	 	 	57.5
23:00	22:35	10:52:50	7.9	0.9	54.6	2616	2499	0.96	35	1930	68.1	103	38	 	 	51.2
23:03	22:38	10:52:53	7.9	0.9	37.2	1783	1652	0.93	23	1800	41.7	99	43	 	 	70.1
23:05	22:40	10:52:55	7.9	0.9	47.0	2252	2105	0.93	32	1685	53.5	101	41	 	 	61.7
23:07	22:42	10:52:57	8.1	0.9	45.2	2163	2072	0.96	30	1745	52.1	102	40	 	 	62.7
23:09	22:44	10:52:59	7.9	0.9	43.0	2060	1905	0.92	28	1680	47.1	99	42	 	 	66.3
23:11	22:46	10:53:01	8.0	0.9	46.1	2209	2092	0.95	36	1484	53.6	101	41	 	 	61.6
23:12	22:47	10:53:02	7.9	0.9	56.9	2725	2741	1.01	45	1780	80.9	107	37	 	 	42.1
23:14	22:49	10:53:04	8.1	0.9	47.6	2281	2308	1.01	40	1597	64.3	105	38	 	 	53.9
23:16	22:51	10:53:06	8.1	0.9	36.2	1736	1616	0.93	31	1433	43.9	102	41	 	 	68.6
23:17	22:52	10:53:07	8.3	0.9	51.2	2454	2669	1.09	58	1328	76.6	106	38	 	 	45.1
23:18	22:53	10:53:08	8.3	0.9	49.9	2392	2391	1.00	36	1850	65.7	105	39	 	 	53.0
23:20	22:55	10:53:10	8.1	0.9	44.8	2145	2254	1.05	41	1754	71.1	110	35	 	 	49.1
23:22	22:57	10:53:12	8.3	0.9	30.2	1444	1364	0.94	25	1498	37.1	102	42	 	 	73.4
23:24	22:59	10:53:14	8.1	0.9	52.8	2531	2559	1.01	41	1621	66.2	103	41	 	 	52.6
23:26	23:01	10:53:16	8.1	0.9	52.1	2494	2467	0.99	32	2085	65.8	104	39	 	 	52.9
23:28	23:03	10:53:18	8.1	1.2	34.2	1637	1507	0.92	24	1638	38.7	97	44	 	 	72.3
23:29	23:04	10:53:19	8.1	1.2	54.4	2606	2686	1.03	51	1535	78.1	106	38	 	 	44.1
23:32	23:07	10:53:22	8.1	1.2	42.6	2041	1940	0.95	21	2214	46.9	100	42	 	 	66.4
23:34	23:09	10:53:24	8.1	1.2	55.5	2657	2575	0.97	41	1593	65.0	101	41	 	 	53.5
23:35	23:10	10:53:25	8.3	1.2	51.4	2461	2542	1.03	39	1847	71.9	106	38	 	 	48.5
23:37	23:12	10:53:27	8.1	1.2	39.0	1870	1845	0.99	30	1545	46.1	101	41	 	 	67.0
23:39	23:14	10:53:29	8.1	1.2	50.1	2398	2359	0.98	34	1757	59.9	101	41	 	 	57.1
23:41	23:16	10:53:31	8.1	1.2	55.4	2653	2681	1.01	38	1986	74.5	105	38	 	 	46.7
23:42	23:17	10:53:32	8.1	1.2	35.8	1713	1725	1.01	38	1233	46.8	105	39	 	 	66.5
23:44	23:19	10:53:34	8.1	2.2	49.9	2392	2350	0.98	35	1769	61.7	102	40	 	 	55.8
23:46	23:21	10:53:36	8.1	2.2	38.4	1838	1811	0.99	30	1553	46.1	102	41	 	 	67.0
23:47	23:22	10:53:37	8.1	2.2	60.2	2883	3057	1.06	49	1743	85.7	106	38	 	 	38.6
23:49	23:24	10:53:39	8.1	2.2	44.1	2112	2163	1.02	34	1665	56.5	105	39	 	 	59.6
23:51	23:26	10:53:41	8.3	2.2	38.4	1841	1776	0.96	31	1477	45.9	102	41	 	 	67.1
23:52	23:27	10:53:42	8.1	2.2	56.1	2686	2813	1.05	40	1916	76.1	105	39	 	 	45.5
23:54	23:29	10:53:44	8.3	2.2	43.7	2094	2110	1.01	32	1713	54.4	104	39	 	 	61.1
23:56	23:31	10:53:46	8.1	2.2	35.5	1700	1623	0.95	31	1328	40.9	100	43	 	 	70.8
23:58	23:33	10:53:48	8.1	2.2	52.5	2517	2452	0.97	36	1631	59.0	100	42	 	 	57.8
23:59	23:34	10:53:49	8.3	2.2	56.5	2708	2712	1.00	37	2045	76.2	106	38	 	 	45.4
24:01	23:36	10:53:51	8.1	2.2	46.2	2214	2227	1.01	36	1669	60.3	105	39	 	 	56.8
24:02	23:37	10:53:52	8.3	2.2	49.9	2389	2572	1.08	43	1773	76.0	109	36	 	 	45.6
24:04	23:39	10:53:54	8.1	2.2	39.0	1867	1882	1.01	30	1577	47.3	103	41	 	 	66.1
24:06	23:41	10:53:56	8.1	2.2	54.4	2605	2629	1.01	35	2000	69.8	104	40	 	 	50.1
24:08	23:43	10:53:58	8.1	2.2	42.7	2047	2140	1.05	31	1766	55.2	105	39	 	 	60.5
24:10	23:45	10:54:00	8.1	2.2	46.7	2235	2246	1.00	34	1724	58.4	104	40	 	 	58.2
24:11	23:46	10:54:01	8.1	2.2	55.5	2657	2900	1.09	48	1675	79.7	107	38	 	 	42.9
24:13	23:48	10:54:03	8.3	2.8	43.1	2065	2159	1.05	35	1650	57.2	105	39	 	 	59.0
24:14	23:49	10:54:04	8.1	3.1	48.9	2342	2566	1.10	43	1757	74.8	108	37	 	 	46.5
24:16	23:51	10:54:06	8.1	3.1	49.0	2346	2446	1.04	37	1794	66.4	105	39	 	 	52.4
24:17	23:52	10:54:07	8.1	3.1	49.8	2384	2648	1.11	45	1761	78.9	109	37	 	 	43.5
24:19	23:54	10:54:09	8.3	3.1	36.4	1743	1816	1.04	32	1485	47.1	105	40	 	 	66.2
24:20	23:55	10:54:10	8.1	3.1	54.7	2619	2911	1.11	46	1781	82.2	108	37	 	 	41.2
24:22	23:57	10:54:12	8.1	3.1	48.9	2344	2415	1.03	38	1757	65.9	106	38	 	 	52.8
24:24	23:59	10:54:14	8.1	3.1	51.4	2462	2717	1.10	39	2009	79.3	109	36	 	 	43.2
24:25	24:00	10:54:15	8.1	3.1	47.3	2264	2569	1.13	43	1801	78.3	111	35	 	 	43.9
24:27	24:02	10:54:17	8.1	3.1	45.4	2173	2357	1.08	37	1702	62.3	107	39	 	 	55.4
24:28	24:03	10:54:18	8.1	3.4	50.6	2425	2805	1.16	44	1811	80.5	109	36	 	 	42.4
24:30	24:05	10:54:20	8.1	3.5	41.3	1980	2040	1.03	31	1647	51.2	103	41	 	 	63.4
24:31	24:06	10:54:21	8.1	3.5	52.9	2534	2877	1.14	50	1652	83.3	109	37	 	 	40.4
24:34	24:09	10:54:24	8.1	3.5	34.0	1628	1597	0.98	20	1938	39.4	100	44	 	 	71.8
24:35	24:10	10:54:25	8.1	3.5	60.6	2901	3148	1.08	49	1748	86.0	106	39	 	 	38.5
24:37	24:12	10:54:27	8.1	3.5	50.5	2421	2488	1.03	42	1586	66.5	105	39	 	 	52.4
24:38	24:13	10:54:28	8.1	3.5	54.4	2604	2825	1.08	40	2027	81.6	109	37	 	 	41.6
24:40	24:15	10:54:30	8.1	3.5	39.6	1898	1963	1.03	31	1559	48.2	102	42	 	 	65.5
24:41	24:16	10:54:31	8.1	3.5	59.5	2851	3157	1.11	43	2085	88.7	107	37	 	 	36.5
24:43	24:18	10:54:33	8.1	3.7	55.0	2637	2952	1.12	42	2083	87.4	110	36	 	 	37.4
24:44	24:19	10:54:34	8.1	3.9	42.1	2017	2166	1.07	41	1423	58.9	107	38	 	 	57.9
24:46	24:21	10:54:36	8.3	3.9	53.8	2575	2800	1.09	42	1887	78.6	108	38	 	 	43.7
24:47	24:22	10:54:37	8.1	3.9	52.3	2506	2837	1.13	45	1917	86.5	110	36	 	 	38.1
24:48	24:23	10:54:38	8.3	3.9	52.8	2529	2939	1.16	47	1958	92.5	113	34	 	 	33.8
24:51	24:26	10:54:41	8.1	3.9	34.7	1660	1693	1.02	23	1908	44.4	103	42	 	 	68.2
24:52	24:27	10:54:42	8.1	3.9	60.1	2880	3204	1.11	55	1689	92.1	109	38	 	 	34.1
24:53	24:28	10:54:43	8.1	3.9	57.0	2729	3044	1.12	44	1952	86.7	109	37	 	 	37.9
24:55	24:30	10:54:45	8.1	3.9	49.8	2387	2692	1.13	36	2267	80.9	111	36	 	 	42.1
24:57	24:32	10:54:47	8.1	3.9	39.6	1899	2144	1.13	42	1510	62.9	109	37	 	 	54.9
24:58	24:33	10:54:48	8.1	4.5	49.9	2391	2823	1.18	51	1650	84.6	111	36	 	 	39.4
24:59	24:34	10:54:49	8.1	4.6	44.3	2121	2382	1.12	43	1567	66.7	109	37	 	 	52.3
25:01	24:36	10:54:51	8.1	4.6	42.8	2052	2216	1.08	43	1380	59.6	106	39	 	 	57.4
25:02	24:37	10:54:52	8.1	4.6	44.3	2121	2183	1.03	31	1724	53.0	101	43	 	 	62.0
25:04	24:39	10:54:54	8.1	4.6	58.2	2788	3061	1.10	43	1943	84.5	107	38	 	 	39.5
25:05	24:40	10:54:55	8.1	4.6	58.4	2798	3133	1.12	47	2030	95.2	110	36	 	 	31.9
25:06	24:41	10:54:56	8.3	4.6	46.5	2226	2633	1.18	47	1745	82.4	111	35	 	 	41.0
25:08	24:43	10:54:58	8.1	4.6	49.4	2367	2746	1.16	49	1760	85.9	112	35	 	 	38.5
25:09	24:44	10:54:59	8.1	4.6	45.5	2181	2471	1.13	44	1533	67.1	108	38	 	 	51.9
25:10	24:45	10:55:00	8.1	4.6	50.5	2421	2855	1.18	42	1993	84.2	109	37	 	 	39.7
25:12	24:47	10:55:02	8.1	4.8	46.3	2220	2513	1.13	38	1974	75.0	111	36	 	 	46.3
25:14	24:49	10:55:04	8.1	5.0	40.5	1939	2018	1.04	29	1731	50.9	103	42	 	 	63.5
25:15	24:50	10:55:05	8.1	5.0	53.2	2547	2906	1.14	47	1777	82.6	108	37	 	 	40.8
25:17	24:52	10:55:07	8.1	5.0	49.0	2347	2526	1.08	44	1557	68.7	106	39	 	 	50.8
25:18	24:53	10:55:08	8.1	5.0	54.5	2612	2997	1.15	44	1937	86.1	108	37	 	 	38.4
25:19	24:54	10:55:09	8.1	5.0	51.5	2467	2873	1.16	43	1981	84.3	111	35	 	 	39.7
25:21	24:56	10:55:11	8.1	5.0	48.7	2335	2836	1.21	45	1906	85.3	111	36	 	 	38.9
25:22	24:57	10:55:12	8.1	5.0	50.2	2403	2813	1.17	47	1841	86.3	111	35	 	 	38.2
25:24	24:59	10:55:14	8.1	5.0	33.2	1592	1716	1.08	33	1376	44.9	105	41	 	 	67.9
25:25	25:00	10:55:15	8.1	5.0	59.6	2855	3263	1.14	43	2150	92.8	109	37	 	 	33.5
25:27	25:02	10:55:17	8.1	5.0	57.4	2751	3122	1.13	41	2262	93.6	110	36	 	 	33.0
25:28	25:03	10:55:18	8.1	5.3	46.1	2210	2630	1.19	43	1859	80.3	111	35	 	 	42.5
25:29	25:04	10:55:19	8.1	5.4	49.1	2353	2848	1.21	45	1879	85.4	111	35	 	 	38.8
25:31	25:06	10:55:21	8.1	5.4	53.7	2570	2998	1.17	50	1849	93.2	112	35	 	 	33.2
25:33	25:08	10:55:23	8.1	5.4	40.6	1945	2070	1.06	30	1874	56.2	107	39	 	 	59.8
25:34	25:09	10:55:24	8.1	5.4	57.1	2733	3167	1.16	55	1786	97.4	111	36	 	 	30.2
25:35	25:10	10:55:25	8.3	5.4	51.1	2448	2726	1.11	45	1764	79.6	109	37	 	 	43.0
25:36	25:11	10:55:26	8.1	5.4	51.3	2456	2923	1.19	45	2034	91.1	112	35	 	 	34.8
25:38	25:13	10:55:28	8.1	5.4	48.6	2326	2825	1.21	45	1928	87.0	112	35	 	 	37.7
25:39	25:14	10:55:29	8.3	5.4	47.9	2297	2734	1.19	45	1862	84.6	112	35	 	 	39.4
25:41	25:16	10:55:31	8.1	5.4	46.5	2229	2574	1.15	41	1861	75.5	110	36	 	 	46.0
25:42	25:17	10:55:32	8.1	5.4	55.7	2669	3060	1.15	42	2210	92.1	110	36	 	 	34.1
25:43	25:18	10:55:33	8.1	5.8	51.0	2443	2823	1.16	42	2033	84.7	110	36	 	 	39.4
25:45	25:20	10:55:35	8.1	5.9	47.0	2251	2695	1.20	41	1970	80.4	111	35	 	 	42.4
25:46	25:21	10:55:36	8.1	5.9	40.8	1955	2613	1.34	40	1904	76.1	110	36	 	 	45.5
25:48	25:23	10:55:38	8.1	5.9	54.9	2629	3053	1.16	40	2214	89.2	110	36	 	 	36.2
25:49	25:24	10:55:39	8.1	5.9	46.4	2221	2612	1.18	39	1967	77.1	110	36	 	 	44.8
25:51	25:26	10:55:41	8.1	5.9	49.2	2359	2724	1.15	44	1859	82.0	111	36	 	 	41.3
25:53	25:28	10:55:43	8.1	5.9	35.3	1692	1786	1.06	33	1383	45.9	104	42	 	 	67.2
25:54	25:29	10:55:44	8.1	5.9	60.0	2873	3275	1.14	42	2204	92.5	108	37	 	 	33.8
25:55	25:30	10:55:45	8.1	5.9	57.1	2734	3126	1.14	41	2245	92.3	110	36	 	 	34.0
25:57	25:32	10:55:47	8.1	5.9	49.9	2391	2788	1.17	44	1901	83.9	110	36	 	 	40.0
25:58	25:33	10:55:48	8.1	6.1	53.7	2574	3029	1.18	44	2093	92.3	110	36	 	 	33.9
26:00	25:35	10:55:50	8.1	6.4	52.1	2495	2899	1.16	39	2252	87.7	112	35	 	 	37.2
26:01	25:36	10:55:51	8.1	6.4	47.4	2271	2740	1.21	41	1960	81.1	111	35	 	 	41.9
V02 Max																
26:02	25:37	10:55:52	8.1	6.4	54.8	2624	3105	1.18	50	1919	95.2	111	36	 	 	31.9
26:04	25:39	10:55:54	8.1	6.4	53.7	2570	3078	1.20	44	2184	95.6	113	35	 	 	31.5
26:05	25:40	10:55:55	8.3	6.4	51.1	2446	2922	1.19	41	2124	87.9	111	36	 	 	37.1
26:07	25:42	10:55:57	8.1	6.4	50.0	2395	2868	1.20	46	1907	88.0	112	35	 	 	37.0
26:08	25:43	10:55:58	8.1	6.4	47.6	2280	2758	1.21	36	2373	84.8	112	35	 	 	39.3
26:09	25:44	10:55:59	8.1	6.4	51.5	2464	2953	1.20	47	1926	91.0	112	35	 	 	34.9
26:11	25:46	10:56:01	8.1	6.4	53.7	2571	3055	1.19	47	1959	92.6	111	36	 	 	33.7
26:12	25:47	10:56:02	8.1	6.4	50.1	2401	2853	1.19	42	2067	86.1	111	36	 	 	38.3
26:13	25:48	10:56:03	8.1	6.7	50.2	2404	2883	1.20	46	1941	89.6	113	35	 	 	35.9
26:15	25:50	10:56:05	8.1	6.8	33.7	1614	1693	1.05	33	1419	46.8	106	41	 	 	66.5
26:17	25:52	10:56:07	8.1	6.8	58.4	2796	3409	1.22	49	1991	97.1	109	37	 	 	30.5
26:18	25:53	10:56:08	8.1	6.8	57.7	2766	3297	1.19	45	2200	98.5	111	36	 	 	29.5
26:25	26:00	10:56:15	8.1	6.8	48.7	2332	2898	1.24	48	1929	92.6	113	34	 	 	33.7
26:26	26:01	10:56:16	8.1	6.8	49.4	2365	2899	1.23	52	1865	97.3	115	33	 	 	30.4
26:27	26:02	10:56:17	8.1	6.8	44.8	2145	2760	1.29	52	1725	89.2	114	34	 	 	36.1
26:28	26:03	10:56:18	8.1	6.8	52.9	2531	3152	1.25	49	1983	96.8	112	35	 	 	30.7
26:29	26:04	10:56:19	8.1	6.8	46.9	2247	2871	1.28	58	1689	98.4	116	32	 	 	29.6
26:31	26:06	10:56:21	8.1	7.0	41.9	2009	2300	1.14	39	1757	68.4	111	36	 	 	51.0
26:32	26:07	10:56:22	8.1	7.3	57.1	2735	3410	1.25	50	2111	105.5	112	36	 	 	24.4
26:33	26:08	10:56:23	8.1	7.3	52.1	2497	3111	1.25	47	2122	99.5	114	34	 	 	28.8
26:34	26:09	10:56:24	8.1	7.3	48.2	2309	2964	1.28	45	2023	92.0	113	35	 	 	34.2
26:36	26:11	10:56:26	8.1	7.3	52.7	2524	3175	1.26	49	2065	100.7	113	35	 	 	27.9
26:37	26:12	10:56:27	8.1	7.3	50.0	2394	2994	1.25	44	2151	94.9	113	35	 	 	32.1
26:38	26:13	10:56:28	8.1	7.3	46.4	2224	2853	1.28	45	2020	91.1	113	35	 	 	34.8
26:40	26:15	10:56:30	8.1	7.3	34.5	1650	1823	1.10	32	1572	50.4	107	40	 	 	63.9
26:41	26:16	10:56:31	8.1	7.3	60.7	2907	3528	1.21	50	2026	102.1	110	37	 	 	26.9
26:43	26:18	10:56:33	8.1	7.3	55.4	2656	3326	1.25	45	2207	99.6	112	35	 	 	28.7
26:44	26:19	10:56:34	8.3	7.3	52.6	2518	3139	1.25	45	2113	95.3	113	35	 	 	31.8
26:45	26:20	10:56:35	8.1	7.8	52.2	2501	3097	1.24	46	2069	95.5	113	35	 	 	31.6
26:47	26:22	10:56:37	8.1	8.0	48.0	2301	2878	1.25	46	2012	92.2	114	34	 	 	34.0
26:48	26:23	10:56:38	8.1	8.0	53.8	2578	3247	1.26	53	1957	103.0	114	34	 	 	26.3
26:49	26:24	10:56:39	8.1	8.0	49.1	2350	2969	1.26	48	1986	94.6	114	34	 	 	32.3
26:50	26:25	10:56:40	8.1	8.0	51.1	2446	3062	1.25	43	2258	96.8	113	35	 	 	30.7
26:52	26:27	10:56:42	8.1	8.0	49.6	2374	3051	1.29	49	1911	93.2	114	35	 	 	33.3
26:53	26:28	10:56:43	8.1	8.0	52.6	2517	3123	1.24	46	2092	96.5	113	35	 	 	30.9
26:54	26:29	10:56:44	8.1	8.0	51.8	2480	3138	1.27	45	2227	99.7	114	34	 	 	28.6
26:56	26:31	10:56:46	8.3	8.0	42.6	2042	2726	1.34	48	1796	86.2	114	34	 	 	38.3
26:57	26:32	10:56:47	8.1	8.0	53.6	2566	3235	1.26	53	1917	100.9	113	35	 	 	27.8
26:58	26:33	10:56:48	8.1	8.0	51.0	2443	3054	1.25	47	2055	95.6	113	35	 	 	31.6
26:59	26:34	10:56:49	8.1	8.0	47.0	2253	2712	1.20	43	1806	78.5	111	37	 	 	43.8
27:01	26:36	10:56:51	8.1	8.0	51.8	2479	3108	1.25	44	2142	94.5	112	35	 	 	32.4
27:02	26:37	10:56:52	8.1	8.5	36.6	1755	2260	1.29	66	1305	86.1	119	30	 	 	38.4
27:03	26:38	10:56:53	8.1	8.5	41.8	2002	2248	1.12	41	1598	65.2	108	39	 	 	53.3
27:04	26:39	10:56:54	8.1	8.5	50.2	2406	3233	1.34	64	1544	98.6	112	36	 	 	29.4
27:06	26:41	10:56:56	8.1	8.5	49.3	2364	2920	1.24	42	2177	90.7	113	35	 	 	35.1
27:07	26:42	10:56:57	8.1	8.5	42.7	2046	2645	1.29	47	1875	87.9	115	34	 	 	37.1
