Time	Ex Time	Time (Clock)	Speed	Grade	VO2	VO2	VCO2	RER	RR	Vt BTPS	VE BTPS	PETO2	PETCO2	HeartRate	HRR	BR
(min)	(min)	(Clock)	(MPH)	(%)	(mL/kg/min)	(mL/min)	(mL/min)		(br/min)	(mL)	(L/min)	(mmHg)	(mmHg)	(BPM)	(%)	(%)
0:13	 	14:36:27	0.0	0.0	4.6	260	220	0.85	26	388	10.0	106	33	 	 	92.9
0:17	 	14:36:31	0.0	0.0	7.3	412	334	0.81	19	645	12.1	105	34	 	 	91.4
0:18	 	14:36:32	0.0	0.0	6.0	335	278	0.83	33	360	12.0	107	33	 	 	91.5
0:24	 	14:36:38	0.0	0.0	6.1	342	272	0.79	11	747	8.3	102	36	 	 	94.1
0:27	 	14:36:41	0.0	0.0	5.6	317	257	0.81	18	597	11.0	105	34	 	 	92.2
0:30	 	14:36:44	0.0	0.0	5.9	334	263	0.79	22	484	10.8	105	33	 	 	92.3
0:32	 	14:36:46	0.0	0.0	8.8	493	393	0.80	26	565	14.9	104	34	 	 	89.4
0:34	 	14:36:48	0.0	0.0	5.3	295	239	0.81	26	402	10.4	107	33	 	 	92.6
0:37	 	14:36:51	0.0	0.0	6.3	352	288	0.82	22	494	10.7	107	33	 	 	92.4
0:39	 	14:36:53	0.0	0.0	8.6	484	402	0.83	26	604	15.5	109	32	 	 	89.0
0:42	 	14:36:56	0.0	0.0	7.8	438	380	0.87	27	565	15.5	109	31	 	 	89.0
0:44	 	14:36:58	0.0	0.0	8.1	456	390	0.86	24	636	15.6	110	32	 	 	88.9
0:47	 	14:37:01	0.0	0.0	6.5	364	320	0.88	18	661	11.8	110	32	 	 	91.6
0:49	 	14:37:03	0.0	0.0	8.6	483	451	0.93	35	526	18.3	112	31	 	 	87.0
0:52	 	14:37:06	0.0	0.0	2.8	155	144	0.93	24	326	7.7	113	31	 	 	94.6
0:55	 	14:37:09	0.0	0.0	2.8	159	147	0.93	21	340	7.2	111	32	 	 	94.9
0:58	 	14:37:12	0.0	0.0	6.5	368	322	0.88	20	594	11.7	109	33	 	 	91.7
1:00	 	14:37:14	0.0	0.0	2.0	113	100	0.88	25	242	6.1	110	32	 	 	95.7
1:03	 	14:37:17	0.0	0.0	3.0	168	143	0.85	20	334	6.8	109	33	 	 	95.2
1:05	 	14:37:19	0.0	0.0	2.7	152	128	0.84	25	289	7.2	109	32	 	 	94.9
1:08	 	14:37:22	0.0	0.0	4.8	268	218	0.81	19	434	8.4	107	34	 	 	94.0
1:10	 	14:37:24	0.0	0.0	5.7	318	280	0.88	38	329	12.4	105	34	 	 	91.2
1:12	 	14:37:26	0.0	0.0	6.3	351	291	0.83	26	447	11.6	105	34	 	 	91.8
1:15	 	14:37:29	0.0	0.0	5.6	317	265	0.84	21	503	10.5	105	34	 	 	92.5
1:18	 	14:37:32	0.0	0.0	1.7	98	81	0.83	24	261	6.2	111	30	 	 	95.6
1:21	 	14:37:35	0.0	0.0	3.4	192	155	0.81	18	385	6.9	103	35	 	 	95.1
1:25	 	14:37:39	0.0	0.0	1.2	67	55	0.81	16	274	4.5	111	29	 	 	96.8
1:28	 	14:37:42	0.0	0.0	5.8	327	265	0.81	18	451	8.2	100	36	 	 	94.2
1:30	 	14:37:44	0.0	0.0	9.2	515	394	0.77	27	549	14.7	102	35	 	 	89.6
Start Exercise																
1:34	 	14:37:48	1.0	1.0	11.7	658	515	0.78	23	661	15.1	107	32	 	 	89.3
1:37	0:03	14:37:51	2.9	1.1	10.2	574	484	0.84	21	823	17.4	108	32	 	 	87.7
1:38	0:04	14:37:52	3.0	1.1	8.2	462	402	0.87	39	449	17.4	109	32	 	 	87.7
1:41	0:07	14:37:55	3.0	1.1	14.5	815	705	0.86	24	986	23.9	108	33	 	 	83.1
1:43	0:09	14:37:57	2.9	1.1	13.4	750	660	0.88	23	1008	23.4	111	32	 	 	83.4
1:46	0:12	14:38:00	3.0	1.1	12.9	723	642	0.89	20	1085	21.9	109	33	 	 	84.4
1:49	0:15	14:38:03	3.0	1.1	10.9	611	564	0.92	19	1110	20.9	112	32	 	 	85.2
1:53	0:19	14:38:07	3.0	1.1	11.8	661	614	0.93	19	1087	21.1	110	33	 	 	85.0
1:55	0:21	14:38:09	2.9	1.1	11.8	665	621	0.93	26	883	22.5	112	32	 	 	84.0
1:57	0:23	14:38:11	3.0	1.1	10.7	602	556	0.92	26	772	19.7	111	32	 	 	86.0
2:01	0:27	14:38:15	3.0	1.1	8.9	499	442	0.88	15	958	14.2	105	36	 	 	89.9
2:05	0:31	14:38:19	3.0	1.1	10.7	601	516	0.86	14	1168	16.6	106	34	 	 	88.2
2:08	0:34	14:38:22	2.9	1.1	13.5	758	624	0.82	29	709	20.7	105	34	 	 	85.3
2:11	0:37	14:38:25	3.0	1.1	13.1	735	613	0.83	19	1089	20.9	109	32	 	 	85.1
2:14	0:40	14:38:28	3.0	1.1	11.0	616	507	0.82	19	935	17.6	108	33	 	 	87.5
2:16	0:42	14:38:30	2.9	1.1	9.5	531	428	0.81	28	608	17.1	105	34	 	 	87.8
2:18	0:44	14:38:32	2.9	1.1	9.5	535	420	0.79	33	505	16.8	102	35	 	 	88.0
2:19	0:45	14:38:33	2.9	1.1	14.8	832	650	0.78	36	633	23.0	104	33	 	 	83.6
2:22	0:48	14:38:36	3.0	1.1	16.0	898	696	0.78	22	1038	23.3	104	33	 	 	83.4
2:25	0:51	14:38:39	2.9	1.1	12.7	714	555	0.78	23	833	18.8	105	33	 	 	86.6
2:27	0:53	14:38:41	3.0	1.1	13.9	781	617	0.79	22	963	21.2	104	33	 	 	84.9
2:31	0:57	14:38:45	3.0	1.1	13.5	760	596	0.78	19	1038	20.0	106	33	 	 	85.8
2:34	1:00	14:38:48	4.0	1.1	10.7	599	469	0.78	18	869	16.0	105	33	 	 	88.6
2:36	1:02	14:38:50	5.1	1.1	13.4	751	599	0.80	31	701	21.8	107	32	 	 	84.5
2:37	1:03	14:38:51	5.3	1.1	21.1	1185	917	0.77	39	836	33.0	106	32	 	 	76.5
2:39	1:05	14:38:53	5.3	1.1	21.7	1219	960	0.79	30	1034	31.3	106	32	 	 	77.7
2:41	1:07	14:38:55	5.2	1.1	18.8	1057	847	0.80	30	1040	31.0	109	31	 	 	78.0
2:44	1:10	14:38:58	5.3	1.1	21.0	1179	963	0.82	27	1225	33.4	109	31	 	 	76.3
2:46	1:12	14:39:00	5.3	1.1	18.4	1033	849	0.82	26	1155	30.4	108	32	 	 	78.4
2:48	1:14	14:39:02	5.3	1.1	14.6	822	685	0.83	32	838	26.5	111	30	 	 	81.2
2:49	1:15	14:39:03	5.2	1.1	15.9	892	759	0.85	34	823	28.2	110	31	 	 	80.0
2:51	1:17	14:39:05	5.2	1.1	20.5	1149	960	0.84	39	910	35.5	108	32	 	 	74.8
2:53	1:19	14:39:07	5.2	1.1	19.4	1092	906	0.83	39	828	32.3	109	31	 	 	77.1
2:54	1:20	14:39:08	5.3	1.1	24.9	1397	1145	0.82	32	1225	38.9	108	32	 	 	72.4
2:56	1:22	14:39:10	5.3	1.1	20.4	1148	937	0.82	31	1091	34.3	109	31	 	 	75.7
2:58	1:24	14:39:12	5.2	1.1	20.7	1165	964	0.83	39	908	35.1	111	30	 	 	75.0
2:59	1:25	14:39:13	5.2	1.1	20.5	1152	939	0.82	39	911	35.7	112	30	 	 	74.6
3:01	1:27	14:39:15	5.3	1.1	19.7	1105	907	0.82	41	844	34.9	111	30	 	 	75.2
3:02	1:28	14:39:16	5.3	1.1	18.9	1059	875	0.83	41	806	33.1	110	31	 	 	76.5
3:04	1:30	14:39:18	5.3	1.1	19.6	1100	867	0.79	40	799	32.2	108	32	 	 	77.1
3:05	1:31	14:39:19	5.2	1.1	21.6	1211	951	0.79	40	828	33.3	106	32	 	 	76.3
3:07	1:33	14:39:21	5.3	1.1	19.5	1094	822	0.75	33	898	29.3	105	32	 	 	79.2
3:09	1:35	14:39:23	5.2	1.1	22.3	1255	916	0.73	27	1115	30.3	101	34	 	 	78.5
3:12	1:38	14:39:26	5.3	1.1	23.3	1309	927	0.71	27	1143	30.9	103	33	 	 	78.1
3:14	1:40	14:39:28	5.2	1.1	18.4	1034	714	0.69	23	1094	25.0	99	35	 	 	82.2
3:16	1:42	14:39:30	5.3	1.1	22.9	1286	919	0.71	31	966	29.6	100	34	 	 	79.0
3:19	1:45	14:39:33	5.3	1.1	6.0	336	235	0.70	23	708	16.0	102	33	 	 	88.7
3:21	1:47	14:39:35	5.3	1.1	23.7	1330	840	0.63	31	798	24.8	87	40	 	 	82.4
3:23	1:49	14:39:37	5.3	1.1	6.9	386	246	0.64	59	299	17.6	103	30	 	 	87.5
3:25	1:51	14:39:39	5.2	1.1	49.1	2759	1567	0.57	39	1073	42.1	81	41	 	 	70.1
3:27	1:53	14:39:41	5.3	1.1	36.7	2063	1201	0.58	32	1074	34.8	89	37	 	 	75.3
3:29	1:55	14:39:43	5.3	1.1	24.2	1360	788	0.58	31	936	29.2	96	34	 	 	79.2
3:30	1:56	14:39:44	5.3	1.1	32.5	1825	1088	0.60	33	1025	33.8	91	36	 	 	76.0
3:33	1:59	14:39:47	5.3	1.1	31.4	1762	1036	0.59	28	1190	33.2	92	37	 	 	76.4
3:35	2:01	14:39:49	5.2	1.1	33.5	1881	1163	0.62	27	1268	33.8	91	37	 	 	76.0
3:37	2:03	14:39:51	5.3	1.1	24.6	1379	888	0.64	33	957	31.6	99	34	 	 	77.6
3:39	2:05	14:39:53	5.2	1.1	32.2	1806	1161	0.64	31	1096	33.9	93	37	 	 	75.9
3:41	2:07	14:39:55	5.3	1.1	29.8	1675	1097	0.66	24	1286	31.5	93	38	 	 	77.6
3:44	2:10	14:39:58	5.2	1.1	29.7	1670	1120	0.67	20	1541	30.5	93	38	 	 	78.3
3:47	2:13	14:40:01	5.3	1.1	32.0	1798	1180	0.66	24	1410	34.1	94	38	 	 	75.8
3:49	2:15	14:40:03	5.2	1.1	23.5	1318	879	0.67	25	951	24.1	90	40	 	 	82.9
3:51	2:17	14:40:05	5.2	1.1	38.3	2149	1422	0.66	32	1263	40.7	93	38	 	 	71.1
3:53	2:19	14:40:07	5.3	1.1	35.1	1969	1343	0.68	29	1333	38.1	94	38	 	 	72.9
3:55	2:21	14:40:09	5.2	1.1	38.8	2181	1526	0.70	32	1351	43.8	96	37	 	 	68.9
3:57	2:23	14:40:11	5.3	1.1	29.3	1645	1179	0.72	24	1473	35.1	99	36	 	 	75.1
3:59	2:25	14:40:13	5.3	1.1	34.0	1910	1368	0.72	27	1423	38.8	98	37	 	 	72.4
4:02	2:28	14:40:16	5.2	1.1	30.4	1709	1276	0.75	26	1394	36.2	98	38	 	 	74.3
4:04	2:30	14:40:18	5.3	1.1	31.1	1748	1292	0.74	28	1296	35.7	96	39	 	 	74.7
4:06	2:32	14:40:20	5.2	1.1	33.1	1857	1387	0.75	28	1384	38.4	97	38	 	 	72.7
4:08	2:34	14:40:22	5.3	1.1	31.1	1747	1314	0.75	27	1400	38.0	99	37	 	 	73.0
4:10	2:36	14:40:24	5.3	1.1	31.5	1770	1328	0.75	29	1349	39.1	99	38	 	 	72.2
4:13	2:39	14:40:27	5.3	1.1	27.1	1521	1160	0.76	25	1340	33.5	98	38	 	 	76.2
4:15	2:41	14:40:29	5.3	1.1	28.9	1625	1251	0.77	29	1200	35.1	98	39	 	 	75.0
4:17	2:43	14:40:31	5.2	1.1	30.1	1692	1295	0.77	27	1285	35.2	96	40	 	 	75.0
4:19	2:45	14:40:33	5.3	1.1	34.8	1953	1507	0.77	27	1489	40.6	97	39	 	 	71.1
4:21	2:47	14:40:35	5.3	1.1	33.3	1871	1461	0.78	32	1288	40.7	99	38	 	 	71.1
4:23	2:49	14:40:37	5.3	1.1	34.6	1942	1507	0.78	33	1320	43.5	101	38	 	 	69.1
4:25	2:51	14:40:39	5.3	1.1	30.7	1725	1352	0.78	32	1239	40.2	101	37	 	 	71.5
4:27	2:53	14:40:41	5.2	1.1	26.1	1463	1133	0.77	29	1138	32.8	97	40	 	 	76.7
4:29	2:55	14:40:43	5.3	1.1	25.2	1416	1314	0.93	37	1044	38.2	99	39	 	 	72.9
4:31	2:57	14:40:45	5.3	1.1	35.7	2002	1570	0.78	29	1487	42.9	99	39	 	 	69.5
4:32	2:58	14:40:46	5.3	1.1	36.1	2026	1622	0.80	33	1361	44.4	100	39	 	 	68.5
4:34	3:00	14:40:48	5.2	1.1	28.8	1620	1313	0.81	32	1163	36.9	100	39	 	 	73.8
4:36	3:02	14:40:50	5.3	1.1	19.0	1065	848	0.80	38	746	28.1	103	37	 	 	80.0
4:38	3:04	14:40:52	5.3	1.1	38.1	2138	1708	0.80	29	1545	44.1	97	40	 	 	68.6
4:40	3:06	14:40:54	5.2	1.1	32.5	1823	1434	0.79	32	1256	40.5	99	39	 	 	71.2
4:42	3:08	14:40:56	5.3	1.1	33.2	1862	1510	0.81	33	1278	42.1	100	38	 	 	70.1
4:44	3:10	14:40:58	5.2	1.1	34.4	1933	1562	0.81	28	1532	42.7	99	39	 	 	69.6
4:46	3:12	14:41:00	5.3	1.1	34.8	1952	1586	0.81	33	1380	45.8	100	39	 	 	67.5
4:48	3:14	14:41:02	5.3	1.1	29.2	1638	1307	0.80	30	1258	37.8	101	39	 	 	73.2
4:49	3:15	14:41:03	5.2	1.1	31.0	1743	1445	0.83	34	1216	41.2	101	39	 	 	70.7
4:52	3:18	14:41:06	5.3	1.1	28.8	1615	1330	0.82	27	1362	36.3	99	40	 	 	74.2
4:54	3:20	14:41:08	5.3	1.1	33.0	1852	1503	0.81	32	1327	41.9	100	39	 	 	70.2
4:56	3:22	14:41:10	5.2	1.1	32.2	1806	1457	0.81	27	1497	39.7	99	40	 	 	71.8
4:58	3:24	14:41:12	5.3	1.1	32.3	1815	1484	0.82	34	1262	42.8	101	39	 	 	69.6
5:00	3:26	14:41:14	5.2	1.1	25.1	1409	1149	0.82	28	1133	31.3	98	41	 	 	77.7
5:02	3:28	14:41:16	5.3	1.1	34.9	1957	1551	0.79	31	1346	42.1	98	40	 	 	70.1
5:04	3:30	14:41:18	5.3	1.1	34.7	1951	1570	0.81	30	1434	43.7	99	40	 	 	69.0
5:06	3:32	14:41:20	5.2	1.1	34.9	1958	1582	0.81	30	1372	41.6	97	42	 	 	70.5
5:08	3:34	14:41:22	5.3	1.1	33.6	1886	1540	0.82	30	1423	42.9	101	39	 	 	69.5
5:10	3:36	14:41:24	5.3	1.1	36.6	2056	1706	0.83	29	1541	45.3	99	40	 	 	67.8
5:12	3:38	14:41:26	5.3	1.1	30.4	1706	1429	0.84	28	1436	40.4	103	38	 	 	71.3
5:14	3:40	14:41:28	5.3	1.1	35.7	2006	1676	0.84	31	1465	45.8	99	40	 	 	67.5
5:16	3:42	14:41:30	5.2	1.1	31.3	1759	1468	0.83	34	1272	42.9	102	38	 	 	69.5
5:18	3:44	14:41:32	5.3	1.1	35.3	1982	1681	0.85	31	1467	45.1	100	40	 	 	67.9
5:19	3:45	14:41:33	5.3	1.1	30.3	1704	1468	0.86	33	1234	40.9	102	39	 	 	70.9
5:21	3:47	14:41:35	5.3	1.1	35.0	1964	1697	0.86	41	1200	48.7	101	40	 	 	65.4
5:22	3:48	14:41:36	5.3	1.1	32.9	1848	1549	0.84	39	1176	46.4	103	38	 	 	67.0
5:24	3:50	14:41:38	5.2	1.1	30.1	1690	1448	0.86	34	1230	42.4	103	39	 	 	69.9
5:26	3:52	14:41:40	5.3	1.1	30.8	1732	1502	0.87	40	1112	44.8	103	39	 	 	68.2
5:27	3:53	14:41:41	5.3	1.1	30.1	1692	1455	0.86	38	1145	43.5	103	39	 	 	69.1
5:29	3:55	14:41:43	5.2	1.1	38.0	2135	1794	0.84	36	1364	48.4	100	40	 	 	65.6
5:31	3:57	14:41:45	5.3	1.1	29.9	1678	1451	0.86	34	1221	40.9	101	39	 	 	70.9
5:33	3:59	14:41:47	5.3	1.1	29.0	1630	1360	0.83	30	1201	36.4	99	41	 	 	74.1
5:35	4:01	14:41:49	5.2	1.1	34.1	1916	1601	0.84	29	1484	42.8	100	40	 	 	69.6
5:37	4:03	14:41:51	5.3	1.1	36.2	2032	1737	0.85	32	1431	46.1	101	40	 	 	67.2
5:39	4:05	14:41:53	5.3	1.1	35.1	1973	1686	0.85	27	1644	45.1	102	39	 	 	68.0
5:40	4:06	14:41:54	5.3	1.1	35.1	1970	1720	0.87	34	1373	47.1	102	39	 	 	66.5
5:43	4:09	14:41:57	5.3	1.1	28.4	1594	1374	0.86	28	1329	36.7	102	39	 	 	73.9
5:45	4:11	14:41:59	5.3	1.1	32.8	1841	1540	0.84	31	1274	40.0	99	41	 	 	71.6
5:47	4:13	14:42:01	5.3	1.1	33.9	1906	1602	0.84	27	1560	42.5	99	41	 	 	69.8
5:49	4:15	14:42:03	5.2	1.1	33.5	1880	1594	0.85	29	1453	42.1	101	40	 	 	70.1
5:51	4:17	14:42:05	5.3	1.1	31.1	1747	1497	0.86	25	1555	39.0	100	41	 	 	72.3
5:53	4:19	14:42:07	5.3	1.1	33.7	1891	1602	0.85	31	1370	42.2	99	41	 	 	70.0
5:55	4:21	14:42:09	5.2	1.1	36.1	2030	1688	0.83	30	1468	44.7	100	40	 	 	68.2
5:57	4:23	14:42:11	5.2	1.1	34.8	1956	1637	0.84	29	1492	43.0	100	40	 	 	69.4
5:59	4:25	14:42:13	5.3	1.1	34.4	1934	1668	0.86	31	1434	45.0	101	40	 	 	68.0
6:01	4:27	14:42:15	5.2	1.1	29.0	1631	1388	0.85	32	1155	37.3	101	40	 	 	73.5
6:03	4:29	14:42:17	5.3	1.1	33.4	1875	1631	0.87	31	1398	43.2	102	40	 	 	69.3
6:05	4:31	14:42:19	5.3	1.1	33.8	1900	1667	0.88	34	1279	44.1	102	39	 	 	68.7
6:06	4:32	14:42:20	5.2	1.1	34.6	1943	1701	0.88	33	1386	46.2	102	40	 	 	67.2
6:08	4:34	14:42:22	5.3	1.1	36.6	2055	1793	0.87	34	1430	48.2	100	41	 	 	65.8
6:10	4:36	14:42:24	5.3	1.1	30.4	1705	1481	0.87	31	1348	41.5	102	40	 	 	70.5
6:13	4:39	14:42:27	5.3	1.1	23.5	1318	1101	0.84	20	1294	26.3	94	45	 	 	81.3
6:15	4:41	14:42:29	5.3	1.1	38.1	2139	1801	0.84	33	1401	45.9	97	43	 	 	67.4
6:17	4:43	14:42:31	5.3	1.1	30.2	1697	1441	0.85	26	1440	37.9	98	42	 	 	73.1
6:19	4:45	14:42:33	5.2	1.1	22.7	1276	1066	0.84	28	1039	29.0	100	41	 	 	79.4
6:22	4:48	14:42:36	5.3	1.1	38.9	2186	1792	0.82	25	1834	45.5	97	42	 	 	67.7
6:24	4:50	14:42:38	5.2	1.1	33.0	1854	1549	0.84	34	1269	42.5	99	41	 	 	69.8
6:25	4:51	14:42:39	5.3	1.1	19.9	1118	959	0.86	33	854	28.5	99	41	 	 	79.8
6:27	4:53	14:42:41	5.3	1.1	29.6	1661	1332	0.80	42	885	36.9	97	43	 	 	73.8
6:28	4:54	14:42:42	5.3	1.1	44.9	2523	2119	0.84	44	1254	55.7	95	43	 	 	60.4
6:30	4:56	14:42:44	5.2	1.1	35.7	2007	1652	0.82	41	1138	46.8	96	42	 	 	66.8
6:31	4:57	14:42:45	5.3	1.1	41.3	2321	1998	0.86	50	1151	57.1	102	39	 	 	59.4
6:33	4:59	14:42:47	5.2	1.1	28.6	1606	1346	0.84	33	1119	37.3	98	41	 	 	73.5
6:34	5:00	14:42:48	5.3	1.1	33.0	1851	1554	0.84	34	1263	42.6	99	41	 	 	69.7
6:36	5:02	14:42:50	5.3	1.1	34.0	1910	1614	0.84	31	1341	42.1	98	41	 	 	70.1
6:38	5:04	14:42:52	5.3	1.1	31.7	1780	1503	0.84	32	1248	40.5	99	41	 	 	71.3
6:40	5:06	14:42:54	5.3	1.1	30.8	1730	1449	0.84	34	1209	41.0	99	41	 	 	70.9
6:42	5:08	14:42:56	5.2	1.1	37.4	2100	1806	0.86	39	1265	49.9	101	40	 	 	64.5
6:44	5:10	14:42:58	5.3	1.1	29.3	1645	1441	0.88	30	1279	38.7	101	40	 	 	72.5
6:45	5:11	14:42:59	5.2	1.1	34.5	1936	1670	0.86	32	1365	43.1	98	42	 	 	69.4
6:47	5:13	14:43:01	5.2	1.1	32.0	1794	1550	0.86	39	1150	44.5	100	40	 	 	68.4
6:48	5:14	14:43:02	5.3	1.1	41.3	2321	2030	0.87	43	1343	57.5	100	41	 	 	59.1
6:50	5:16	14:43:04	5.2	1.1	35.4	1987	1724	0.87	38	1326	50.7	102	39	 	 	64.0
6:52	5:18	14:43:06	5.2	1.1	35.3	1982	1752	0.88	35	1400	49.1	102	39	 	 	65.1
6:53	5:19	14:43:07	5.2	1.1	30.2	1696	1499	0.88	37	1225	45.4	105	38	 	 	67.8
6:55	5:21	14:43:09	5.2	1.1	32.5	1823	1643	0.90	30	1489	44.2	101	41	 	 	68.6
6:57	5:23	14:43:11	5.3	1.1	35.5	1993	1764	0.89	33	1423	47.2	100	41	 	 	66.5
6:59	5:25	14:43:13	5.2	1.1	30.4	1706	1536	0.90	40	1117	44.4	104	39	 	 	68.5
7:00	5:26	14:43:14	5.2	1.1	33.9	1904	1679	0.88	40	1232	49.0	103	39	 	 	65.2
7:02	5:28	14:43:16	5.3	1.1	28.2	1583	1389	0.88	35	1156	40.1	100	41	 	 	71.5
7:04	5:30	14:43:18	5.2	1.1	33.0	1855	1636	0.88	32	1329	42.6	99	42	 	 	69.7
7:05	5:31	14:43:19	5.3	1.1	34.6	1941	1670	0.86	35	1258	43.6	98	43	 	 	69.0
7:07	5:33	14:43:21	5.2	1.1	33.3	1872	1611	0.86	32	1313	42.1	98	42	 	 	70.1
7:09	5:35	14:43:23	5.3	1.1	32.6	1833	1562	0.85	33	1311	42.8	101	40	 	 	69.6
7:11	5:37	14:43:25	5.2	1.1	24.5	1374	1181	0.86	34	962	32.6	99	41	 	 	76.8
7:12	5:38	14:43:26	5.2	1.1	41.8	2346	2055	0.88	44	1262	55.7	99	41	 	 	60.4
7:13	5:39	14:43:27	5.3	1.1	31.8	1787	1627	0.91	53	938	49.8	104	38	 	 	64.6
7:15	5:41	14:43:29	5.2	1.1	28.9	1623	1435	0.88	42	977	40.7	100	41	 	 	71.1
7:17	5:43	14:43:31	5.3	1.1	35.1	1969	1713	0.87	34	1353	46.1	100	41	 	 	67.2
7:19	5:45	14:43:33	5.3	1.1	33.6	1889	1635	0.87	31	1394	43.1	100	41	 	 	69.4
7:20	5:46	14:43:34	5.2	1.1	38.1	2140	1869	0.87	34	1480	50.2	99	41	 	 	64.4
7:22	5:48	14:43:36	5.3	1.1	36.2	2033	1761	0.87	38	1318	50.4	103	39	 	 	64.2
7:24	5:50	14:43:38	5.2	1.1	30.3	1700	1517	0.89	29	1414	41.2	101	41	 	 	70.7
7:26	5:52	14:43:40	5.2	1.1	30.8	1732	1510	0.87	32	1299	41.0	100	41	 	 	70.8
7:28	5:54	14:43:42	5.3	1.1	29.7	1668	1481	0.89	29	1341	38.5	101	41	 	 	72.7
7:30	5:56	14:43:44	5.3	1.1	34.1	1913	1653	0.86	37	1173	43.7	100	41	 	 	69.0
7:31	5:57	14:43:45	5.2	1.1	36.1	2025	1767	0.87	41	1209	49.7	102	40	 	 	64.7
7:32	5:58	14:43:46	5.3	1.1	32.8	1840	1634	0.89	41	1123	46.5	103	40	 	 	67.0
7:34	6:00	14:43:48	4.7	1.1	35.1	1973	1768	0.90	41	1186	49.1	103	40	 	 	65.1
7:36	6:02	14:43:50	2.3	1.1	28.2	1583	1434	0.91	38	1048	40.0	102	40	 	 	71.5
7:37	6:03	14:43:51	2.0	1.1	23.4	1313	1182	0.90	35	985	34.4	102	40	 	 	75.6
7:39	6:05	14:43:53	2.1	1.1	32.6	1829	1659	0.91	36	1332	47.3	103	40	 	 	66.4
7:41	6:07	14:43:55	2.1	1.1	31.2	1753	1588	0.91	31	1403	43.4	102	41	 	 	69.2
7:43	6:09	14:43:57	2.1	1.1	22.8	1278	1170	0.92	24	1322	32.4	102	41	 	 	77.0
7:46	6:12	14:44:00	2.1	1.1	25.7	1443	1288	0.89	24	1326	32.4	97	44	 	 	77.0
7:48	6:14	14:44:02	2.1	1.1	24.6	1380	1193	0.86	25	1232	30.7	97	43	 	 	78.2
7:51	6:17	14:44:05	2.1	1.1	18.2	1022	854	0.84	23	868	20.3	94	45	 	 	85.5
7:53	6:19	14:44:07	2.1	1.1	30.2	1697	1425	0.84	26	1324	34.8	93	46	 	 	75.2
7:55	6:21	14:44:09	2.0	1.1	30.9	1734	1445	0.83	25	1401	35.2	95	45	 	 	75.0
7:58	6:24	14:44:12	2.1	1.1	31.7	1781	1522	0.85	27	1403	38.3	96	43	 	 	72.8
8:00	6:26	14:44:14	2.1	1.1	30.0	1686	1478	0.88	26	1465	37.9	98	43	 	 	73.1
8:03	6:29	14:44:17	2.1	1.1	29.0	1628	1444	0.89	23	1580	35.8	98	43	 	 	74.6
8:05	6:31	14:44:19	2.1	1.1	26.0	1462	1343	0.92	26	1277	33.3	99	43	 	 	76.3
8:08	6:34	14:44:22	2.0	1.1	25.2	1417	1356	0.96	20	1699	33.9	102	42	 	 	75.9
8:10	6:36	14:44:24	2.0	1.1	25.1	1412	1350	0.96	29	1194	34.6	101	43	 	 	75.4
8:12	6:38	14:44:26	2.1	1.1	22.5	1264	1219	0.96	27	1170	31.5	102	42	 	 	77.6
8:14	6:40	14:44:28	2.1	1.1	23.3	1306	1275	0.98	33	1063	34.7	104	41	 	 	75.4
8:16	6:42	14:44:30	2.1	1.1	25.0	1406	1406	1.00	37	1038	38.4	104	41	 	 	72.7
8:17	6:43	14:44:31	2.1	1.1	24.0	1350	1369	1.01	35	1076	37.5	105	40	 	 	73.3
8:19	6:45	14:44:33	2.1	1.1	22.9	1287	1342	1.04	33	1138	37.9	108	39	 	 	73.0
8:21	6:47	14:44:35	2.0	1.1	22.0	1233	1293	1.05	33	1109	37.0	108	39	 	 	73.7
8:23	6:49	14:44:37	2.1	1.1	21.1	1184	1278	1.08	29	1237	35.5	109	39	 	 	74.8
8:25	6:51	14:44:39	2.1	1.1	17.1	958	1016	1.06	25	1120	27.7	107	40	 	 	80.4
8:28	6:54	14:44:42	2.1	1.1	20.6	1156	1221	1.06	28	1118	30.8	106	41	 	 	78.1
8:30	6:56	14:44:44	2.0	1.1	23.6	1327	1443	1.09	32	1258	40.8	109	39	 	 	71.0
8:31	6:57	14:44:45	2.1	1.1	21.1	1185	1305	1.10	32	1192	37.6	110	38	 	 	73.3
8:34	7:00	14:44:48	2.1	1.1	17.7	995	1090	1.09	28	1119	30.8	110	39	 	 	78.1
8:36	7:02	14:44:50	2.1	1.1	19.0	1067	1186	1.11	31	1077	33.8	110	38	 	 	76.0
8:37	7:03	14:44:51	2.0	1.1	18.7	1051	1183	1.13	34	1017	35.1	111	37	 	 	75.1
8:39	7:05	14:44:53	2.1	1.1	17.0	954	1072	1.12	33	973	32.3	111	38	 	 	77.1
8:42	7:08	14:44:56	2.1	1.1	10.3	580	680	1.17	23	920	20.9	111	37	 	 	85.2
8:44	7:10	14:44:58	2.1	1.1	20.4	1147	1252	1.09	33	1054	35.1	109	40	 	 	75.0
8:45	7:11	14:44:59	2.0	1.1	20.6	1160	1289	1.11	31	1223	37.4	111	38	 	 	73.4
8:47	7:13	14:45:01	2.1	1.1	19.5	1094	1253	1.14	33	1156	38.1	113	36	 	 	72.9
8:49	7:15	14:45:03	2.1	1.1	18.1	1016	1176	1.16	32	1139	36.5	114	36	 	 	74.0
8:51	7:17	14:45:05	2.1	1.1	18.0	1009	1195	1.18	35	1055	37.2	114	36	 	 	73.6
8:53	7:19	14:45:07	2.1	1.1	15.4	863	1021	1.18	31	1030	31.7	113	37	 	 	77.5
8:54	7:20	14:45:08	2.1	1.1	18.3	1029	1255	1.22	36	1068	38.4	115	35	 	 	72.7
8:56	7:22	14:45:10	2.1	1.1	17.4	977	1211	1.24	36	1079	38.3	116	35	 	 	72.8
8:58	7:24	14:45:12	2.1	1.1	13.4	754	933	1.24	28	1021	28.9	115	36	 	 	79.5
9:00	7:26	14:45:14	2.0	1.1	15.4	864	1060	1.23	32	1026	32.4	115	36	 	 	77.0
9:02	7:28	14:45:16	2.0	1.1	14.2	797	998	1.25	35	879	30.8	115	36	 	 	78.1
9:04	7:30	14:45:18	2.1	1.1	13.1	735	893	1.22	31	877	27.3	113	37	 	 	80.6
9:06	7:32	14:45:20	2.1	1.1	14.3	801	978	1.22	31	952	29.6	114	36	 	 	79.0
9:08	7:34	14:45:22	2.1	1.1	12.8	718	857	1.19	27	920	25.1	114	37	 	 	82.2
9:10	7:36	14:45:24	2.0	1.1	12.7	713	829	1.16	25	955	24.3	112	37	 	 	82.8
9:12	7:38	14:45:26	2.1	1.1	14.7	828	993	1.20	28	1077	30.0	114	36	 	 	78.7
9:16	7:42	14:45:30	2.1	1.1	8.0	447	533	1.19	19	869	16.2	112	37	 	 	88.5
9:20	7:46	14:45:34	2.1	1.1	10.7	601	657	1.09	15	1102	16.4	107	41	 	 	88.3
9:23	7:49	14:45:37	2.1	1.1	19.4	1091	1241	1.14	18	1902	34.6	113	36	 	 	75.4
9:26	7:52	14:45:40	2.1	1.1	13.6	763	873	1.14	21	1218	25.3	113	36	 	 	82.0
9:28	7:54	14:45:42	2.1	1.1	12.1	678	789	1.16	33	765	25.5	114	35	 	 	81.9
9:29	7:55	14:45:43	2.1	1.1	14.1	790	935	1.18	35	835	29.5	115	35	 	 	79.1
9:32	7:58	14:45:46	2.0	1.1	12.8	722	829	1.15	25	980	24.9	113	36	 	 	82.3
9:35	8:01	14:45:49	2.1	1.1	11.9	667	776	1.16	20	1177	23.5	113	36	 	 	83.3
9:37	8:03	14:45:51	2.1	1.1	13.5	758	881	1.16	31	883	27.2	113	36	 	 	80.7
9:39	8:05	14:45:53	2.1	1.1	9.9	558	634	1.14	24	847	20.2	113	36	 	 	85.6
9:42	8:08	14:45:56	2.0	1.1	10.2	574	634	1.10	25	782	19.5	110	37	 	 	86.2
9:44	8:10	14:45:58	2.1	1.1	13.4	754	837	1.11	26	969	25.0	111	37	 	 	82.3
9:46	8:12	14:46:00	2.1	1.1	13.0	730	801	1.10	25	981	24.3	111	37	 	 	82.7
9:50	8:16	14:46:04	2.0	1.1	16.8	944	1066	1.13	19	1646	30.5	113	35	 	 	78.3
9:53	8:19	14:46:07	2.1	1.1	12.9	725	834	1.15	20	1206	24.6	113	35	 	 	82.5
9:55	8:21	14:46:09	2.1	1.1	10.7	599	688	1.15	21	969	20.5	114	35	 	 	85.5
9:58	8:24	14:46:12	2.1	1.1	8.7	486	537	1.11	22	692	15.4	111	37	 	 	89.0
10:01	8:27	14:46:15	2.1	1.1	12.8	717	781	1.09	22	1055	22.9	111	36	 	 	83.7
10:03	8:29	14:46:17	2.1	1.1	10.5	588	653	1.11	27	781	20.9	113	35	 	 	85.1
10:05	8:31	14:46:19	2.0	1.1	11.7	655	694	1.06	27	799	21.8	111	36	 	 	84.5
10:07	8:33	14:46:21	2.1	1.1	12.6	709	806	1.14	46	594	27.2	114	34	 	 	80.7
10:08	8:34	14:46:22	2.1	1.1	9.8	549	617	1.12	47	461	21.6	112	35	 	 	84.7
10:10	8:36	14:46:24	2.1	1.1	13.9	779	826	1.06	28	905	25.1	110	37	 	 	82.1
10:12	8:38	14:46:26	2.1	1.1	11.5	648	687	1.06	28	757	21.0	111	36	 	 	85.1
10:14	8:40	14:46:28	2.1	1.1	14.8	829	903	1.09	34	836	28.5	112	35	 	 	79.8
10:16	8:42	14:46:30	2.1	1.1	12.6	705	778	1.10	31	798	24.9	112	35	 	 	82.3
10:18	8:44	14:46:32	2.1	1.1	11.0	616	666	1.08	24	864	20.8	112	36	 	 	85.2
10:21	8:47	14:46:35	2.0	1.1	10.1	569	613	1.08	25	777	19.5	110	37	 	 	86.1
10:23	8:49	14:46:37	2.1	1.1	11.9	667	720	1.08	28	772	21.8	111	36	 	 	84.5
10:25	8:51	14:46:39	2.1	1.1	13.2	738	792	1.07	30	851	25.4	111	36	 	 	82.0
10:27	8:53	14:46:41	2.1	1.1	11.9	668	719	1.08	31	763	23.6	111	36	 	 	83.2
10:29	8:55	14:46:43	2.1	1.1	16.3	915	1020	1.11	24	1305	31.7	114	34	 	 	77.5
10:31	8:57	14:46:45	2.0	1.1	11.0	619	705	1.14	28	825	23.2	114	34	 	 	83.5
10:34	9:00	14:46:48	2.5	1.1	12.2	684	781	1.14	30	871	25.9	114	35	 	 	81.6
10:35	9:01	14:46:49	4.2	1.1	11.5	646	733	1.13	33	758	24.7	114	34	 	 	82.4
10:37	9:03	14:46:51	4.5	1.1	15.8	886	997	1.13	29	1106	32.4	115	34	 	 	77.0
10:39	9:05	14:46:53	4.5	1.1	17.5	984	1175	1.19	32	1247	39.4	117	33	 	 	72.0
10:41	9:07	14:46:55	4.3	1.1	20.2	1135	1381	1.22	28	1513	43.0	116	34	 	 	69.4
10:43	9:09	14:46:57	4.3	1.1	15.3	858	1062	1.24	30	1261	38.4	119	32	 	 	72.7
10:45	9:11	14:46:59	4.5	1.1	14.0	788	1004	1.27	29	1118	32.9	119	32	 	 	76.6
10:47	9:13	14:47:01	4.3	1.1	17.1	960	1186	1.24	29	1308	38.3	116	34	 	 	72.8
10:49	9:15	14:47:03	4.3	1.1	16.4	923	1153	1.25	31	1367	42.1	121	31	 	 	70.1
10:51	9:17	14:47:05	4.3	1.1	16.4	921	1160	1.26	35	1182	41.0	120	31	 	 	70.9
10:53	9:19	14:47:07	4.3	1.1	16.3	913	1135	1.24	31	1225	38.5	118	32	 	 	72.7
10:55	9:21	14:47:09	4.5	1.1	13.4	750	920	1.23	25	1279	32.0	117	33	 	 	77.3
10:58	9:24	14:47:12	4.5	1.1	15.0	840	921	1.10	25	1210	30.5	114	34	 	 	78.3
11:01	9:27	14:47:15	4.6	1.1	14.5	814	818	1.00	21	1215	26.0	110	35	 	 	81.5
11:03	9:29	14:47:17	4.5	1.1	14.2	796	719	0.90	22	1106	24.2	106	37	 	 	82.8
11:07	9:33	14:47:21	4.5	1.1	19.0	1068	879	0.82	16	1475	24.2	96	41	 	 	82.8
11:09	9:35	14:47:23	4.5	1.1	24.7	1384	1069	0.77	26	1239	31.8	100	37	 	 	77.4
11:12	9:38	14:47:26	4.5	1.1	25.8	1448	1137	0.79	26	1321	34.5	103	36	 	 	75.5
11:14	9:40	14:47:28	4.5	1.1	23.2	1301	1016	0.78	27	1244	33.8	104	34	 	 	76.0
11:16	9:42	14:47:30	4.5	1.1	24.1	1352	1060	0.78	32	1093	35.1	105	34	 	 	75.1
11:18	9:44	14:47:32	4.5	1.1	24.8	1390	1079	0.78	31	1133	35.6	103	35	 	 	74.7
11:20	9:46	14:47:34	4.3	1.1	19.6	1102	867	0.79	22	1090	24.5	99	37	 	 	82.6
11:23	9:49	14:47:37	4.5	1.1	22.4	1256	870	0.69	25	991	25.2	95	39	 	 	82.1
11:25	9:51	14:47:39	4.5	1.1	34.4	1929	1408	0.73	31	1339	42.1	99	36	 	 	70.1
11:27	9:53	14:47:41	4.5	1.1	27.1	1523	1132	0.74	28	1232	33.9	99	36	 	 	75.9
11:29	9:55	14:47:43	4.3	1.1	28.2	1586	1212	0.76	32	1224	38.7	102	35	 	 	72.5
11:30	9:56	14:47:44	4.5	1.1	31.4	1766	1366	0.77	38	1128	43.4	103	35	 	 	69.2
11:32	9:58	14:47:46	4.3	1.1	26.8	1508	1169	0.78	28	1334	37.0	103	35	 	 	73.7
11:34	10:00	14:47:48	4.5	1.1	25.7	1442	1139	0.79	40	963	38.8	104	35	 	 	72.4
11:36	10:02	14:47:50	4.5	1.1	24.0	1345	1066	0.79	34	1096	37.1	105	34	 	 	73.6
11:38	10:04	14:47:52	4.5	1.1	27.1	1524	1199	0.79	32	1195	38.3	104	35	 	 	72.8
11:40	10:06	14:47:54	4.5	1.1	26.6	1495	1203	0.80	22	1591	35.1	102	36	 	 	75.1
11:43	10:09	14:47:57	4.5	1.1	25.1	1407	1123	0.80	23	1473	33.4	103	36	 	 	76.3
11:45	10:11	14:47:59	4.3	1.1	24.7	1387	1071	0.77	27	1188	31.5	101	37	 	 	77.6
11:47	10:13	14:48:01	4.3	1.1	32.8	1842	1406	0.76	33	1229	40.1	98	38	 	 	71.5
11:49	10:15	14:48:03	4.3	1.1	30.6	1718	1331	0.77	31	1220	38.3	100	37	 	 	72.8
11:50	10:16	14:48:04	4.5	1.1	28.4	1595	1243	0.78	39	972	37.9	101	36	 	 	73.1
11:52	10:18	14:48:06	4.5	1.1	28.9	1624	1268	0.78	34	1122	38.3	101	36	 	 	72.8
11:54	10:20	14:48:08	4.3	1.1	25.8	1450	1113	0.77	32	1077	34.7	103	35	 	 	75.3
11:56	10:22	14:48:10	4.5	1.1	24.9	1400	1065	0.76	32	1018	32.3	99	38	 	 	77.0
11:59	10:25	14:48:13	4.5	1.1	27.0	1515	1162	0.77	23	1440	32.5	97	38	 	 	76.9
12:01	10:27	14:48:15	4.5	1.1	28.1	1580	1187	0.75	23	1521	34.4	99	37	 	 	75.5
12:04	10:30	14:48:18	4.5	1.1	26.3	1478	1116	0.75	27	1176	31.5	98	38	 	 	77.6
12:05	10:31	14:48:19	4.3	1.1	29.2	1642	1257	0.77	31	1176	36.7	98	37	 	 	73.9
12:07	10:33	14:48:21	4.5	1.1	30.2	1695	1260	0.74	33	1161	38.7	100	37	 	 	72.5
12:10	10:36	14:48:24	4.3	1.1	30.1	1691	1267	0.75	25	1447	36.3	97	38	 	 	74.2
12:12	10:38	14:48:26	4.3	1.1	30.8	1732	1335	0.77	27	1418	38.0	99	38	 	 	73.0
12:15	10:41	14:48:29	4.5	1.1	28.5	1602	1229	0.77	23	1478	33.6	97	39	 	 	76.1
12:17	10:43	14:48:31	4.5	1.1	30.3	1702	1320	0.78	26	1441	37.1	99	37	 	 	73.6
12:19	10:45	14:48:33	4.3	1.1	30.8	1732	1349	0.78	31	1289	40.1	102	36	 	 	71.5
12:20	10:46	14:48:34	4.5	1.1	29.4	1652	1333	0.81	39	1096	43.0	105	35	 	 	69.5
12:22	10:48	14:48:36	4.6	1.1	26.7	1501	1219	0.81	34	1026	34.8	101	37	 	 	75.3
12:24	10:50	14:48:38	4.5	1.1	24.1	1356	1107	0.82	33	1071	35.1	105	35	 	 	75.1
12:25	10:51	14:48:39	4.5	1.1	24.0	1347	1029	0.76	40	911	36.7	104	36	 	 	73.9
12:27	10:53	14:48:41	4.3	1.1	24.0	1349	1035	0.77	41	882	35.7	102	37	 	 	74.6
12:28	10:54	14:48:42	4.5	1.1	26.7	1501	1170	0.78	40	942	37.7	101	37	 	 	73.2
12:30	10:56	14:48:44	4.5	1.1	21.2	1193	961	0.81	41	703	29.1	101	36	 	 	79.3
12:32	10:58	14:48:46	4.3	1.1	25.7	1444	1098	0.76	30	1068	31.9	98	38	 	 	77.3
12:34	11:00	14:48:48	4.3	1.1	22.4	1255	886	0.71	23	921	21.5	88	43	 	 	84.7
12:37	11:03	14:48:51	4.3	1.1	34.1	1913	1343	0.70	26	1348	35.6	92	41	 	 	74.7
12:39	11:05	14:48:53	4.3	1.1	33.9	1902	1395	0.73	30	1323	39.5	97	38	 	 	71.9
12:41	11:07	14:48:55	4.5	1.1	27.6	1547	1168	0.76	27	1260	33.9	98	38	 	 	75.9
12:43	11:09	14:48:57	4.3	1.1	27.5	1546	1177	0.76	29	1188	34.6	101	37	 	 	75.4
12:45	11:11	14:48:59	4.5	1.1	31.3	1755	1343	0.77	36	1108	40.0	99	38	 	 	71.6
12:46	11:12	14:49:00	4.5	1.1	30.4	1706	1305	0.77	39	1004	38.9	98	38	 	 	72.4
12:48	11:14	14:49:02	4.3	1.1	31.0	1740	1339	0.77	40	968	39.0	99	38	 	 	72.3
12:50	11:16	14:49:04	4.6	1.1	29.3	1646	1283	0.78	27	1323	36.1	99	38	 	 	74.4
12:51	11:17	14:49:05	4.5	1.1	31.6	1773	1371	0.77	38	1064	40.9	100	38	 	 	70.9
12:53	11:19	14:49:07	4.5	1.1	28.3	1589	1243	0.78	33	1077	35.9	100	38	 	 	74.5
12:55	11:21	14:49:09	4.3	1.1	29.3	1648	1287	0.78	32	1141	37.0	98	39	 	 	73.7
12:57	11:23	14:49:11	4.5	1.1	29.1	1636	1268	0.78	32	1120	35.5	98	39	 	 	74.7
12:59	11:25	14:49:13	4.5	1.1	28.3	1588	1230	0.77	32	1131	36.5	101	37	 	 	74.1
13:01	11:27	14:49:15	4.3	1.1	30.4	1708	1318	0.77	32	1167	37.3	97	39	 	 	73.5
13:03	11:29	14:49:17	4.3	1.1	27.6	1547	1207	0.78	32	1073	34.8	98	39	 	 	75.3
13:04	11:30	14:49:18	4.5	1.1	27.5	1545	1211	0.78	32	1093	35.3	98	39	 	 	74.9
13:06	11:32	14:49:20	4.5	1.1	18.5	1039	787	0.76	41	772	31.5	103	36	 	 	77.6
13:07	11:33	14:49:21	4.3	1.1	31.3	1756	1343	0.76	41	1003	40.9	99	38	 	 	70.9
13:09	11:35	14:49:23	4.6	1.1	33.0	1855	1423	0.77	38	1039	39.7	96	40	 	 	71.8
13:10	11:36	14:49:24	4.5	1.1	28.4	1597	1196	0.75	40	947	37.9	101	37	 	 	73.1
13:12	11:38	14:49:26	4.3	1.1	24.4	1370	1050	0.77	41	825	33.9	100	37	 	 	75.9
13:14	11:40	14:49:28	4.3	1.1	16.3	913	727	0.80	32	703	22.3	101	37	 	 	84.1
13:16	11:42	14:49:30	4.3	1.1	24.9	1396	1061	0.76	35	880	30.5	95	40	 	 	78.3
13:17	11:43	14:49:31	4.3	1.1	34.0	1911	1406	0.74	40	929	37.4	90	42	 	 	73.4
13:19	11:45	14:49:33	4.5	1.1	12.2	686	504	0.74	26	653	17.2	95	40	 	 	87.8
13:21	11:47	14:49:35	4.6	1.1	20.2	1133	788	0.70	33	706	23.4	88	43	 	 	83.4
13:23	11:49	14:49:37	4.5	1.1	34.6	1940	1300	0.67	28	1124	31.7	83	46	 	 	77.5
13:25	11:51	14:49:39	4.5	1.1	45.1	2530	1746	0.69	38	1219	46.6	92	40	 	 	66.9
13:26	11:52	14:49:40	4.3	1.1	42.2	2370	1678	0.71	39	1242	49.0	96	38	 	 	65.2
13:28	11:54	14:49:42	4.3	1.1	31.4	1764	1326	0.75	34	1139	39.3	99	37	 	 	72.1
13:30	11:56	14:49:44	4.5	1.1	33.3	1869	1393	0.75	37	1155	42.5	100	37	 	 	69.8
13:31	11:57	14:49:45	4.6	1.1	32.9	1850	1413	0.76	40	1056	42.5	100	38	 	 	69.8
13:33	11:59	14:49:47	4.3	1.1	31.5	1769	1355	0.77	42	975	40.6	100	38	 	 	71.1
13:34	12:00	14:49:48	3.0	1.1	30.9	1737	1348	0.78	40	1034	41.6	100	38	 	 	70.4
13:36	12:02	14:49:50	3.0	1.1	31.8	1787	1435	0.80	45	952	42.6	100	38	 	 	69.7
13:37	12:03	14:49:51	3.0	1.1	30.2	1694	1381	0.82	44	936	41.6	101	37	 	 	70.4
13:38	12:04	14:49:52	3.0	1.1	29.7	1669	1369	0.82	44	951	42.0	101	38	 	 	70.2
13:40	12:06	14:49:54	3.0	1.1	27.1	1519	1249	0.82	43	902	39.2	101	38	 	 	72.1
13:41	12:07	14:49:55	3.0	1.1	13.8	774	596	0.77	32	641	20.6	100	39	 	 	85.4
13:43	12:09	14:49:57	3.0	1.1	7.1	399	732	1.83	42	526	22.2	95	42	 	 	84.2
13:44	12:10	14:49:58	3.0	1.1	42.7	2396	1804	0.75	47	1107	52.3	97	40	 	 	62.8
13:45	12:11	14:49:59	3.0	1.1	35.1	1973	1555	0.79	48	967	46.4	99	38	 	 	67.0
13:48	12:14	14:50:02	2.9	1.1	14.9	835	670	0.80	20	1003	20.2	94	42	 	 	85.6
13:50	12:16	14:50:04	2.9	1.1	37.0	2077	1553	0.75	34	1222	41.2	91	42	 	 	70.7
13:53	12:19	14:50:07	3.0	1.1	29.9	1680	1303	0.78	22	1593	34.6	96	40	 	 	75.4
13:55	12:21	14:50:09	3.0	1.1	30.0	1685	1293	0.77	36	1012	36.1	97	40	 	 	74.3
13:56	12:22	14:50:10	3.0	1.1	33.2	1862	1448	0.78	40	1058	42.6	99	39	 	 	69.7
13:57	12:23	14:50:11	3.0	1.1	27.7	1553	1260	0.81	48	833	40.3	103	37	 	 	71.4
13:59	12:25	14:50:13	3.0	1.1	22.6	1269	1006	0.79	34	882	29.6	98	40	 	 	79.0
14:01	12:27	14:50:15	3.0	1.1	31.1	1748	1411	0.81	39	1071	41.5	99	40	 	 	70.5
14:02	12:28	14:50:16	3.0	1.1	36.0	2021	1672	0.83	39	1231	48.0	99	40	 	 	65.9
14:04	12:30	14:50:18	3.0	1.1	32.4	1817	1526	0.84	41	1118	45.7	103	37	 	 	67.6
14:05	12:31	14:50:19	3.0	1.1	26.8	1505	1302	0.86	41	957	38.8	104	37	 	 	72.4
14:07	12:33	14:50:21	2.9	1.1	25.0	1401	1201	0.86	31	1137	35.0	103	38	 	 	75.1
14:09	12:35	14:50:23	3.0	1.1	23.8	1336	1168	0.87	28	1195	33.7	103	38	 	 	76.1
14:11	12:37	14:50:25	3.0	1.1	25.7	1441	1273	0.88	34	1081	36.4	104	38	 	 	74.1
14:13	12:39	14:50:27	3.0	1.1	21.6	1214	1090	0.90	32	1009	32.0	104	38	 	 	77.2
14:16	12:42	14:50:30	2.9	1.1	17.8	1002	850	0.85	21	971	20.7	98	42	 	 	85.3
14:18	12:44	14:50:32	3.0	1.1	26.5	1487	1298	0.87	33	1052	34.7	102	39	 	 	75.4
14:19	12:45	14:50:33	3.0	1.1	30.4	1709	1504	0.88	35	1190	41.8	103	38	 	 	70.3
14:21	12:47	14:50:35	2.9	1.1	24.7	1385	1240	0.90	28	1215	34.5	105	38	 	 	75.5
14:23	12:49	14:50:37	2.9	1.1	21.8	1222	1121	0.92	35	963	33.8	107	36	 	 	76.0
14:25	12:51	14:50:39	3.0	1.1	25.1	1408	1288	0.91	37	1028	37.6	105	38	 	 	73.3
14:26	12:52	14:50:40	3.0	1.1	22.6	1269	1192	0.94	36	936	34.0	106	38	 	 	75.8
14:28	12:54	14:50:42	2.9	1.1	21.2	1188	1097	0.92	35	918	32.0	105	38	 	 	77.3
14:30	12:56	14:50:44	3.0	1.1	21.7	1221	1130	0.93	37	897	33.0	106	37	 	 	76.6
14:32	12:58	14:50:46	3.0	1.1	19.2	1080	1017	0.94	33	923	30.6	108	36	 	 	78.3
14:33	12:59	14:50:47	3.0	1.1	20.1	1131	1057	0.93	38	821	30.8	104	38	 	 	78.1
14:35	13:01	14:50:49	3.0	1.1	19.0	1069	1017	0.95	34	888	30.1	107	37	 	 	78.6
14:36	13:02	14:50:50	3.0	1.1	24.0	1345	1286	0.96	40	946	37.6	106	37	 	 	73.3
14:38	13:04	14:50:52	3.0	1.1	6.5	365	388	1.06	48	350	16.7	116	31	 	 	88.2
14:39	13:05	14:50:53	3.0	1.1	20.0	1121	1096	0.98	41	812	33.6	107	37	 	 	76.1
14:41	13:07	14:50:55	3.0	1.1	20.7	1164	1141	0.98	36	938	33.3	107	37	 	 	76.3
14:43	13:09	14:50:57	3.0	1.1	22.7	1272	1232	0.97	35	999	35.1	107	37	 	 	75.1
14:44	13:10	14:50:58	3.0	1.1	19.0	1069	1022	0.96	36	856	30.8	106	38	 	 	78.2
14:46	13:12	14:51:00	2.9	1.1	17.2	968	924	0.95	37	766	28.4	107	37	 	 	79.8
14:48	13:14	14:51:02	3.0	1.1	17.1	961	906	0.94	32	857	27.1	106	37	 	 	80.8
14:49	13:15	14:51:03	3.0	1.1	17.2	968	916	0.95	36	785	27.9	106	38	 	 	80.2
14:51	13:17	14:51:05	3.0	1.1	16.2	908	861	0.95	35	731	25.8	106	37	 	 	81.7
14:53	13:19	14:51:07	3.0	1.1	16.5	926	871	0.94	36	749	27.3	106	38	 	 	80.6
14:55	13:21	14:51:09	3.0	1.1	15.5	871	800	0.92	30	837	24.7	106	37	 	 	82.4
14:57	13:23	14:51:11	2.9	1.1	18.0	1013	932	0.92	33	838	27.5	105	37	 	 	80.5
14:58	13:24	14:51:12	3.0	1.1	18.4	1036	953	0.92	34	860	29.2	106	37	 	 	79.3
15:00	13:26	14:51:14	3.0	1.1	17.5	980	892	0.91	29	914	26.7	106	37	 	 	81.0
15:02	13:28	14:51:16	3.0	1.1	16.7	936	863	0.92	30	870	26.2	106	37	 	 	81.4
15:05	13:31	14:51:19	3.0	1.1	17.0	957	867	0.91	25	1016	25.0	106	37	 	 	82.2
15:07	13:33	14:51:21	3.0	1.1	15.2	854	795	0.93	31	777	24.0	106	37	 	 	82.9
15:09	13:35	14:51:23	3.0	1.1	17.7	992	905	0.91	28	913	25.1	103	39	 	 	82.2
15:12	13:38	14:51:26	2.9	1.1	14.9	838	753	0.90	21	1008	21.4	105	38	 	 	84.8
15:14	13:40	14:51:28	3.0	1.1	18.2	1020	917	0.90	33	791	26.2	104	38	 	 	81.4
15:16	13:42	14:51:30	3.0	1.1	13.6	761	677	0.89	25	752	18.9	104	38	 	 	86.5
15:18	13:44	14:51:32	2.9	1.1	21.1	1184	1062	0.90	31	992	31.0	105	37	 	 	78.0
15:20	13:46	14:51:34	3.0	1.1	19.9	1119	1036	0.93	35	923	32.2	108	36	 	 	77.1
15:21	13:47	14:51:35	3.0	1.1	16.3	913	857	0.94	35	785	27.7	108	35	 	 	80.3
15:23	13:49	14:51:37	3.0	1.1	16.4	923	864	0.94	32	810	26.1	107	36	 	 	81.4
15:25	13:51	14:51:39	3.0	1.1	17.7	993	937	0.94	32	908	29.4	108	35	 	 	79.1
15:27	13:53	14:51:41	3.0	1.1	17.1	961	924	0.96	35	831	29.3	110	35	 	 	79.2
15:29	13:55	14:51:43	3.0	1.1	19.7	1105	1096	0.99	26	1272	33.6	111	34	 	 	76.1
15:31	13:57	14:51:45	3.0	1.1	15.4	866	866	1.00	32	868	27.7	111	34	 	 	80.3
15:33	13:59	14:51:47	3.0	1.1	13.5	757	773	1.02	35	708	25.0	111	35	 	 	82.3
15:35	14:01	14:51:49	3.0	1.1	11.8	664	650	0.98	29	665	19.2	108	36	 	 	86.4
15:37	14:03	14:51:51	2.9	1.1	16.0	898	873	0.97	31	856	26.4	108	37	 	 	81.3
15:38	14:04	14:51:52	2.9	1.1	16.0	896	885	0.99	35	788	27.6	109	36	 	 	80.4
15:40	14:06	14:51:54	3.0	1.1	15.7	882	859	0.97	33	831	27.1	108	36	 	 	80.7
15:42	14:08	14:51:56	3.0	1.1	13.5	758	738	0.97	33	682	22.7	110	35	 	 	83.8
15:44	14:10	14:51:58	2.9	1.1	12.7	711	686	0.96	35	650	22.7	109	36	 	 	83.9
15:46	14:12	14:52:00	3.0	1.1	13.3	747	739	0.99	34	664	22.8	107	36	 	 	83.8
15:47	14:13	14:52:01	3.0	1.1	14.4	811	769	0.95	33	773	25.2	109	35	 	 	82.1
15:50	14:16	14:52:04	2.8	1.1	13.5	756	711	0.94	25	857	21.3	106	36	 	 	84.8
15:51	14:17	14:52:05	3.0	1.1	14.6	820	779	0.95	35	696	24.6	108	36	 	 	82.6
15:53	14:19	14:52:07	3.0	1.1	14.9	834	810	0.97	38	687	26.3	109	35	 	 	81.4
15:55	14:21	14:52:09	2.9	1.1	11.6	654	618	0.95	27	679	18.5	107	36	 	 	86.8
15:57	14:23	14:52:11	2.9	1.1	9.3	522	497	0.95	35	484	17.0	109	35	 	 	87.9
15:59	14:25	14:52:13	3.0	1.1	11.1	625	563	0.90	29	550	16.2	103	39	 	 	88.5
16:01	14:27	14:52:15	2.9	1.1	15.0	844	777	0.92	33	725	23.8	105	37	 	 	83.1
16:05	14:31	14:52:19	3.0	1.1	6.2	346	292	0.84	15	534	8.1	99	40	 	 	94.2
16:08	14:34	14:52:22	2.9	1.1	18.3	1028	861	0.84	21	1134	24.0	102	38	 	 	83.0
16:11	14:37	14:52:25	3.0	1.1	14.5	814	675	0.83	21	949	19.6	100	39	 	 	86.1
16:13	14:39	14:52:27	3.0	1.1	14.8	829	687	0.83	25	789	20.0	102	38	 	 	85.8
16:14	14:40	14:52:28	3.0	1.1	19.1	1071	903	0.84	41	709	29.3	104	36	 	 	79.2
16:16	14:42	14:52:30	3.0	1.1	12.5	701	588	0.84	28	691	19.2	103	37	 	 	86.4
16:19	14:45	14:52:33	3.0	1.1	15.3	860	709	0.82	28	771	21.5	100	39	 	 	84.7
16:21	14:47	14:52:35	3.0	1.1	15.7	884	734	0.83	28	796	22.3	103	37	 	 	84.1
16:23	14:49	14:52:37	2.9	1.1	16.4	922	801	0.87	29	851	24.9	105	36	 	 	82.3
16:25	14:51	14:52:39	3.0	1.1	17.7	995	876	0.88	27	1005	27.2	105	36	 	 	80.7
16:27	14:53	14:52:41	3.0	1.1	14.9	839	743	0.89	29	816	23.3	104	37	 	 	83.4
16:29	14:55	14:52:43	2.9	1.1	15.0	841	759	0.90	27	877	23.9	107	35	 	 	83.0
16:32	14:58	14:52:46	3.0	1.1	10.5	590	518	0.88	26	626	16.1	103	37	 	 	88.6
16:35	15:01	14:52:49	3.3	1.1	8.6	484	410	0.85	21	551	11.7	102	38	 	 	91.7
16:36	15:02	14:52:50	3.2	1.1	11.1	624	527	0.84	36	438	15.5	101	39	 	 	89.0
16:38	15:04	14:52:52	3.2	1.1	19.8	1113	931	0.84	33	840	27.7	102	37	 	 	80.3
16:40	15:06	14:52:54	3.2	1.1	18.7	1049	920	0.88	36	811	29.0	105	36	 	 	79.4
16:42	15:08	14:52:56	3.3	1.1	12.8	716	612	0.85	26	772	19.7	104	37	 	 	86.0
16:44	15:10	14:52:58	3.2	1.1	15.9	891	779	0.87	38	734	27.5	108	34	 	 	80.5
16:45	15:11	14:52:59	3.4	1.1	12.7	716	651	0.91	55	493	26.9	110	32	 	 	80.9
16:46	15:12	14:53:00	3.2	1.1	17.6	989	895	0.90	35	853	29.6	108	34	 	 	79.0
16:54	15:20	14:53:08	3.4	1.1	17.2	965	934	0.97	36	862	31.1	111	33	 	 	77.9
16:56	15:22	14:53:10	3.4	1.1	12.2	683	635	0.93	31	731	22.7	111	33	 	 	83.9
16:58	15:24	14:53:12	3.3	1.1	15.9	891	845	0.95	34	812	27.8	109	35	 	 	80.2
17:00	15:26	14:53:14	3.4	1.1	16.5	928	875	0.94	31	906	28.2	109	34	 	 	80.0
17:02	15:28	14:53:16	3.4	1.1	14.7	824	795	0.97	39	701	27.3	110	34	 	 	80.6
17:03	15:29	14:53:17	3.3	1.1	17.6	986	956	0.97	35	919	32.0	112	33	 	 	77.2
17:05	15:31	14:53:19	3.4	1.1	16.1	902	885	0.98	40	740	29.8	110	34	 	 	78.8
17:06	15:32	14:53:20	3.4	1.1	17.5	981	953	0.97	36	865	31.1	111	34	 	 	77.9
17:09	15:35	14:53:23	3.5	1.1	12.8	718	701	0.98	23	984	22.3	111	34	 	 	84.2
17:12	15:38	14:53:26	3.5	1.1	6.8	382	320	0.84	22	428	9.2	102	39	 	 	93.4
17:14	15:40	14:53:28	3.4	1.1	18.9	1061	913	0.86	26	1018	26.9	104	37	 	 	80.9
17:16	15:42	14:53:30	3.5	1.1	17.2	967	838	0.87	29	872	25.7	105	36	 	 	81.8
17:18	15:44	14:53:32	3.5	1.1	17.7	996	850	0.85	29	925	26.9	105	36	 	 	80.9
17:20	15:46	14:53:34	3.5	1.1	14.0	785	689	0.88	31	758	23.6	107	35	 	 	83.3
17:22	15:48	14:53:36	3.7	1.1	15.3	860	753	0.88	34	712	24.6	105	36	 	 	82.6
17:24	15:50	14:53:38	3.7	1.1	18.4	1031	893	0.87	24	1150	27.7	107	35	 	 	80.3
17:27	15:53	14:53:41	3.5	1.1	16.6	934	827	0.89	28	930	26.4	108	34	 	 	81.2
17:29	15:55	14:53:43	3.7	1.1	17.5	983	885	0.90	29	972	28.4	108	35	 	 	79.8
17:31	15:57	14:53:45	3.7	1.1	16.5	927	830	0.90	30	942	28.1	109	34	 	 	80.0
17:33	15:59	14:53:47	3.7	1.1	15.0	845	758	0.90	29	929	26.7	110	34	 	 	81.0
17:35	16:01	14:53:49	3.5	1.1	17.2	965	866	0.90	30	960	28.9	109	34	 	 	79.4
17:37	16:03	14:53:51	3.8	1.1	15.5	872	782	0.90	29	892	26.1	109	34	 	 	81.4
17:39	16:05	14:53:53	3.8	1.1	16.0	898	788	0.88	30	875	26.1	108	34	 	 	81.5
17:40	16:06	14:53:54	3.8	1.1	16.8	945	869	0.92	43	723	30.8	109	34	 	 	78.1
17:42	16:08	14:53:56	3.8	1.1	5.1	289	290	1.00	32	430	13.9	110	32	 	 	90.1
17:43	16:09	14:53:57	3.8	1.1	19.5	1095	943	0.86	54	580	31.0	104	36	 	 	77.9
17:45	16:11	14:53:59	3.8	1.1	18.3	1026	869	0.85	39	738	28.6	104	36	 	 	79.7
17:47	16:13	14:54:01	3.7	1.1	17.6	988	818	0.83	31	860	26.5	104	35	 	 	81.2
17:49	16:15	14:54:03	3.8	1.1	18.5	1038	894	0.86	31	952	29.6	107	34	 	 	79.0
17:51	16:17	14:54:05	3.7	1.1	19.6	1101	915	0.83	29	1027	30.2	106	35	 	 	78.5
17:53	16:19	14:54:07	3.9	1.1	18.9	1061	898	0.85	30	974	29.4	107	34	 	 	79.1
17:54	16:20	14:54:08	3.9	1.1	17.8	999	847	0.85	31	931	29.0	108	34	 	 	79.4
17:57	16:23	14:54:11	3.9	1.1	19.7	1104	941	0.85	30	1054	31.1	108	34	 	 	77.9
17:58	16:24	14:54:12	3.9	1.1	17.2	967	849	0.88	31	929	28.9	108	34	 	 	79.5
18:00	16:26	14:54:14	3.9	1.1	19.2	1080	912	0.84	30	999	29.7	106	34	 	 	78.9
18:02	16:28	14:54:16	4.0	1.1	17.5	984	838	0.85	30	942	28.1	108	34	 	 	80.0
18:04	16:30	14:54:18	3.9	1.1	14.8	830	717	0.86	30	838	25.1	108	34	 	 	82.1
18:06	16:32	14:54:20	3.9	1.1	17.4	978	835	0.85	32	919	29.5	107	34	 	 	79.1
18:08	16:34	14:54:22	4.0	1.1	15.2	852	733	0.86	31	830	25.9	106	35	 	 	81.6
18:10	16:36	14:54:24	3.9	1.1	15.5	871	716	0.82	29	848	24.7	106	35	 	 	82.5
18:14	16:40	14:54:28	4.0	1.1	24.3	1363	1110	0.81	19	1763	32.9	104	35	 	 	76.7
18:15	16:41	14:54:29	3.9	1.1	18.8	1054	905	0.86	31	994	31.2	108	33	 	 	77.8
18:17	16:43	14:54:31	3.9	1.1	18.9	1059	893	0.84	31	999	30.9	106	35	 	 	78.1
18:19	16:45	14:54:33	4.0	1.1	17.4	978	820	0.84	31	921	28.9	106	34	 	 	79.4
18:21	16:47	14:54:35	4.2	1.1	14.0	784	672	0.86	30	833	25.4	108	34	 	 	82.0
18:24	16:50	14:54:38	4.0	1.1	19.9	1117	912	0.82	21	1323	27.6	104	35	 	 	80.4
18:26	16:52	14:54:40	4.0	1.1	20.3	1139	953	0.84	30	1004	29.7	104	35	 	 	78.9
18:28	16:54	14:54:42	4.2	1.1	20.9	1176	960	0.82	27	1160	31.1	104	36	 	 	77.9
18:30	16:56	14:54:44	4.2	1.1	20.1	1131	914	0.81	31	961	29.4	104	35	 	 	79.1
18:33	16:59	14:54:47	4.2	1.1	16.4	923	726	0.79	20	1285	25.8	101	37	 	 	81.7
18:35	17:01	14:54:49	4.2	1.1	12.0	674	525	0.78	34	616	21.1	106	33	 	 	85.0
18:37	17:03	14:54:51	4.3	1.1	32.0	1798	1397	0.78	38	1079	40.7	99	37	 	 	71.1
18:39	17:05	14:54:53	4.3	1.1	18.5	1039	822	0.79	31	916	28.0	105	34	 	 	80.1
18:42	17:08	14:54:56	4.2	1.1	11.5	644	494	0.77	20	933	18.7	100	36	 	 	86.7
18:43	17:09	14:54:57	4.3	1.1	22.5	1265	898	0.71	33	866	28.7	97	37	 	 	79.6
18:45	17:11	14:54:59	4.3	1.1	32.3	1816	1275	0.70	32	1148	36.4	92	39	 	 	74.1
18:47	17:13	14:55:01	4.2	1.1	19.9	1116	768	0.69	31	843	26.3	101	35	 	 	81.3
18:49	17:15	14:55:03	4.3	1.1	22.6	1271	909	0.72	27	1213	33.2	96	37	 	 	76.4
18:52	17:18	14:55:06	4.3	1.1	22.9	1287	880	0.68	27	1150	31.2	100	35	 	 	77.8
18:54	17:20	14:55:08	4.3	1.1	21.6	1211	815	0.67	26	1103	29.2	100	35	 	 	79.3
18:55	17:21	14:55:09	4.3	1.1	28.7	1613	1094	0.68	41	956	38.8	99	35	 	 	72.5
18:57	17:23	14:55:11	4.3	1.1	17.7	991	679	0.68	33	835	27.2	98	35	 	 	80.7
18:59	17:25	14:55:13	4.3	1.1	25.2	1414	961	0.68	42	765	31.9	91	39	 	 	77.3
19:01	17:27	14:55:15	4.3	1.1	26.2	1473	983	0.67	32	898	29.0	94	37	 	 	79.4
19:03	17:29	14:55:17	4.3	1.1	29.6	1662	1112	0.67	26	1175	30.9	92	39	 	 	78.0
19:05	17:31	14:55:19	4.3	1.1	22.3	1253	840	0.67	23	1117	25.7	96	36	 	 	81.8
19:08	17:34	14:55:22	4.3	1.1	29.5	1655	1139	0.69	23	1392	31.5	94	38	 	 	77.6
19:10	17:36	14:55:24	4.3	1.1	31.3	1755	1203	0.69	32	1184	37.4	99	35	 	 	73.4
19:12	17:38	14:55:26	4.5	1.1	17.2	965	665	0.69	27	940	25.8	100	35	 	 	81.7
19:13	17:39	14:55:27	4.3	1.1	36.7	2059	1479	0.72	54	880	47.2	97	37	 	 	66.5
19:15	17:41	14:55:29	4.5	1.1	26.5	1489	1034	0.69	34	975	32.7	94	38	 	 	76.8
19:17	17:43	14:55:31	4.5	1.1	36.8	2067	1449	0.70	33	1278	41.9	96	37	 	 	70.2
19:19	17:45	14:55:33	4.3	1.1	26.3	1475	1043	0.71	31	1018	31.5	98	36	 	 	77.6
19:21	17:47	14:55:35	4.5	1.1	31.1	1749	1248	0.71	34	1145	38.6	99	36	 	 	72.6
19:22	17:48	14:55:36	4.6	1.1	30.1	1691	1244	0.74	40	991	39.4	101	35	 	 	72.0
19:24	17:50	14:55:38	4.5	1.1	28.9	1625	1233	0.76	32	1180	37.9	101	35	 	 	73.1
19:26	17:52	14:55:40	4.6	1.1	22.3	1251	932	0.74	29	1050	30.1	101	36	 	 	78.6
19:28	17:54	14:55:42	4.5	1.1	17.2	968	700	0.72	37	618	23.0	100	37	 	 	83.6
19:31	17:57	14:55:45	4.6	1.1	24.0	1345	980	0.73	19	1379	25.5	91	42	 	 	81.9
19:33	17:59	14:55:47	4.6	1.1	29.8	1675	1172	0.70	28	1222	33.6	94	39	 	 	76.1
19:36	18:02	14:55:50	4.5	1.1	25.8	1449	1007	0.70	23	1165	27.0	92	40	 	 	80.8
19:38	18:04	14:55:52	4.7	1.1	34.3	1929	1375	0.71	31	1285	40.2	96	37	 	 	71.5
19:40	18:06	14:55:54	4.8	1.1	30.8	1731	1244	0.72	33	1156	37.7	99	36	 	 	73.2
19:41	18:07	14:55:55	4.8	1.1	26.3	1475	1061	0.72	44	855	37.7	104	34	 	 	73.2
19:43	18:09	14:55:57	4.7	1.1	20.5	1152	857	0.74	32	842	26.6	98	38	 	 	81.1
19:44	18:10	14:55:58	4.8	1.1	34.5	1940	1425	0.73	42	1092	46.1	99	36	 	 	67.2
19:46	18:12	14:56:00	4.7	1.1	30.8	1732	1234	0.71	33	1183	38.8	99	36	 	 	72.4
19:48	18:14	14:56:02	4.7	1.1	31.7	1779	1300	0.73	32	1217	39.3	96	38	 	 	72.1
19:50	18:16	14:56:04	4.8	1.1	33.6	1889	1401	0.74	32	1293	41.9	99	37	 	 	70.2
19:51	18:17	14:56:05	4.8	1.1	30.6	1720	1325	0.77	40	1021	40.6	101	36	 	 	71.2
19:53	18:19	14:56:07	4.8	1.1	33.7	1892	1473	0.78	43	1108	47.5	101	36	 	 	66.3
19:54	18:20	14:56:08	4.8	1.1	29.0	1627	1281	0.79	42	1019	42.5	102	35	 	 	69.8
19:55	18:21	14:56:09	4.8	1.1	24.9	1400	1134	0.81	55	724	39.8	106	34	 	 	71.7
19:57	18:23	14:56:11	4.8	1.1	22.5	1265	1015	0.80	40	937	37.2	105	35	 	 	73.5
19:58	18:24	14:56:12	4.8	1.1	29.4	1652	1290	0.78	35	1112	39.2	103	36	 	 	72.1
20:00	18:26	14:56:14	4.8	1.1	30.6	1717	1343	0.78	33	1240	40.7	102	36	 	 	71.1
20:02	18:28	14:56:16	4.8	1.1	30.5	1711	1343	0.78	38	1107	42.6	104	35	 	 	69.7
20:03	18:29	14:56:17	4.8	1.1	25.3	1422	1179	0.83	43	920	39.7	105	34	 	 	71.8
20:04	18:30	14:56:18	4.8	1.1	35.9	2018	1679	0.83	53	1052	55.8	106	34	 	 	60.3
20:06	18:32	14:56:20	4.8	1.1	23.5	1318	1077	0.82	43	842	36.4	105	35	 	 	74.2
20:07	18:33	14:56:21	5.0	1.1	24.6	1381	1139	0.82	42	889	37.6	105	35	 	 	73.3
20:09	18:35	14:56:23	4.8	1.1	29.4	1649	1332	0.81	34	1191	40.4	103	36	 	 	71.3
20:11	18:37	14:56:25	5.0	1.1	16.2	912	711	0.78	32	966	31.3	109	33	 	 	77.7
20:12	18:38	14:56:26	5.1	1.1	38.9	2187	1614	0.74	58	909	53.0	100	38	 	 	62.4
20:14	18:40	14:56:28	4.8	1.1	23.2	1303	979	0.75	33	1024	33.9	103	35	 	 	75.9
20:15	18:41	14:56:29	5.0	1.1	32.6	1833	1392	0.76	40	1022	40.9	97	38	 	 	70.9
20:17	18:43	14:56:31	5.0	1.1	27.5	1545	1176	0.76	41	943	39.0	100	37	 	 	72.3
20:18	18:44	14:56:32	4.8	1.1	29.1	1637	1241	0.76	41	992	40.5	99	37	 	 	71.2
20:19	18:45	14:56:33	5.1	1.1	5.9	332	241	0.72	58	257	14.9	106	32	 	 	89.4
20:20	18:46	14:56:34	5.1	1.1	8.9	499	512	1.03	57	380	21.7	108	31	 	 	84.6
20:23	18:49	14:56:37	5.1	1.1	14.3	804	565	0.70	21	702	14.8	83	45	 	 	89.5
20:24	18:50	14:56:38	5.1	1.1	40.5	2274	1526	0.67	44	913	40.6	83	44	 	 	71.2
20:25	18:51	14:56:39	5.0	1.1	48.2	2704	1839	0.68	53	994	52.8	91	40	 	 	62.5
20:27	18:53	14:56:41	5.1	1.1	40.5	2274	1599	0.70	44	1084	48.2	93	39	 	 	65.8
20:28	18:54	14:56:42	5.1	1.1	42.4	2380	1682	0.71	42	1252	52.5	96	37	 	 	62.7
20:29	18:55	14:56:43	5.1	1.1	27.2	1527	1155	0.76	50	865	42.9	105	33	 	 	69.5
20:31	18:57	14:56:45	5.1	1.1	18.9	1061	783	0.74	34	866	29.9	103	35	 	 	78.8
20:33	18:59	14:56:47	5.1	1.1	25.1	1411	954	0.68	30	1052	31.4	93	40	 	 	77.7
20:35	19:01	14:56:49	5.0	1.1	37.7	2116	1496	0.71	43	1119	47.6	98	37	 	 	66.2
20:36	19:02	14:56:50	5.1	1.1	23.3	1309	942	0.72	43	906	38.8	104	34	 	 	72.4
20:37	19:03	14:56:51	5.2	1.1	39.0	2191	1608	0.73	41	1194	49.4	98	38	 	 	64.9
20:39	19:05	14:56:53	5.1	1.1	31.4	1764	1294	0.73	43	1062	45.8	102	36	 	 	67.4
20:40	19:06	14:56:54	5.1	1.1	41.5	2328	1763	0.76	41	1292	53.5	97	38	 	 	62.0
20:42	19:08	14:56:56	5.1	1.1	25.6	1439	1089	0.76	41	874	35.9	100	37	 	 	74.5
20:43	19:09	14:56:57	5.1	1.1	27.5	1545	1195	0.77	42	869	36.7	99	38	 	 	73.9
20:45	19:11	14:56:59	5.2	1.1	33.2	1863	1443	0.77	36	1201	43.2	101	37	 	 	69.3
20:46	19:12	14:57:00	5.1	1.1	19.2	1079	787	0.73	41	724	30.0	103	36	 	 	78.7
20:48	19:14	14:57:02	5.2	1.1	39.7	2230	1703	0.76	40	1210	48.7	96	39	 	 	65.4
20:49	19:15	14:57:03	5.1	1.1	24.8	1394	1079	0.77	45	790	35.6	100	37	 	 	74.7
20:50	19:16	14:57:04	5.2	1.1	35.2	1977	1455	0.74	51	877	44.6	98	39	 	 	68.3
20:52	19:18	14:57:06	5.5	1.1	37.3	2097	1618	0.77	38	1231	46.7	98	38	 	 	66.8
20:53	19:19	14:57:07	5.3	1.1	39.1	2197	1703	0.77	41	1218	50.0	99	38	 	 	64.4
20:55	19:21	14:57:09	5.3	1.1	37.1	2083	1670	0.80	51	1105	56.6	105	35	 	 	59.8
20:56	19:22	14:57:10	5.3	1.1	32.7	1835	1485	0.81	45	1094	49.3	104	35	 	 	64.9
20:57	19:23	14:57:11	5.3	1.1	40.4	2269	1865	0.82	45	1262	57.4	102	37	 	 	59.2
20:59	19:25	14:57:13	5.5	1.1	34.7	1951	1623	0.83	43	1207	51.7	103	37	 	 	63.3
21:00	19:26	14:57:14	5.3	1.1	29.9	1678	1426	0.85	52	930	48.1	106	35	 	 	65.8
21:01	19:27	14:57:15	5.3	1.1	23.7	1333	1076	0.81	48	851	41.2	106	34	 	 	70.7
21:02	19:28	14:57:16	5.5	1.1	38.3	2153	1778	0.83	55	1006	55.3	102	37	 	 	60.7
21:04	19:30	14:57:18	5.3	1.1	23.0	1294	1052	0.81	35	979	34.6	100	39	 	 	75.4
21:05	19:31	14:57:19	5.3	1.1	24.2	1361	1156	0.85	43	875	37.2	104	37	 	 	73.5
21:07	19:33	14:57:21	5.5	1.1	27.9	1566	1237	0.79	40	909	36.1	99	39	 	 	74.3
21:08	19:34	14:57:22	5.5	1.1	40.0	2244	1791	0.80	52	1096	57.2	102	37	 	 	59.4
21:09	19:35	14:57:23	5.3	1.1	32.2	1810	1424	0.79	40	1105	44.5	101	37	 	 	68.4
21:11	19:37	14:57:25	5.6	1.1	32.5	1826	1479	0.81	34	1212	41.8	99	39	 	 	70.3
21:13	19:39	14:57:27	5.5	1.1	34.4	1931	1528	0.79	38	1146	44.1	100	38	 	 	68.7
21:14	19:40	14:57:28	5.3	1.1	35.2	1974	1572	0.80	34	1296	44.2	99	39	 	 	68.6
21:16	19:42	14:57:30	5.3	1.1	33.7	1894	1536	0.81	39	1134	44.2	100	38	 	 	68.6
21:18	19:44	14:57:32	5.5	1.1	34.1	1912	1539	0.81	33	1293	43.1	99	38	 	 	69.4
21:19	19:45	14:57:33	5.3	1.1	31.6	1773	1431	0.81	38	1120	42.5	103	36	 	 	69.8
21:21	19:47	14:57:35	5.6	1.1	28.4	1596	1355	0.85	42	979	41.1	103	37	 	 	70.8
21:22	19:48	14:57:36	5.6	1.1	31.9	1790	1476	0.82	41	999	41.3	99	39	 	 	70.6
21:24	19:50	14:57:38	5.5	1.1	37.8	2125	1715	0.81	34	1415	47.4	99	39	 	 	66.3
21:26	19:52	14:57:40	5.5	1.1	35.1	1969	1598	0.81	33	1332	43.9	98	39	 	 	68.8
21:28	19:54	14:57:42	5.6	1.1	33.0	1852	1518	0.82	31	1340	42.1	100	38	 	 	70.1
21:29	19:55	14:57:43	5.5	1.1	32.7	1837	1492	0.81	43	1029	44.7	102	38	 	 	68.2
21:31	19:57	14:57:45	5.7	1.1	36.9	2074	1705	0.82	42	1186	49.4	101	38	 	 	64.9
21:32	19:58	14:57:46	5.6	1.1	36.4	2043	1672	0.82	31	1520	47.5	103	37	 	 	66.2
21:34	20:00	14:57:48	5.6	1.1	36.6	2056	1788	0.87	34	1496	51.0	103	37	 	 	63.8
21:36	20:02	14:57:50	5.6	1.1	35.9	2018	1729	0.86	38	1377	51.9	105	36	 	 	63.1
21:37	20:03	14:57:51	5.6	1.1	33.1	1860	1600	0.86	44	1100	48.5	105	36	 	 	65.5
21:38	20:04	14:57:52	5.7	1.1	31.6	1776	1590	0.90	55	935	51.5	106	36	 	 	63.4
21:39	20:05	14:57:53	5.7	1.1	28.8	1616	1416	0.88	56	850	47.2	106	36	 	 	66.4
21:40	20:06	14:57:54	5.7	1.1	41.0	2303	2006	0.87	52	1194	61.7	106	36	 	 	56.1
21:42	20:08	14:57:56	5.6	1.1	34.6	1941	1679	0.87	41	1257	51.0	106	36	 	 	63.8
21:43	20:09	14:57:57	5.6	1.1	34.7	1950	1720	0.88	42	1250	52.1	106	36	 	 	63.0
21:45	20:11	14:57:59	5.7	1.1	30.9	1734	1538	0.89	42	1103	46.3	106	36	 	 	67.1
21:46	20:12	14:58:00	5.7	1.1	32.9	1846	1615	0.87	43	1118	47.9	104	38	 	 	66.0
21:47	20:13	14:58:01	5.6	1.1	35.8	2009	1755	0.87	50	1136	56.3	108	35	 	 	60.0
21:49	20:15	14:58:03	5.7	1.1	35.6	1998	1772	0.89	44	1240	54.3	106	36	 	 	61.4
21:50	20:16	14:58:04	5.6	1.1	32.4	1822	1660	0.91	50	1060	53.4	109	34	 	 	62.0
21:51	20:17	14:58:05	5.8	1.1	32.1	1801	1637	0.91	44	1134	49.7	106	36	 	 	64.7
21:53	20:19	14:58:07	5.8	1.1	33.5	1882	1719	0.91	43	1190	50.6	104	37	 	 	64.0
21:54	20:20	14:58:08	6.0	1.1	32.3	1813	1631	0.90	41	1183	49.0	104	38	 	 	65.2
21:56	20:22	14:58:10	5.8	1.1	33.1	1859	1617	0.87	41	1135	46.6	102	39	 	 	66.9
21:57	20:23	14:58:11	5.8	1.1	33.6	1890	1663	0.88	42	1198	49.9	103	38	 	 	64.5
21:59	20:25	14:58:13	5.8	1.1	35.5	1992	1758	0.88	40	1298	51.6	104	37	 	 	63.4
22:00	20:26	14:58:14	5.8	1.1	35.1	1973	1747	0.89	43	1201	51.1	103	38	 	 	63.7
22:02	20:28	14:58:16	5.8	1.1	31.1	1747	1554	0.89	41	1159	47.0	104	38	 	 	66.6
22:03	20:29	14:58:17	5.8	1.1	33.2	1864	1692	0.91	41	1215	49.6	103	38	 	 	64.8
22:05	20:31	14:58:19	5.8	1.1	37.0	2080	1822	0.88	32	1548	50.2	102	39	 	 	64.3
22:07	20:33	14:58:21	6.0	1.1	35.6	2000	1758	0.88	33	1503	49.5	102	39	 	 	64.8
22:08	20:34	14:58:22	6.0	1.1	35.3	1985	1769	0.89	40	1321	52.5	105	37	 	 	62.7
22:10	20:36	14:58:24	6.0	1.1	36.2	2032	1838	0.90	40	1303	52.5	105	37	 	 	62.7
22:11	20:37	14:58:25	6.0	1.1	29.9	1681	1502	0.89	39	1172	46.3	107	36	 	 	67.1
22:13	20:39	14:58:27	6.0	1.1	32.8	1842	1659	0.90	41	1228	50.5	107	36	 	 	64.2
22:14	20:40	14:58:28	6.0	1.1	34.0	1912	1722	0.90	34	1417	48.6	105	37	 	 	65.5
22:16	20:42	14:58:30	6.0	1.1	31.8	1784	1617	0.91	40	1218	48.7	106	37	 	 	65.4
22:17	20:43	14:58:31	5.8	1.1	35.3	1984	1794	0.90	42	1239	52.0	105	38	 	 	63.1
22:19	20:45	14:58:33	6.0	1.1	34.2	1920	1724	0.90	42	1237	51.6	105	37	 	 	63.4
22:20	20:46	14:58:34	6.0	1.1	37.7	2115	1932	0.91	41	1377	56.6	104	38	 	 	59.8
22:21	20:47	14:58:35	5.8	1.1	29.9	1679	1529	0.91	50	1058	52.9	110	34	 	 	62.4
22:23	20:49	14:58:37	6.2	1.1	35.9	2016	1836	0.91	40	1370	54.8	106	37	 	 	61.1
22:24	20:50	14:58:38	6.0	1.1	33.0	1853	1645	0.89	44	1187	52.7	107	36	 	 	62.5
22:26	20:52	14:58:40	6.1	1.1	36.4	2045	1836	0.90	45	1232	55.6	105	37	 	 	60.5
22:27	20:53	14:58:41	6.1	1.1	31.8	1786	1815	1.02	56	1036	57.6	108	36	 	 	59.1
22:28	20:54	14:58:42	6.0	1.1	36.7	2060	1916	0.93	55	1126	61.4	108	36	 	 	56.4
22:29	20:55	14:58:43	6.1	1.1	33.4	1875	1679	0.90	57	1020	57.7	109	35	 	 	59.0
22:30	20:56	14:58:44	6.1	1.1	27.2	1527	1399	0.92	57	895	50.6	110	34	 	 	64.0
22:31	20:57	14:58:45	6.0	1.1	34.7	1951	1858	0.95	57	1047	59.8	108	36	 	 	57.5
22:32	20:58	14:58:46	6.0	1.1	38.4	2154	1970	0.91	55	1166	63.6	108	36	 	 	54.8
22:34	21:00	14:58:48	6.0	1.1	31.2	1752	1604	0.92	35	1322	46.7	105	38	 	 	66.8
22:35	21:01	14:58:49	6.0	1.1	31.2	1751	1582	0.90	41	1186	48.1	106	37	 	 	65.8
22:37	21:03	14:58:51	6.2	1.1	39.5	2219	2014	0.91	43	1375	58.5	104	38	 	 	58.4
22:38	21:04	14:58:52	6.2	1.1	29.6	1664	1554	0.93	41	1150	47.3	105	38	 	 	66.4
22:39	21:05	14:58:53	6.1	1.1	36.9	2071	1941	0.94	55	1114	61.3	108	36	 	 	56.4
22:40	21:06	14:58:54	6.1	1.1	35.3	1981	1870	0.94	57	1037	58.7	108	36	 	 	58.3
22:41	21:07	14:58:55	6.2	1.1	34.1	1913	1742	0.91	54	1040	55.7	108	36	 	 	60.4
22:43	21:09	14:58:57	6.2	1.1	30.5	1711	1629	0.95	44	1136	50.1	107	37	 	 	64.4
22:44	21:10	14:58:58	6.1	1.1	36.2	2033	1957	0.96	55	1112	61.2	108	36	 	 	56.5
22:45	21:11	14:58:59	6.2	1.1	34.6	1941	1829	0.94	56	1058	58.8	109	35	 	 	58.2
22:46	21:12	14:59:00	6.2	1.1	32.2	1808	1760	0.97	57	1016	57.5	109	35	 	 	59.1
22:47	21:13	14:59:01	6.1	1.1	34.7	1949	1906	0.98	56	1092	60.7	109	36	 	 	56.9
22:48	21:14	14:59:02	6.2	1.1	32.8	1845	1744	0.95	58	981	56.6	109	36	 	 	59.8
22:49	21:15	14:59:03	6.1	1.1	41.1	2311	2218	0.96	57	1164	66.5	107	36	 	 	52.7
22:50	21:16	14:59:04	6.1	1.1	30.8	1729	1672	0.97	57	979	55.4	109	35	 	 	60.6
22:51	21:17	14:59:05	6.1	1.1	34.1	1915	1854	0.97	59	1042	61.3	110	35	 	 	56.5
22:53	21:19	14:59:07	6.2	1.1	34.6	1944	1845	0.95	43	1318	57.3	109	35	 	 	59.3
22:54	21:20	14:59:08	6.3	1.1	31.1	1744	1717	0.98	53	1069	56.3	111	34	 	 	60.0
22:55	21:21	14:59:09	6.3	1.1	35.9	2018	1957	0.97	56	1145	63.6	110	35	 	 	54.8
22:56	21:22	14:59:10	6.2	1.1	32.6	1833	1761	0.96	45	1233	55.2	109	36	 	 	60.8
22:57	21:23	14:59:11	6.3	1.1	37.5	2107	2070	0.98	53	1219	64.1	110	35	 	 	54.4
22:58	21:24	14:59:12	6.3	1.1	28.5	1602	1627	1.02	55	1013	55.8	112	34	 	 	60.4
23:00	21:26	14:59:14	6.2	1.1	30.9	1735	1761	1.01	46	1155	52.9	108	36	 	 	62.4
23:01	21:27	14:59:15	6.3	1.1	32.3	1814	1743	0.96	49	1108	54.1	109	36	 	 	61.6
23:02	21:28	14:59:16	6.3	1.1	35.4	1987	1891	0.95	46	1190	54.9	107	37	 	 	61.0
23:04	21:30	14:59:18	6.2	1.1	36.5	2047	1962	0.96	46	1250	57.3	106	37	 	 	59.3
23:05	21:31	14:59:19	6.3	1.1	33.5	1879	1752	0.93	40	1299	52.3	106	37	 	 	62.8
23:07	21:33	14:59:21	6.3	1.1	33.8	1899	1761	0.93	41	1268	51.4	107	37	 	 	63.5
23:08	21:34	14:59:22	6.5	1.1	31.9	1789	1654	0.92	44	1134	50.4	106	37	 	 	64.2
23:09	21:35	14:59:23	6.5	1.1	36.6	2057	1965	0.96	54	1171	63.3	108	36	 	 	55.0
23:10	21:36	14:59:24	6.3	1.1	33.2	1862	1735	0.93	45	1196	54.4	108	36	 	 	61.4
23:11	21:37	14:59:25	6.5	1.1	37.0	2077	2006	0.97	53	1218	64.1	110	35	 	 	54.4
23:13	21:39	14:59:27	6.5	1.1	37.7	2119	2039	0.96	46	1321	60.5	107	37	 	 	57.0
23:14	21:40	14:59:28	6.5	1.1	32.9	1850	1772	0.96	42	1257	53.1	107	37	 	 	62.3
23:16	21:42	14:59:30	6.3	1.1	34.1	1915	1795	0.94	43	1239	53.9	106	37	 	 	61.7
23:17	21:43	14:59:31	6.5	1.1	33.1	1858	1836	0.99	44	1256	55.4	110	35	 	 	60.6
23:18	21:44	14:59:32	6.5	1.1	37.1	2085	2003	0.96	40	1439	57.9	106	37	 	 	58.8
23:20	21:46	14:59:34	6.3	1.1	35.1	1970	1851	0.94	41	1363	55.2	107	37	 	 	60.8
23:21	21:47	14:59:35	6.6	1.1	34.5	1936	1890	0.98	49	1207	58.9	111	35	 	 	58.2
23:23	21:49	14:59:37	6.5	1.1	30.1	1690	1681	0.99	43	1185	51.2	110	35	 	 	63.7
23:24	21:50	14:59:38	6.5	1.1	34.0	1909	1848	0.97	46	1172	53.7	107	37	 	 	61.9
23:25	21:51	14:59:39	6.6	1.1	32.4	1822	1782	0.98	52	1079	55.8	110	35	 	 	60.3
23:26	21:52	14:59:40	6.6	1.1	32.7	1835	1801	0.98	53	1061	56.3	110	35	 	 	60.0
23:27	21:53	14:59:41	6.5	1.1	30.4	1708	1691	0.99	54	1044	55.9	111	35	 	 	60.3
23:29	21:55	14:59:43	6.5	1.1	32.2	1806	1761	0.98	36	1387	49.8	106	38	 	 	64.6
23:30	21:56	14:59:44	6.6	1.1	31.5	1771	1749	0.99	51	1093	55.6	110	35	 	 	60.5
23:31	21:57	14:59:45	6.6	1.1	36.7	2059	2031	0.99	54	1166	63.0	110	35	 	 	55.2
23:32	21:58	14:59:46	6.5	1.1	32.7	1839	1828	0.99	50	1180	59.0	111	34	 	 	58.1
23:34	22:00	14:59:48	6.5	1.1	28.4	1595	1567	0.98	45	1126	50.4	110	35	 	 	64.2
23:35	22:01	14:59:49	6.6	1.1	34.2	1920	1910	0.99	54	1136	61.4	110	35	 	 	56.4
23:36	22:02	14:59:50	6.6	1.1	34.5	1936	1954	1.01	55	1171	64.4	111	35	 	 	54.2
23:37	22:03	14:59:51	6.6	1.1	34.4	1933	1964	1.02	57	1110	62.8	111	35	 	 	55.4
23:38	22:04	14:59:52	6.6	1.1	32.9	1846	1887	1.02	56	1105	62.0	111	35	 	 	56.0
23:39	22:05	14:59:53	6.8	1.1	28.4	1596	1686	1.06	56	1005	56.3	111	35	 	 	60.0
23:40	22:06	14:59:54	6.6	1.1	31.7	1779	1884	1.06	55	1069	58.9	109	36	 	 	58.2
23:41	22:07	14:59:55	6.6	1.1	31.2	1753	1785	1.02	58	1004	58.5	111	35	 	 	58.4
23:42	22:08	14:59:56	6.6	1.1	31.6	1775	1805	1.02	59	1011	59.5	110	36	 	 	57.8
23:43	22:09	14:59:57	6.6	1.1	32.3	1814	1800	0.99	56	1052	58.4	111	35	 	 	58.5
23:44	22:10	14:59:58	6.8	1.1	32.4	1820	1803	0.99	56	1043	57.9	111	35	 	 	58.9
23:46	22:12	15:00:00	6.6	1.1	33.6	1887	1829	0.97	56	1033	57.9	110	36	 	 	58.9
23:47	22:13	15:00:01	6.6	1.1	31.6	1772	1706	0.96	48	1094	52.1	107	37	 	 	63.0
23:48	22:14	15:00:02	6.6	1.1	34.6	1944	1982	1.02	55	1135	61.9	109	36	 	 	56.0
23:49	22:15	15:00:03	6.6	1.1	31.7	1781	1753	0.98	57	957	54.2	107	37	 	 	61.5
23:50	22:16	15:00:04	6.6	1.1	37.3	2097	1984	0.95	54	1125	60.3	108	37	 	 	57.2
23:51	22:17	15:00:05	6.6	1.1	38.7	2175	2087	0.96	54	1228	65.8	110	35	 	 	53.3
23:52	22:18	15:00:06	6.8	1.1	33.1	1861	1863	1.00	56	1057	59.3	111	35	 	 	57.9
23:53	22:19	15:00:07	6.8	1.1	34.9	1963	2023	1.03	59	1076	63.9	110	36	 	 	54.6
23:54	22:20	15:00:08	6.8	1.1	34.4	1931	1932	1.00	53	1190	63.2	112	34	 	 	55.1
23:56	22:22	15:00:10	6.6	1.1	35.6	2000	1995	1.00	56	1171	65.6	112	34	 	 	53.4
23:57	22:23	15:00:11	6.9	1.1	29.9	1681	1714	1.02	59	987	58.6	112	35	 	 	58.4
AT																
23:58	22:24	15:00:12	6.6	1.1	37.5	2103	2126	1.01	59	1154	68.5	111	35	 	 	51.3
23:59	22:25	15:00:13	6.8	1.1	34.0	1911	1934	1.01	57	1061	60.0	109	36	 	 	57.3
24:00	22:26	15:00:14	6.6	1.1	32.2	1807	1865	1.03	56	1084	60.8	112	34	 	 	56.8
24:01	22:27	15:00:15	6.6	1.1	35.9	2018	2005	0.99	58	1105	63.8	111	35	 	 	54.7
24:02	22:28	15:00:16	6.9	1.1	34.1	1914	1957	1.02	55	1134	62.4	111	35	 	 	55.6
24:03	22:29	15:00:17	6.9	1.1	32.0	1796	1869	1.04	56	1079	60.5	111	35	 	 	57.0
24:04	22:30	15:00:18	6.9	1.1	33.5	1884	1930	1.02	55	1097	59.9	111	35	 	 	57.5
24:05	22:31	15:00:19	6.6	1.1	34.9	1959	2034	1.04	55	1133	62.4	111	35	 	 	55.7
24:06	22:32	15:00:20	6.9	1.1	32.3	1811	1809	1.00	52	1127	58.8	112	35	 	 	58.2
24:07	22:33	15:00:21	7.0	1.1	32.8	1843	1895	1.03	58	1060	61.2	112	35	 	 	56.6
24:08	22:34	15:00:22	6.9	1.1	32.2	1811	1908	1.05	54	1114	59.7	112	35	 	 	57.6
24:09	22:35	15:00:23	6.8	1.1	32.0	1799	1812	1.01	57	1000	57.1	111	35	 	 	59.4
24:10	22:36	15:00:24	6.8	1.1	31.3	1757	1802	1.03	56	1034	57.5	112	35	 	 	59.2
24:12	22:38	15:00:26	6.9	1.1	33.5	1882	1901	1.01	57	1056	60.4	111	35	 	 	57.1
24:13	22:39	15:00:27	6.9	1.1	30.8	1731	1767	1.02	56	1033	57.4	111	35	 	 	59.2
24:14	22:40	15:00:28	6.9	1.1	30.8	1730	1809	1.05	58	988	57.0	111	36	 	 	59.5
24:15	22:41	15:00:29	7.0	1.1	34.2	1918	1955	1.02	55	1093	60.1	109	36	 	 	57.3
24:16	22:42	15:00:30	7.0	1.1	32.0	1797	1815	1.01	56	1045	58.0	112	35	 	 	58.8
24:17	22:43	15:00:31	6.8	1.1	30.8	1732	1782	1.03	58	978	57.0	111	35	 	 	59.5
24:18	22:44	15:00:32	7.0	1.1	36.5	2052	2141	1.04	58	1121	65.3	109	37	 	 	53.6
24:19	22:45	15:00:33	6.9	1.1	33.2	1863	1909	1.02	57	1087	61.5	111	35	 	 	56.3
24:20	22:46	15:00:34	6.8	1.1	35.2	1976	2013	1.02	58	1086	62.7	109	37	 	 	55.5
24:21	22:47	15:00:35	7.0	1.1	32.0	1794	1837	1.02	56	1051	58.9	111	35	 	 	58.2
24:22	22:48	15:00:36	7.3	1.1	36.5	2050	2090	1.02	59	1075	63.9	109	36	 	 	54.6
24:23	22:49	15:00:37	7.1	1.1	31.8	1787	1850	1.04	57	1059	60.0	110	36	 	 	57.4
24:24	22:50	15:00:38	7.1	1.1	32.3	1815	1994	1.10	58	1093	63.7	110	36	 	 	54.8
24:25	22:51	15:00:39	7.1	1.1	35.4	1986	1972	0.99	50	1292	65.2	112	34	 	 	53.7
24:26	22:52	15:00:40	7.0	1.1	30.8	1732	1785	1.03	60	989	59.3	113	34	 	 	57.9
24:27	22:53	15:00:41	7.1	1.1	36.4	2043	2098	1.03	56	1152	64.0	110	36	 	 	54.5
24:29	22:55	15:00:43	7.1	1.1	29.2	1639	1641	1.00	42	1200	50.0	109	37	 	 	64.5
24:30	22:56	15:00:44	7.0	1.1	36.2	2031	1996	0.98	55	1102	60.1	109	37	 	 	57.3
24:31	22:57	15:00:45	7.0	1.1	30.8	1731	1759	1.02	57	974	55.1	110	36	 	 	60.8
24:32	22:58	15:00:46	7.1	1.1	39.8	2232	2254	1.01	59	1181	69.5	110	36	 	 	50.6
24:33	22:59	15:00:47	7.1	1.1	39.3	2208	2256	1.02	57	1228	70.2	110	36	 	 	50.2
24:34	23:00	15:00:48	7.1	1.1	38.1	2138	2217	1.04	55	1268	69.1	111	35	 	 	50.9
24:35	23:01	15:00:49	7.1	1.1	33.9	1904	1946	1.02	56	1123	62.4	112	35	 	 	55.7
24:36	23:02	15:00:50	7.1	1.1	34.7	1949	2020	1.04	58	1117	64.4	111	35	 	 	54.2
24:37	23:03	15:00:51	7.0	1.2	32.8	1842	2119	1.15	57	1138	65.0	110	36	 	 	53.8
24:38	23:04	15:00:52	7.1	1.3	36.9	2075	2149	1.04	56	1192	66.8	111	35	 	 	52.5
24:39	23:05	15:00:53	7.1	1.3	38.4	2154	2238	1.04	59	1196	70.4	110	36	 	 	50.0
24:41	23:07	15:00:55	7.0	1.3	36.3	2040	2098	1.03	55	1194	65.7	110	36	 	 	53.3
24:42	23:08	15:00:56	7.1	1.3	33.1	1857	1943	1.05	54	1127	60.4	111	36	 	 	57.1
24:43	23:09	15:00:57	7.0	1.3	32.4	1822	1868	1.03	57	1054	59.7	112	35	 	 	57.6
24:44	23:10	15:00:58	7.0	1.3	36.6	2054	2172	1.06	56	1185	65.9	111	36	 	 	53.2
24:45	23:11	15:00:59	7.1	1.3	33.9	1902	1891	0.99	52	1134	59.2	111	36	 	 	58.0
24:46	23:12	15:01:00	7.1	1.3	31.6	1775	1793	1.01	55	1077	59.3	112	35	 	 	57.9
24:47	23:13	15:01:01	7.0	1.3	38.8	2177	2282	1.05	50	1349	67.4	109	37	 	 	52.1
24:48	23:14	15:01:02	7.1	1.3	33.9	1904	2017	1.06	52	1182	61.7	111	36	 	 	56.2
24:49	23:15	15:01:03	7.1	1.3	34.6	1944	2032	1.05	57	1134	64.2	112	35	 	 	54.4
24:51	23:17	15:01:05	7.1	1.3	36.9	2072	2198	1.06	57	1207	69.0	112	36	 	 	51.0
24:52	23:18	15:01:06	7.1	1.2	35.5	1992	2156	1.08	56	1216	67.6	112	35	 	 	52.0
24:53	23:19	15:01:07	7.1	1.7	33.5	1883	1990	1.06	57	1124	64.2	112	35	 	 	54.4
24:54	23:20	15:01:08	7.0	1.7	34.3	1927	2040	1.06	57	1127	63.8	112	36	 	 	54.7
24:55	23:21	15:01:09	7.1	1.7	36.7	2061	2228	1.08	59	1140	67.7	110	37	 	 	51.9
24:56	23:22	15:01:10	7.1	1.7	33.9	1905	2107	1.11	57	1168	66.1	111	36	 	 	53.0
24:57	23:23	15:01:11	7.0	1.7	33.5	1881	2021	1.07	55	1141	62.8	111	36	 	 	55.4
24:58	23:24	15:01:12	7.1	1.7	28.5	1602	1704	1.06	54	1020	55.1	112	36	 	 	60.8
24:59	23:25	15:01:13	7.0	1.7	21.2	1193	1185	0.99	55	780	42.9	112	36	 	 	69.5
25:00	23:26	15:01:14	7.1	1.7	35.5	1993	2033	1.02	45	1285	58.4	107	39	 	 	58.5
25:02	23:28	15:01:16	7.1	1.7	33.1	1857	1815	0.98	50	1144	56.7	109	38	 	 	59.7
25:03	23:29	15:01:17	7.0	1.7	38.9	2185	2143	0.98	47	1317	62.2	105	40	 	 	55.8
25:04	23:30	15:01:18	7.1	1.7	35.0	1963	1970	1.00	51	1209	62.0	110	36	 	 	56.0
25:05	23:31	15:01:19	7.0	1.7	35.8	2010	1985	0.99	57	1099	62.8	110	37	 	 	55.4
25:06	23:32	15:01:20	7.1	1.7	37.8	2124	2142	1.01	56	1181	66.2	109	37	 	 	53.0
25:07	23:33	15:01:21	7.1	2.1	35.7	2006	1979	0.99	55	1165	63.5	110	36	 	 	54.9
25:08	23:34	15:01:22	7.1	2.5	40.4	2268	2316	1.02	59	1251	74.3	110	37	 	 	47.2
25:09	23:35	15:01:23	7.0	2.5	39.3	2210	2311	1.05	63	1193	74.6	112	35	 	 	47.0
25:10	23:36	15:01:24	7.1	2.5	42.3	2373	2535	1.07	60	1279	76.8	111	36	 	 	45.5
25:11	23:37	15:01:25	7.0	2.5	37.7	2115	2315	1.09	57	1253	70.9	112	36	 	 	49.6
V02 Max																
25:12	23:38	15:01:26	7.0	2.5	37.0	2075	2237	1.08	55	1226	67.5	111	37	 	 	52.1
25:13	23:39	15:01:27	7.1	2.5	37.1	2085	2336	1.12	58	1254	72.3	112	36	 	 	48.6
25:15	23:41	15:01:29	7.1	2.5	31.5	1767	1996	1.13	56	1151	63.9	113	35	 	 	54.6
25:16	23:42	15:01:30	7.1	2.5	35.1	1970	2161	1.10	56	1213	68.0	113	36	 	 	51.7
25:17	23:43	15:01:31	7.1	2.5	33.2	1865	2186	1.17	58	1221	70.4	113	35	 	 	50.0
25:18	23:44	15:01:32	7.0	2.5	32.5	1825	2147	1.18	59	1165	68.6	113	35	 	 	51.3
25:19	23:45	15:01:33	7.1	2.5	31.8	1784	2040	1.14	59	1112	65.4	113	35	 	 	53.5
25:20	23:46	15:01:34	7.1	2.5	33.0	1850	2059	1.11	58	1114	64.3	111	37	 	 	54.3
25:21	23:47	15:01:35	7.0	2.5	35.2	1979	2281	1.15	60	1136	68.1	110	38	 	 	51.6
25:22	23:48	15:01:36	7.1	2.5	39.2	2202	2399	1.09	54	1333	71.4	110	37	 	 	49.3
25:23	23:49	15:01:37	7.0	2.9	37.4	2098	2281	1.09	56	1269	71.2	112	36	 	 	49.4
25:24	23:50	15:01:38	7.0	3.0	35.1	1972	2243	1.14	63	1097	68.5	111	37	 	 	51.3
25:25	23:51	15:01:39	7.0	3.0	39.1	2195	2388	1.09	54	1312	70.3	110	37	 	 	50.1
25:26	23:52	15:01:40	7.1	3.0	30.1	1691	1841	1.09	55	1073	59.1	112	36	 	 	58.0
25:27	23:53	15:01:41	7.0	3.0	37.6	2112	2322	1.10	58	1236	71.3	111	37	 	 	49.3
25:28	23:54	15:01:42	7.1	3.0	34.5	1939	2084	1.07	58	1128	65.1	112	36	 	 	53.8
25:29	23:55	15:01:43	7.0	3.0	36.9	2074	2251	1.08	56	1229	68.9	111	37	 	 	51.1
25:30	23:56	15:01:44	7.1	3.0	33.7	1895	2073	1.09	57	1140	64.5	112	36	 	 	54.2
25:31	23:57	15:01:45	7.1	3.0	26.2	1473	1558	1.06	55	975	53.2	113	35	 	 	62.2
25:32	23:58	15:01:46	7.0	3.0	40.3	2261	2398	1.06	56	1356	75.3	113	36	 	 	46.5
25:34	24:00	15:01:48	7.1	3.0	38.8	2179	2399	1.10	56	1332	74.7	113	36	 	 	46.9
25:35	24:01	15:01:49	7.1	3.0	36.6	2054	2253	1.10	58	1221	71.1	113	35	 	 	49.5
25:36	24:02	15:01:50	7.0	3.0	41.0	2305	2619	1.14	61	1320	80.8	113	36	 	 	42.6
25:37	24:03	15:01:51	7.0	3.2	31.8	1787	2111	1.18	61	1142	69.9	116	33	 	 	50.3
25:37	24:03	15:01:51	7.1	3.2	35.2	1974	2252	1.14	67	1115	74.4	115	34	 	 	47.2
25:38	24:04	15:01:52	7.0	3.6	39.7	2229	2519	1.13	61	1291	79.0	113	35	 	 	43.9
25:39	24:05	15:01:53	7.0	3.6	30.6	1717	2034	1.18	65	1045	67.4	116	33	 	 	52.1
25:40	24:06	15:01:54	7.1	3.6	26.0	1459	2448	1.68	69	1143	78.8	115	34	 	 	44.0
25:41	24:07	15:01:55	7.1	3.6	31.7	1782	1990	1.12	75	981	73.6	117	33	 	 	47.7
25:42	24:08	15:01:56	7.1	3.6	40.7	2286	2589	1.13	65	1275	82.3	114	35	 	 	41.6
25:43	24:09	15:01:57	7.0	3.6	33.2	1863	2247	1.21	59	1195	70.3	113	36	 	 	50.1
25:44	24:10	15:01:58	7.1	3.6	36.3	2037	2374	1.17	56	1314	73.0	112	36	 	 	48.1
25:45	24:11	15:01:59	7.0	3.6	31.5	1767	2149	1.22	63	1110	70.1	116	33	 	 	50.2
25:46	24:12	15:02:00	7.1	3.6	35.2	1977	2281	1.15	68	1099	75.0	115	34	 	 	46.7
25:47	24:13	15:02:01	7.1	3.6	33.1	1860	2208	1.19	73	1004	73.4	116	34	 	 	47.8
25:48	24:14	15:02:02	7.0	3.6	38.7	2174	2468	1.13	69	1147	79.1	114	35	 	 	43.8
25:49	24:15	15:02:03	7.0	3.6	34.9	1958	2297	1.17	57	1272	72.0	113	36	 	 	48.9
25:50	24:16	15:02:04	7.1	3.6	30.7	1722	1984	1.15	55	1150	63.3	113	36	 	 	55.0
25:51	24:17	15:02:05	7.0	3.6	33.6	1887	2231	1.18	58	1213	70.6	113	35	 	 	49.8
25:52	24:18	15:02:06	7.1	3.6	25.9	1456	1753	1.20	67	885	59.0	117	33	 	 	58.1
25:53	24:19	15:02:07	7.1	3.9	28.4	1594	1819	1.14	65	904	58.9	114	35	 	 	58.1
25:53	24:19	15:02:07	7.1	4.0	42.5	2388	2881	1.21	68	1343	91.6	113	36	 	 	34.9
25:55	24:21	15:02:09	7.0	4.0	40.8	2293	2611	1.14	57	1475	83.5	113	36	 	 	40.7
25:55	24:21	15:02:09	7.1	4.0	32.4	1820	2175	1.20	64	1139	72.7	117	33	 	 	48.3
25:56	24:22	15:02:10	7.0	4.0	38.5	2163	2496	1.15	67	1225	82.6	115	34	 	 	41.4
25:57	24:23	15:02:11	7.1	4.0	38.0	2132	2638	1.24	63	1333	84.2	114	35	 	 	40.2
25:58	24:24	15:02:12	7.1	4.0	33.6	1889	2141	1.13	71	1129	79.7	118	33	 	 	43.4
25:59	24:25	15:02:13	7.1	4.0	32.6	1829	2255	1.23	78	1003	78.2	118	32	 	 	44.4
26:00	24:26	15:02:14	7.0	4.0	32.3	1812	2129	1.17	68	1026	69.9	115	35	 	 	50.3
26:01	24:27	15:02:15	7.0	4.0	30.3	1700	2034	1.20	71	939	66.3	117	34	 	 	52.9
26:01	24:27	15:02:15	7.1	4.0	39.0	2190	2546	1.16	71	1146	80.9	114	35	 	 	42.5
26:02	24:28	15:02:16	7.0	4.0	29.4	1653	1998	1.21	66	959	63.2	116	34	 	 	55.1
26:03	24:29	15:02:17	7.1	4.0	32.4	1822	2184	1.20	68	1017	69.3	114	35	 	 	50.8
26:04	24:30	15:02:18	7.1	4.0	29.1	1632	2044	1.25	70	917	64.0	116	34	 	 	54.5
26:05	24:31	15:02:19	7.0	4.0	33.3	1869	2164	1.16	66	1055	69.6	115	35	 	 	50.6
26:06	24:32	15:02:20	7.1	4.0	35.1	1972	2326	1.18	64	1167	74.5	114	35	 	 	47.1
26:07	24:33	15:02:21	7.1	4.0	24.9	1400	1627	1.16	65	855	55.7	117	33	 	 	60.4
26:08	24:34	15:02:22	7.0	4.6	38.1	2137	2579	1.21	71	1124	80.3	114	35	 	 	43.0
26:09	24:35	15:02:23	7.1	4.7	31.4	1764	2085	1.18	57	1142	65.2	114	35	 	 	53.7
26:10	24:36	15:02:24	7.1	4.7	29.4	1651	2013	1.22	58	1079	62.9	113	36	 	 	55.3
26:11	24:37	15:02:25	7.0	4.7	29.8	1675	2079	1.24	69	1059	73.1	118	32	 	 	48.1
26:12	24:38	15:02:26	7.0	4.7	36.6	2053	2363	1.15	67	1229	81.9	116	34	 	 	41.8
26:13	24:39	15:02:27	7.1	4.7	36.7	2058	2491	1.21	61	1280	77.6	114	35	 	 	44.9
26:14	24:40	15:02:28	7.0	4.7	26.1	1466	1803	1.23	66	939	61.9	118	33	 	 	56.0
26:14	24:40	15:02:28	7.1	4.7	33.1	1858	2250	1.21	71	1048	73.9	115	35	 	 	47.5
26:15	24:41	15:02:29	7.1	4.7	37.4	2099	2530	1.21	61	1293	79.2	114	35	 	 	43.8
26:16	24:42	15:02:30	7.1	4.7	25.0	1404	1700	1.21	67	867	58.5	118	33	 	 	58.5
26:17	24:43	15:02:31	7.1	4.7	33.8	1898	2309	1.22	71	1035	73.9	115	35	 	 	47.5
26:18	24:44	15:02:32	7.0	4.7	33.3	1873	2222	1.19	59	1180	70.1	115	35	 	 	50.2
26:19	24:45	15:02:33	7.1	4.7	27.1	1522	1911	1.26	60	1022	61.3	115	35	 	 	56.4
26:20	24:46	15:02:34	7.1	4.7	26.3	1476	1727	1.17	68	866	59.1	117	33	 	 	58.0
26:21	24:47	15:02:35	7.1	4.7	35.1	1970	2466	1.25	70	1130	78.8	114	36	 	 	44.0
26:22	24:48	15:02:36	7.1	5.0	25.1	1409	1676	1.19	71	858	61.3	118	33	 	 	56.5
26:23	24:49	15:02:37	7.0	5.0	30.6	1717	2128	1.24	69	1009	69.6	116	35	 	 	50.5
26:24	24:50	15:02:38	7.1	5.1	22.5	1263	1644	1.30	62	848	52.5	117	34	 	 	62.7
26:24	24:50	15:02:38	7.1	5.1	16.2	912	1984	2.18	73	901	65.9	116	34	 	 	53.2
26:25	24:51	15:02:39	7.1	5.1	24.4	1369	1729	1.26	72	816	59.0	118	33	 	 	58.1
26:26	24:52	15:02:40	7.1	5.1	25.8	1447	1727	1.19	71	822	58.0	116	34	 	 	58.8
26:27	24:53	15:02:41	7.1	5.1	19.5	1096	1348	1.23	72	678	49.0	119	32	 	 	65.2
26:28	24:54	15:02:42	7.1	5.1	29.2	1642	1938	1.18	73	859	62.9	114	36	 	 	55.3
26:29	24:55	15:02:43	7.1	5.1	21.9	1230	1471	1.20	67	760	51.2	118	33	 	 	63.6
26:29	24:55	15:02:43	7.1	5.1	26.1	1468	1794	1.22	70	844	58.9	115	36	 	 	58.2
26:30	24:56	15:02:44	7.0	5.1	20.8	1166	1476	1.27	67	740	49.4	117	33	 	 	64.9
26:31	24:57	15:02:45	7.1	5.1	20.7	1165	1373	1.18	70	663	46.3	115	35	 	 	67.1
26:32	24:58	15:02:46	7.1	5.1	16.4	923	1087	1.18	77	537	41.3	118	33	 	 	70.7
26:33	24:59	15:02:47	7.1	5.1	17.3	971	1263	1.30	77	546	42.0	117	34	 	 	70.2
26:34	25:00	15:02:48	7.1	5.1	21.9	1228	1483	1.21	65	764	49.3	116	34	 	 	65.0
26:35	25:01	15:02:49	7.0	5.1	23.5	1322	1591	1.20	70	738	51.5	114	36	 	 	63.4
26:35	25:01	15:02:49	7.0	5.1	15.5	872	1023	1.17	69	540	37.2	117	33	 	 	73.6
26:36	25:02	15:02:50	7.1	5.2	26.0	1462	1819	1.24	69	829	57.2	114	36	 	 	59.4
26:37	25:03	15:02:51	7.0	5.2	14.5	814	1021	1.25	68	511	34.8	117	33	 	 	75.2
26:38	25:04	15:02:52	7.0	5.8	19.2	1076	1282	1.19	76	559	42.5	114	36	 	 	69.8
26:39	25:05	15:02:53	7.1	5.9	15.0	845	1028	1.22	67	521	35.1	117	34	 	 	75.0
26:40	25:06	15:02:54	7.0	5.9	14.9	835	1023	1.23	74	464	34.4	114	36	 	 	75.6
26:41	25:07	15:02:55	7.1	5.9	16.1	905	1114	1.23	60	577	34.6	114	36	 	 	75.4
26:42	25:08	15:02:56	7.0	5.9	16.9	951	1232	1.29	61	640	39.2	115	35	 	 	72.2
26:43	25:09	15:02:57	7.0	5.9	14.4	806	973	1.21	66	539	35.5	117	34	 	 	74.8
26:43	25:09	15:02:57	7.1	5.9	11.9	668	879	1.32	80	403	32.3	118	33	 	 	77.1
26:44	25:10	15:02:58	7.1	5.9	16.1	903	1097	1.22	78	490	38.2	115	35	 	 	72.8
26:45	25:11	15:02:59	7.1	5.9	8.8	496	654	1.32	67	378	25.2	118	33	 	 	82.1
26:46	25:12	15:03:00	7.1	5.9	10.8	608	791	1.30	81	341	27.6	115	35	 	 	80.4
26:47	25:13	15:03:01	7.1	5.9	16.8	943	1146	1.22	70	535	37.3	115	36	 	 	73.5
26:47	25:13	15:03:01	7.1	5.9	12.7	712	998	1.40	76	429	32.6	116	35	 	 	76.9
26:48	25:14	15:03:02	7.1	5.9	10.1	566	752	1.33	75	374	28.1	115	36	 	 	80.0
26:49	25:15	15:03:03	7.1	5.9	5.4	301	400	1.33	72	227	16.4	118	33	 	 	88.4
26:50	25:16	15:03:04	7.1	5.9	11.7	658	826	1.25	74	362	26.8	114	36	 	 	80.9
26:51	25:17	15:03:05	7.1	5.9	7.3	408	511	1.25	71	273	19.5	117	34	 	 	86.2
26:52	25:18	15:03:06	7.1	5.9	3.6	204	289	1.42	43	290	12.4	117	34	 	 	91.2
26:53	25:19	15:03:07	7.0	5.9	8.3	467	591	1.26	80	273	21.8	114	37	 	 	84.5
26:54	25:20	15:03:08	7.1	5.9	6.2	350	452	1.29	67	246	16.4	116	35	 	 	88.3
26:54	25:20	15:03:08	7.1	5.9	14.1	790	989	1.25	77	417	32.1	113	37	 	 	77.2
26:55	25:21	15:03:09	7.1	5.9	4.0	223	290	1.30	67	187	12.5	118	33	 	 	91.1
26:57	25:23	15:03:11	7.1	5.9	26.5	1486	1847	1.24	78	751	58.5	114	37	 	 	58.4
26:58	25:24	15:03:12	7.1	5.9	9.2	519	641	1.23	57	385	22.0	114	36	 	 	84.4
26:59	25:25	15:03:13	7.1	5.9	10.4	582	756	1.30	59	420	24.9	115	35	 	 	82.3
27:00	25:26	15:03:14	7.0	5.9	12.7	711	832	1.17	71	429	30.3	117	34	 	 	78.5
27:01	25:27	15:03:15	7.1	5.9	24.5	1374	1623	1.18	68	733	49.9	114	37	 	 	64.5
27:01	25:27	15:03:15	7.1	5.9	18.4	1033	1242	1.20	72	578	41.8	117	34	 	 	70.3
27:02	25:28	15:03:16	7.1	5.9	20.3	1142	1483	1.30	80	584	46.7	115	36	 	 	66.8
27:03	25:29	15:03:17	7.1	5.9	21.7	1216	1505	1.24	72	650	47.0	115	36	 	 	66.6
RC																
27:04	25:30	15:03:18	7.1	5.9	14.4	808	1099	1.36	75	480	36.0	117	35	 	 	74.4
27:05	25:31	15:03:19	7.0	5.9	18.6	1043	1292	1.24	72	556	40.2	114	37	 	 	71.5
27:06	25:32	15:03:20	7.1	5.9	6.8	384	502	1.31	64	275	17.6	115	36	 	 	87.5
27:06	25:32	15:03:20	7.1	5.9	7.6	427	549	1.29	68	304	20.8	115	36	 	 	85.3
27:07	25:33	15:03:21	7.1	6.4	10.1	567	746	1.32	78	324	25.3	117	35	 	 	82.0
27:08	25:34	15:03:22	7.1	6.5	7.2	407	539	1.32	73	268	19.6	115	36	 	 	86.1
27:09	25:35	15:03:23	7.1	6.5	4.2	237	324	1.37	71	183	12.9	118	34	 	 	90.8
27:10	25:36	15:03:24	7.0	6.5	6.2	347	451	1.30	79	214	16.9	115	36	 	 	88.0
27:11	25:37	15:03:25	7.1	6.5	6.5	367	495	1.35	68	251	17.1	116	35	 	 	87.8
27:11	25:37	15:03:25	7.1	6.5	10.5	589	771	1.31	74	337	25.0	114	37	 	 	82.3
27:12	25:38	15:03:26	7.1	6.5	6.4	358	464	1.30	68	254	17.3	117	34	 	 	87.7
27:13	25:39	15:03:27	7.0	6.5	19.4	1091	1355	1.24	74	587	43.5	115	37	 	 	69.1
27:14	25:40	15:03:28	7.1	6.5	6.4	359	503	1.40	68	304	20.7	120	32	 	 	85.3
27:15	25:41	15:03:29	7.1	6.5	9.4	526	706	1.34	71	326	23.3	115	36	 	 	83.4
27:18	25:44	15:03:32	7.0	6.5	6.2	348	451	1.29	69	233	16.1	116	36	 	 	88.6
27:19	25:45	15:03:33	7.1	6.5	9.5	536	772	1.44	71	390	27.9	117	35	 	 	80.2
27:20	25:46	15:03:34	7.1	6.5	12.3	691	890	1.29	65	410	26.7	117	35	 	 	81.0
27:21	25:47	15:03:35	7.1	6.5	16.7	937	1162	1.24	66	583	38.4	114	37	 	 	72.7
27:22	25:48	15:03:36	7.1	6.7	17.4	975	1246	1.28	68	585	39.9	115	37	 	 	71.7
27:23	25:49	15:03:37	7.0	6.9	21.5	1208	1502	1.24	70	693	48.4	115	37	 	 	65.6
27:24	25:50	15:03:38	7.1	6.9	6.2	350	459	1.31	59	274	16.1	115	37	 	 	88.6
27:24	25:50	15:03:38	7.1	6.9	7.6	428	565	1.32	71	312	22.0	117	35	 	 	84.3
27:25	25:51	15:03:39	7.1	6.9	9.0	505	668	1.32	79	319	25.2	116	36	 	 	82.1
27:26	25:52	15:03:40	7.1	6.9	9.3	521	691	1.33	70	348	24.3	117	35	 	 	82.8
27:27	25:53	15:03:41	7.0	6.9	11.6	652	864	1.33	71	433	30.9	116	36	 	 	78.0
27:28	25:54	15:03:42	7.0	6.9	9.9	557	774	1.39	67	427	28.5	118	34	 	 	79.8
27:29	25:55	15:03:43	7.1	6.9	10.1	565	778	1.38	85	345	29.2	119	34	 	 	79.3
27:29	25:55	15:03:43	7.0	6.9	10.8	605	795	1.31	67	375	25.3	116	36	 	 	82.1
27:30	25:56	15:03:44	7.0	6.9	13.7	769	1082	1.41	71	531	37.9	118	34	 	 	73.1
27:33	25:59	15:03:47	7.1	6.9	3.3	185	258	1.39	30	453	13.8	119	34	 	 	90.2
27:38	26:04	15:03:52	7.1	7.5	1.0	56	82	1.48	17	461	8.0	124	27	 	 	94.4
