Time	Ex Time	Time (Clock)	Speed	Grade	VO2	VO2	VCO2	RER	RR	Vt BTPS	VE BTPS	BR	PETO2	PETCO2	HR	HRR
(min)	(min)	(Clock)	(MPH)	(%)	(mL/kg/min)	(mL/min)	(mL/min)		(br/min)	(mL)	(L/min)	(%)	(mmHg)	(mmHg)	(BPM)	(%)
0:14	 	09:15:25	0.0	300.1	9.8	768	626	0.82	20	1051	21.5	84.2	103	33	 	 
0:16	 	09:15:27	0.0	300.1	10.5	823	645	0.78	26	834	21.3	84.4	101	33	 	 
0:20	 	09:15:31	0.0	300.1	7.5	591	459	0.78	19	813	15.8	88.4	100	34	 	 
0:22	 	09:15:33	0.0	300.1	9.7	764	596	0.78	25	840	20.8	84.8	101	33	 	 
0:24	 	09:15:35	0.0	300.1	8.9	702	542	0.77	26	740	19.2	85.9	100	34	 	 
0:26	 	09:15:37	0.0	300.1	4.2	326	259	0.79	32	389	12.5	90.9	102	32	 	 
0:29	 	09:15:40	0.0	300.1	5.2	408	303	0.74	20	531	10.6	92.2	97	34	 	 
0:32	 	09:15:43	0.0	300.1	4.6	359	273	0.76	22	500	11.1	91.9	98	34	 	 
0:35	 	09:15:46	0.0	300.1	5.7	448	331	0.74	19	645	12.4	90.9	99	34	 	 
0:38	 	09:15:49	0.0	300.1	4.5	355	270	0.76	21	511	10.8	92.1	101	33	 	 
0:41	 	09:15:52	0.0	300.1	5.5	428	325	0.76	19	638	12.3	91.0	101	33	 	 
0:44	 	09:15:55	0.0	300.1	4.2	330	255	0.77	22	490	10.5	92.3	102	32	 	 
0:47	 	09:15:58	0.0	300.1	5.5	429	335	0.78	19	652	12.3	91.0	102	32	 	 
0:53	 	09:16:04	0.0	300.1	4.8	376	303	0.80	10	1006	10.4	92.4	101	34	 	 
0:55	 	09:16:06	0.0	300.1	2.8	220	175	0.80	23	322	7.3	94.6	102	32	 	 
0:59	 	09:16:10	0.0	300.1	4.4	347	249	0.72	17	485	8.3	93.9	96	35	 	 
1:01	 	09:16:12	0.0	300.1	8.2	643	467	0.73	31	530	16.3	88.1	96	35	 	 
1:05	 	09:16:16	0.0	300.1	4.8	374	277	0.74	14	597	8.6	93.7	97	34	 	 
1:08	 	09:16:19	0.0	300.1	5.9	462	331	0.72	21	590	12.2	91.1	98	34	 	 
1:14	0:01	09:16:25	2.2	1.0	9.6	751	592	0.79	32	696	22.0	83.9	102	32	 	 
1:17	0:04	09:16:28	2.9	1.0	10.3	808	634	0.79	27	789	21.4	84.3	99	34	 	 
1:19	0:06	09:16:30	3.0	1.0	10.3	810	625	0.77	25	857	21.6	84.2	101	33	 	 
1:22	0:09	09:16:33	2.8	1.0	9.0	710	530	0.75	23	753	17.6	87.1	98	35	 	 
1:24	0:11	09:16:35	3.0	1.0	11.2	878	645	0.73	24	872	21.4	84.4	98	35	 	 
1:26	0:13	09:16:37	3.0	1.0	10.7	838	612	0.73	26	764	20.0	85.3	98	34	 	 
1:29	0:16	09:16:40	3.0	1.0	8.6	678	499	0.74	22	785	17.0	87.5	98	35	 	 
1:32	0:19	09:16:43	3.0	1.0	8.9	703	515	0.73	19	918	17.6	87.1	96	35	 	 
1:35	0:22	09:16:46	3.0	1.0	8.9	699	496	0.71	19	888	16.8	87.7	97	34	 	 
1:38	0:25	09:16:49	3.0	1.0	10.5	825	581	0.70	23	862	19.4	85.8	97	35	 	 
1:40	0:27	09:16:51	2.9	1.0	11.1	871	632	0.73	25	848	20.9	84.7	98	35	 	 
1:43	0:30	09:16:54	3.0	1.0	9.7	759	567	0.75	24	779	18.7	86.3	98	34	 	 
1:45	0:32	09:16:56	3.0	1.0	11.0	866	640	0.74	26	811	21.0	84.6	98	34	 	 
1:49	0:36	09:17:00	2.9	1.0	8.2	646	467	0.72	15	888	13.7	90.0	95	36	 	 
1:52	0:39	09:17:03	3.0	1.0	9.7	762	538	0.71	25	707	17.7	87.1	95	35	 	 
1:54	0:41	09:17:05	2.9	1.0	13.0	1024	708	0.69	25	872	21.6	84.2	92	36	 	 
1:57	0:44	09:17:08	3.0	1.0	13.0	1022	687	0.67	22	967	21.2	84.5	92	36	 	 
1:59	0:46	09:17:10	3.0	1.0	11.5	907	606	0.67	24	816	19.3	85.9	93	35	 	 
2:02	0:49	09:17:13	2.9	1.0	13.8	1086	731	0.67	26	869	22.6	83.5	91	36	 	 
2:04	0:51	09:17:15	3.0	1.0	12.1	952	641	0.67	24	848	20.0	85.3	93	35	 	 
2:07	0:54	09:17:18	2.9	1.0	12.2	955	626	0.66	23	838	19.5	85.7	91	36	 	 
2:12	0:59	09:17:23	3.5	1.0	9.6	752	537	0.71	11	1488	16.0	88.3	92	37	 	 
2:14	1:01	09:17:25	5.2	1.0	13.2	1041	685	0.66	31	750	23.2	83.0	92	35	 	 
2:16	1:03	09:17:27	5.6	1.0	19.4	1520	1038	0.68	38	873	32.9	75.9	94	35	 	 
2:17	1:04	09:17:28	5.6	1.1	16.3	1277	878	0.69	37	763	28.2	79.3	95	35	 	 
2:19	1:06	09:17:30	5.5	1.1	20.7	1626	1140	0.70	39	881	34.8	74.6	95	35	 	 
2:22	1:09	09:17:33	5.5	1.1	16.8	1321	916	0.69	24	1237	29.3	78.5	94	35	 	 
2:23	1:10	09:17:34	5.3	1.1	18.7	1468	1024	0.70	39	817	32.0	76.6	94	35	 	 
2:25	1:12	09:17:36	5.5	1.1	14.6	1150	795	0.69	29	883	25.6	81.3	95	35	 	 
2:27	1:14	09:17:38	5.3	1.1	19.6	1540	1025	0.67	32	1013	32.1	76.5	93	36	 	 
2:29	1:16	09:17:40	5.5	1.1	12.2	958	639	0.67	30	716	21.3	84.4	90	37	 	 
2:31	1:18	09:17:42	5.6	1.1	22.4	1757	1146	0.65	31	1098	34.0	75.1	91	36	 	 
2:33	1:20	09:17:44	5.6	1.1	24.4	1920	1276	0.66	29	1347	38.5	71.8	94	35	 	 
2:35	1:22	09:17:46	5.3	1.1	20.4	1606	1079	0.67	25	1310	32.9	75.9	94	35	 	 
2:38	1:25	09:17:49	5.5	1.1	17.9	1402	951	0.68	28	1020	28.9	78.9	93	36	 	 
2:39	1:26	09:17:50	5.6	1.1	19.2	1509	944	0.63	33	883	29.3	78.6	88	37	 	 
2:41	1:28	09:17:52	5.6	1.1	24.8	1951	1223	0.63	34	1081	37.1	72.9	90	36	 	 
2:43	1:30	09:17:54	5.3	1.1	24.3	1909	1200	0.63	28	1251	34.4	74.8	88	37	 	 
2:45	1:32	09:17:56	5.6	1.1	24.5	1927	1189	0.62	29	1198	34.9	74.5	88	37	 	 
2:48	1:35	09:17:59	5.3	1.1	27.5	2163	1389	0.64	24	1688	40.0	70.7	89	37	 	 
2:50	1:37	09:18:01	5.3	1.1	23.3	1831	1152	0.63	33	1049	35.0	74.4	89	37	 	 
2:52	1:39	09:18:03	5.5	1.1	28.4	2233	1360	0.61	33	1242	40.7	70.2	87	37	 	 
2:54	1:41	09:18:05	5.5	1.1	25.2	1978	1211	0.61	27	1294	35.1	74.3	85	38	 	 
2:58	1:45	09:18:09	5.5	1.1	23.2	1821	1206	0.66	14	2303	32.1	76.5	83	40	 	 
3:00	1:47	09:18:11	5.6	1.1	30.3	2378	1384	0.58	33	1127	37.4	72.7	80	40	 	 
3:01	1:48	09:18:12	5.3	1.1	34.6	2718	1615	0.59	39	1177	46.2	66.2	84	38	 	 
3:03	1:50	09:18:14	5.5	1.1	30.1	2367	1440	0.61	30	1364	41.3	69.8	86	38	 	 
3:05	1:52	09:18:16	5.5	1.1	30.9	2424	1506	0.62	32	1344	42.4	68.9	86	38	 	 
3:07	1:54	09:18:18	5.5	1.1	24.6	1929	1201	0.62	40	912	36.7	73.1	88	37	 	 
3:09	1:56	09:18:20	5.6	1.1	32.2	2532	1582	0.62	29	1400	41.0	70.0	83	40	 	 
3:11	1:58	09:18:22	5.3	1.1	34.2	2687	1768	0.66	36	1446	51.6	62.2	90	37	 	 
3:12	1:59	09:18:23	5.3	1.1	32.8	2577	1695	0.66	37	1330	49.6	63.7	89	38	 	 
3:14	2:01	09:18:25	5.5	1.1	30.7	2408	1640	0.68	31	1482	45.6	66.6	90	38	 	 
3:16	2:03	09:18:27	5.6	1.1	28.2	2216	1528	0.69	30	1391	41.5	69.6	88	39	 	 
3:18	2:05	09:18:29	5.3	1.1	30.2	2373	1619	0.68	31	1410	44.3	67.6	87	40	 	 
3:20	2:07	09:18:31	5.3	1.1	32.9	2583	1717	0.66	34	1418	48.6	64.4	89	39	 	 
3:22	2:09	09:18:33	5.6	1.1	33.9	2659	1843	0.69	33	1573	52.1	61.8	90	38	 	 
3:23	2:10	09:18:34	5.5	1.1	34.9	2744	1935	0.70	39	1443	56.6	58.6	93	37	 	 
3:25	2:12	09:18:36	5.6	1.1	27.6	2172	1592	0.73	35	1344	47.2	65.5	97	35	 	 
3:26	2:13	09:18:37	5.5	1.1	34.1	2682	1961	0.73	39	1402	55.3	59.5	92	38	 	 
3:28	2:15	09:18:39	5.6	1.1	31.5	2477	1815	0.73	33	1550	51.4	62.4	93	38	 	 
3:30	2:17	09:18:41	5.6	1.1	30.0	2357	1704	0.72	34	1473	49.9	63.4	93	38	 	 
3:32	2:19	09:18:43	5.3	1.1	30.1	2368	1749	0.74	34	1446	49.6	63.7	94	37	 	 
3:33	2:20	09:18:44	5.6	1.1	32.3	2534	1852	0.73	34	1541	53.1	61.1	94	38	 	 
3:35	2:22	09:18:46	5.6	1.1	32.6	2560	1887	0.74	38	1526	58.3	57.3	98	35	 	 
3:38	2:25	09:18:49	5.6	1.1	26.0	2041	1445	0.71	22	1633	35.4	74.1	88	41	 	 
3:39	2:26	09:18:50	5.5	1.1	34.8	2735	1977	0.72	36	1501	53.3	61.0	91	39	 	 
3:42	2:29	09:18:53	5.3	1.1	31.9	2505	1827	0.73	29	1793	51.2	62.5	93	38	 	 
3:44	2:31	09:18:55	5.3	1.1	31.1	2444	1836	0.75	26	1921	49.5	63.8	92	39	 	 
3:46	2:33	09:18:57	5.5	1.1	28.4	2228	1631	0.73	30	1493	44.3	67.5	90	40	 	 
3:48	2:35	09:18:59	5.6	1.1	33.4	2621	1919	0.73	35	1525	53.2	61.1	93	39	 	 
3:49	2:36	09:19:00	5.3	1.1	32.9	2582	1879	0.73	39	1396	55.1	59.7	93	38	 	 
3:51	2:38	09:19:02	5.5	1.1	32.3	2540	1897	0.75	33	1599	53.0	61.2	91	39	 	 
3:53	2:40	09:19:04	5.5	1.1	29.1	2287	1699	0.74	35	1426	50.0	63.4	95	38	 	 
3:54	2:41	09:19:05	5.5	1.1	33.5	2634	1921	0.73	38	1447	55.7	59.3	93	38	 	 
3:56	2:43	09:19:07	5.5	1.1	30.0	2360	1811	0.77	34	1544	51.7	62.1	96	37	 	 
3:58	2:45	09:19:09	5.5	1.1	30.6	2402	1808	0.75	27	1794	49.1	64.0	92	39	 	 
4:00	2:47	09:19:11	5.5	1.1	28.4	2234	1670	0.75	27	1644	45.0	67.0	93	39	 	 
4:02	2:49	09:19:13	5.3	1.1	33.8	2655	1932	0.73	32	1603	52.0	61.9	90	40	 	 
4:04	2:51	09:19:15	5.5	1.1	31.0	2438	1852	0.76	34	1519	51.8	62.1	95	38	 	 
4:05	2:52	09:19:16	5.3	1.1	36.7	2883	2200	0.76	40	1583	62.9	54.0	94	38	 	 
4:07	2:54	09:19:18	5.3	1.1	34.1	2675	2139	0.80	41	1479	60.4	55.8	96	37	 	 
4:09	2:56	09:19:20	5.5	1.1	26.1	2052	1668	0.81	35	1404	49.5	63.7	98	37	 	 
4:10	2:57	09:19:21	5.3	1.1	31.8	2499	1935	0.77	39	1459	57.2	58.1	97	37	 	 
4:12	2:59	09:19:23	5.3	1.1	32.3	2536	2070	0.82	27	2144	58.2	57.4	96	38	 	 
4:14	3:01	09:19:25	5.3	1.1	27.3	2142	1705	0.80	34	1469	49.5	63.8	98	37	 	 
4:16	3:03	09:19:27	5.3	1.1	30.2	2376	1844	0.78	33	1594	52.6	61.5	94	39	 	 
4:18	3:05	09:19:29	5.3	1.1	30.0	2354	1855	0.79	33	1554	51.5	62.3	94	39	 	 
4:19	3:06	09:19:30	5.5	1.1	33.0	2592	2064	0.80	39	1497	58.3	57.3	96	38	 	 
4:21	3:08	09:19:32	5.3	1.1	29.2	2295	1848	0.81	40	1391	55.6	59.3	98	37	 	 
4:23	3:10	09:19:34	5.5	1.1	29.3	2306	1879	0.82	34	1602	53.7	60.7	97	38	 	 
4:24	3:11	09:19:35	5.3	1.1	28.6	2248	1816	0.81	35	1468	51.8	62.1	97	38	 	 
4:26	3:13	09:19:37	5.5	1.1	28.9	2272	1798	0.79	32	1449	47.0	65.6	94	39	 	 
4:28	3:15	09:19:39	5.5	1.1	28.3	2222	1810	0.81	35	1504	52.2	61.8	99	36	 	 
4:30	3:17	09:19:41	5.5	1.1	31.2	2449	1955	0.80	37	1505	56.1	58.9	96	38	 	 
4:32	3:19	09:19:43	5.5	1.1	26.7	2096	1702	0.81	30	1568	47.5	65.2	96	38	 	 
4:33	3:20	09:19:44	5.5	1.1	29.7	2330	1856	0.80	33	1593	52.0	62.0	96	38	 	 
4:35	3:22	09:19:46	5.6	1.1	27.4	2150	1698	0.79	33	1466	48.3	64.6	95	38	 	 
4:37	3:24	09:19:48	5.5	1.1	28.5	2239	1742	0.78	33	1495	49.8	63.5	96	38	 	 
4:40	3:27	09:19:51	5.6	1.1	20.2	1590	1120	0.70	19	1488	28.5	79.1	83	45	 	 
4:42	3:29	09:19:53	5.3	1.1	37.7	2962	2146	0.72	37	1500	55.2	59.6	89	41	 	 
4:43	3:30	09:19:54	5.6	1.1	30.7	2414	1855	0.77	35	1494	52.1	61.8	94	38	 	 
4:45	3:32	09:19:56	5.5	1.1	35.0	2746	2137	0.78	32	1862	59.7	56.3	94	38	 	 
4:47	3:34	09:19:58	5.6	1.1	30.2	2374	1848	0.78	34	1591	53.3	61.0	96	38	 	 
4:49	3:36	09:20:00	5.5	1.1	27.5	2159	1695	0.79	28	1673	46.7	65.8	93	39	 	 
4:51	3:38	09:20:02	5.6	1.1	33.6	2637	2062	0.78	41	1470	60.0	56.1	95	38	 	 
4:52	3:39	09:20:03	5.3	1.1	30.5	2400	1917	0.80	42	1439	59.9	56.1	98	37	 	 
4:54	3:41	09:20:05	5.3	1.1	29.4	2306	1839	0.80	41	1379	56.3	58.8	97	37	 	 
4:55	3:42	09:20:06	5.6	1.1	26.3	2068	1649	0.80	34	1337	44.8	67.2	94	39	 	 
4:57	3:44	09:20:08	5.3	1.1	29.6	2325	1894	0.81	42	1358	57.0	58.3	97	37	 	 
4:59	3:46	09:20:10	5.5	1.1	24.5	1923	1482	0.77	23	1518	35.6	73.9	89	42	 	 
5:01	3:48	09:20:12	5.5	1.1	36.3	2850	2254	0.79	41	1534	62.6	54.2	93	40	 	 
5:03	3:50	09:20:14	5.3	1.1	28.2	2212	1790	0.81	35	1488	51.9	62.0	97	38	 	 
5:04	3:51	09:20:15	5.6	1.1	33.3	2617	2047	0.78	39	1490	58.0	57.5	94	39	 	 
5:06	3:53	09:20:17	5.3	1.1	30.9	2429	1955	0.80	36	1582	56.2	58.9	97	38	 	 
5:07	3:54	09:20:18	5.5	1.1	31.9	2504	1981	0.79	38	1511	57.4	58.0	96	38	 	 
5:09	3:56	09:20:20	5.6	1.1	30.9	2430	1989	0.82	38	1510	57.0	58.3	98	38	 	 
5:11	3:58	09:20:22	5.3	1.1	29.8	2342	1928	0.82	32	1664	54.0	60.5	97	38	 	 
5:13	4:00	09:20:24	5.5	1.1	29.4	2309	1891	0.82	33	1556	51.9	62.0	95	39	 	 
5:14	4:01	09:20:25	5.5	1.1	27.5	2161	1752	0.81	36	1455	52.6	61.5	98	37	 	 
5:16	4:03	09:20:27	5.3	1.1	29.7	2330	1888	0.81	35	1509	53.3	61.0	96	38	 	 
5:18	4:05	09:20:29	5.5	1.1	30.8	2418	1907	0.79	38	1451	55.1	59.7	95	39	 	 
5:21	4:08	09:20:32	5.3	1.1	27.2	2134	1790	0.84	20	2393	47.4	65.3	94	41	 	 
5:22	4:09	09:20:33	5.5	1.1	27.6	2172	1676	0.77	33	1306	43.3	68.3	91	41	 	 
5:24	4:11	09:20:35	5.3	1.1	26.7	2096	1578	0.75	35	1112	39.2	71.3	89	41	 	 
5:26	4:13	09:20:37	5.5	1.1	32.5	2557	1974	0.77	42	1277	53.2	61.1	92	40	 	 
5:27	4:14	09:20:38	5.5	1.1	32.3	2537	1954	0.77	39	1385	54.7	60.0	95	38	 	 
5:29	4:16	09:20:40	5.3	1.1	28.9	2271	1804	0.79	36	1440	51.1	62.6	96	37	 	 
5:30	4:17	09:20:41	5.6	1.1	27.4	2150	1721	0.80	41	1132	46.8	65.7	93	39	 	 
5:32	4:19	09:20:43	5.3	1.1	28.7	2253	1722	0.76	42	1179	49.1	64.0	93	40	 	 
5:33	4:20	09:20:44	5.3	1.1	31.2	2453	1939	0.79	39	1370	53.0	61.2	93	40	 	 
5:35	4:22	09:20:46	5.5	1.1	29.6	2325	1793	0.77	35	1450	51.2	62.5	94	39	 	 
5:37	4:24	09:20:48	5.3	1.1	31.0	2439	1950	0.80	33	1622	54.1	60.4	93	40	 	 
5:39	4:26	09:20:50	5.3	1.1	29.3	2302	1807	0.78	33	1496	49.9	63.5	93	40	 	 
5:40	4:27	09:20:51	5.6	1.1	22.9	1803	1430	0.79	33	1211	40.4	70.4	92	40	 	 
5:42	4:29	09:20:53	5.5	1.1	31.7	2488	1967	0.79	36	1486	52.8	61.4	94	40	 	 
5:44	4:31	09:20:55	5.3	1.1	33.9	2667	2079	0.78	39	1459	57.2	58.1	94	39	 	 
5:45	4:32	09:20:56	5.5	1.1	31.4	2467	1937	0.79	33	1566	51.9	62.0	93	40	 	 
5:47	4:34	09:20:58	5.3	1.1	30.9	2426	1903	0.78	33	1609	52.8	61.4	94	39	 	 
5:49	4:36	09:21:00	5.5	1.1	30.7	2416	1930	0.80	34	1583	54.3	60.3	95	39	 	 
5:51	4:38	09:21:02	5.3	1.1	27.6	2170	1722	0.79	33	1315	42.9	68.6	91	41	 	 
5:53	4:40	09:21:04	5.5	1.1	28.7	2254	1851	0.82	36	1450	52.1	61.9	96	38	 	 
5:54	4:41	09:21:05	5.3	1.1	32.8	2578	2061	0.80	38	1500	57.3	58.0	94	39	 	 
5:56	4:43	09:21:07	5.6	1.1	31.5	2475	2049	0.83	34	1610	54.6	60.1	93	40	 	 
5:58	4:45	09:21:09	5.5	1.1	28.8	2262	1850	0.82	36	1499	53.5	60.8	96	38	 	 
5:59	4:46	09:21:10	5.3	1.1	30.5	2398	1961	0.82	38	1438	55.0	59.8	95	39	 	 
6:01	4:48	09:21:12	5.5	1.1	33.5	2631	2218	0.84	40	1545	61.4	55.1	96	39	 	 
6:02	4:49	09:21:13	5.3	1.1	27.7	2176	1795	0.83	35	1485	51.5	62.3	96	39	 	 
6:04	4:51	09:21:15	5.5	1.1	28.6	2246	1838	0.82	34	1459	49.7	63.6	93	40	 	 
6:06	4:53	09:21:17	5.3	1.1	29.5	2316	1947	0.84	40	1341	53.3	61.0	95	39	 	 
6:07	4:54	09:21:18	5.6	1.1	29.1	2285	1821	0.80	34	1426	49.2	64.0	93	40	 	 
6:09	4:56	09:21:20	5.3	1.1	29.8	2343	1879	0.80	31	1607	50.5	63.0	94	40	 	 
6:11	4:58	09:21:22	5.6	1.1	28.0	2197	1758	0.80	36	1353	48.6	64.4	94	40	 	 
6:13	5:00	09:21:24	5.3	1.1	25.2	1977	1690	0.85	34	1316	44.6	67.3	96	39	 	 
6:14	5:01	09:21:25	5.5	1.1	30.2	2376	1885	0.79	36	1423	51.1	62.6	94	40	 	 
6:16	5:03	09:21:27	5.3	1.1	29.2	2298	1852	0.81	30	1624	49.0	64.2	93	40	 	 
6:18	5:05	09:21:29	5.6	1.1	25.0	1967	1602	0.81	34	1246	42.9	68.6	95	40	 	 
6:20	5:07	09:21:31	5.6	1.1	32.4	2543	2017	0.79	37	1479	54.8	59.9	94	40	 	 
6:21	5:08	09:21:32	5.3	1.1	30.9	2430	1940	0.80	36	1542	56.1	59.0	96	39	 	 
6:23	5:10	09:21:34	5.6	1.1	30.6	2407	2021	0.84	41	1380	56.0	59.0	97	38	 	 
6:24	5:11	09:21:35	5.3	1.1	27.5	2164	1827	0.84	38	1378	52.3	61.7	98	38	 	 
6:26	5:13	09:21:37	5.5	1.1	27.1	2128	1762	0.83	33	1451	48.1	64.8	95	40	 	 
6:29	5:16	09:21:40	5.3	1.1	16.9	1325	1070	0.81	23	1109	25.1	81.6	87	44	 	 
6:31	5:18	09:21:42	5.5	1.1	30.2	2373	1810	0.76	33	1385	45.7	66.6	88	42	 	 
6:33	5:20	09:21:44	5.3	1.1	26.5	2085	1617	0.78	27	1528	41.1	69.9	88	43	 	 
6:35	5:22	09:21:46	5.6	1.1	31.7	2488	1912	0.77	33	1529	49.9	63.5	90	41	 	 
6:37	5:24	09:21:48	5.5	1.1	29.1	2287	1810	0.79	27	1762	48.1	64.8	93	40	 	 
6:39	5:26	09:21:50	5.5	1.1	29.2	2291	1813	0.79	29	1652	47.2	65.4	91	41	 	 
6:41	5:28	09:21:52	5.3	1.1	27.9	2190	1761	0.80	30	1538	46.6	65.9	93	40	 	 
6:43	5:30	09:21:54	5.5	1.1	30.1	2364	1910	0.81	33	1553	50.6	62.9	92	41	 	 
6:45	5:32	09:21:56	5.5	1.1	30.8	2418	1936	0.80	33	1527	50.9	62.7	92	41	 	 
6:46	5:33	09:21:57	5.5	1.1	28.0	2198	1800	0.82	34	1399	47.4	65.3	94	40	 	 
6:48	5:35	09:21:59	5.3	1.1	29.5	2319	1820	0.78	33	1447	48.2	64.7	90	42	 	 
6:50	5:37	09:22:01	5.3	1.1	26.7	2100	1650	0.79	33	1302	42.7	68.7	90	42	 	 
6:52	5:39	09:22:03	5.6	1.1	25.5	2006	1590	0.79	28	1424	40.1	70.6	88	43	 	 
6:54	5:41	09:22:05	5.5	1.1	26.4	2075	1655	0.80	28	1494	42.1	69.2	88	43	 	 
6:56	5:43	09:22:07	5.5	1.1	29.3	2300	1788	0.78	33	1409	46.2	66.2	90	42	 	 
6:58	5:45	09:22:09	5.6	1.1	29.6	2327	1913	0.82	28	1809	50.0	63.4	93	40	 	 
7:00	5:47	09:22:11	5.5	1.1	28.8	2261	1818	0.80	34	1403	47.0	65.6	92	41	 	 
7:02	5:49	09:22:13	5.5	1.1	28.3	2221	1755	0.79	34	1359	46.1	66.3	91	42	 	 
7:04	5:51	09:22:15	5.3	1.1	30.3	2382	1922	0.81	33	1570	52.1	61.9	93	41	 	 
7:06	5:53	09:22:17	5.5	1.1	24.9	1958	1585	0.81	31	1382	42.3	69.0	93	41	 	 
7:08	5:55	09:22:19	5.5	1.1	27.9	2195	1794	0.82	31	1506	46.3	66.1	91	41	 	 
7:09	5:56	09:22:20	5.5	1.1	29.0	2276	1796	0.79	33	1429	47.4	65.3	91	41	 	 
7:12	5:59	09:22:23	5.5	1.1	24.6	1933	1548	0.80	29	1292	37.1	72.9	88	43	 	 
7:13	6:00	09:22:24	4.2	1.1	29.2	2295	1829	0.80	40	1169	47.1	65.5	90	42	 	 
7:15	6:02	09:22:26	2.9	1.1	32.3	2537	2092	0.82	40	1363	54.9	59.8	94	40	 	 
7:16	6:03	09:22:27	2.1	1.1	27.5	2163	1851	0.86	37	1358	50.3	63.2	94	40	 	 
7:18	6:05	09:22:29	2.1	1.1	25.3	1989	1703	0.86	34	1407	47.2	65.5	96	39	 	 
7:20	6:07	09:22:31	2.1	1.1	26.7	2096	1850	0.88	39	1317	51.0	62.7	98	38	 	 
7:21	6:08	09:22:32	2.3	1.1	27.6	2172	1947	0.90	41	1331	54.7	60.0	99	38	 	 
7:24	6:11	09:22:35	2.2	1.1	17.0	1333	1149	0.86	23	1161	26.3	80.8	92	42	 	 
7:25	6:12	09:22:36	2.2	1.1	28.4	2234	1957	0.88	37	1328	49.5	63.8	93	42	 	 
7:27	6:14	09:22:38	2.1	1.1	26.8	2103	1840	0.88	36	1330	48.4	64.6	96	40	 	 
7:29	6:16	09:22:40	2.1	1.1	23.1	1816	1582	0.87	32	1298	42.1	69.2	95	40	 	 
7:32	6:19	09:22:43	2.2	1.1	18.8	1480	1371	0.93	17	2151	37.0	72.9	94	42	 	 
7:34	6:21	09:22:45	2.2	1.1	19.1	1504	1317	0.88	33	1032	34.0	75.1	94	41	 	 
7:36	6:23	09:22:47	2.2	1.1	21.4	1680	1437	0.86	32	1141	36.8	73.1	92	42	 	 
7:38	6:25	09:22:49	2.2	1.1	20.5	1611	1413	0.88	32	1146	37.0	72.9	94	41	 	 
7:40	6:27	09:22:51	2.2	1.1	21.0	1652	1459	0.88	32	1206	38.7	71.7	95	40	 	 
7:42	6:29	09:22:53	2.1	1.1	20.2	1589	1424	0.90	28	1365	38.3	72.0	96	40	 	 
7:44	6:31	09:22:55	2.0	1.1	17.8	1395	1261	0.90	31	1092	33.9	75.2	96	40	 	 
7:47	6:34	09:22:58	2.2	1.1	15.2	1197	1077	0.90	19	1452	28.2	79.4	96	41	 	 
7:49	6:36	09:23:00	2.2	1.1	16.4	1286	1159	0.90	24	1228	30.1	78.0	96	40	 	 
7:53	6:40	09:23:04	2.2	1.1	14.4	1135	984	0.87	16	1380	22.6	83.4	92	43	 	 
7:55	6:42	09:23:06	2.1	1.1	19.2	1511	1376	0.91	32	1173	37.2	72.7	97	40	 	 
7:57	6:44	09:23:08	2.2	1.1	16.9	1324	1256	0.95	32	1117	35.8	73.8	101	37	 	 
7:59	6:46	09:23:10	2.3	1.1	15.4	1206	1187	0.98	30	1147	34.2	74.9	101	38	 	 
8:01	6:48	09:23:12	2.2	1.1	14.7	1158	1166	1.01	30	1125	33.6	75.4	103	37	 	 
8:03	6:50	09:23:14	2.2	1.1	13.7	1074	1098	1.02	29	1097	31.8	76.7	104	36	 	 
8:05	6:52	09:23:16	2.2	1.1	15.0	1176	1222	1.04	27	1308	35.8	73.8	103	38	 	 
8:07	6:54	09:23:18	2.2	1.1	14.3	1121	1200	1.07	25	1406	35.7	73.8	106	36	 	 
8:09	6:56	09:23:20	2.1	1.1	12.1	952	1049	1.10	30	1069	31.9	76.6	106	36	 	 
8:11	6:58	09:23:22	2.2	1.1	11.5	907	1011	1.12	30	1010	30.3	77.8	107	35	 	 
8:13	7:00	09:23:24	2.2	1.1	12.6	990	1095	1.11	33	1004	32.9	75.9	106	36	 	 
8:16	7:03	09:23:27	2.3	1.1	9.3	729	773	1.06	19	1065	19.8	85.5	104	38	 	 
8:19	7:06	09:23:30	2.2	1.1	12.0	943	1008	1.07	26	1125	29.6	78.3	105	37	 	 
8:21	7:08	09:23:32	2.1	1.1	11.0	865	930	1.08	29	978	28.1	79.5	106	36	 	 
8:23	7:10	09:23:34	2.1	1.1	10.8	850	906	1.06	26	1036	27.0	80.2	104	37	 	 
8:26	7:13	09:23:37	2.1	1.1	9.6	757	818	1.08	19	1270	24.2	82.3	104	37	 	 
8:29	7:16	09:23:40	2.2	1.1	9.3	734	779	1.06	24	949	22.9	83.3	105	37	 	 
8:31	7:18	09:23:42	2.2	1.1	10.3	811	860	1.06	30	875	26.1	80.9	105	36	 	 
8:33	7:20	09:23:44	2.2	1.1	10.8	852	904	1.06	31	896	27.4	79.9	106	35	 	 
8:36	7:23	09:23:47	2.1	1.1	8.5	666	666	1.00	17	973	16.9	87.6	100	39	 	 
8:38	7:25	09:23:49	2.2	1.1	11.9	934	966	1.03	30	948	28.9	78.9	104	36	 	 
8:41	7:28	09:23:52	2.2	1.1	10.4	815	845	1.04	25	1029	25.4	81.4	105	36	 	 
8:43	7:30	09:23:54	2.2	1.1	10.3	807	846	1.05	28	908	25.7	81.2	106	35	 	 
8:45	7:32	09:23:56	2.1	1.1	9.7	760	807	1.06	29	867	25.4	81.4	106	35	 	 
8:47	7:34	09:23:58	2.2	1.1	9.6	755	808	1.07	28	894	24.7	81.9	104	36	 	 
8:49	7:36	09:24:00	2.2	1.1	9.4	742	777	1.05	26	915	23.5	82.8	106	35	 	 
8:51	7:38	09:24:02	2.3	1.1	10.4	816	859	1.05	29	891	26.2	80.8	105	36	 	 
8:53	7:40	09:24:04	2.2	1.1	9.8	771	815	1.06	29	881	25.2	81.6	106	35	 	 
8:55	7:42	09:24:06	2.2	1.1	9.6	756	798	1.06	28	874	24.9	81.8	106	35	 	 
8:59	7:46	09:24:10	2.1	1.1	6.9	542	538	0.99	16	883	13.9	89.8	101	38	 	 
9:02	7:49	09:24:13	2.2	1.1	9.7	765	741	0.97	26	845	22.0	83.9	102	37	 	 
9:04	7:51	09:24:15	2.3	1.1	9.3	730	715	0.98	28	784	21.6	84.2	101	37	 	 
9:06	7:53	09:24:17	2.1	1.1	10.1	796	779	0.98	25	917	23.1	83.1	103	36	 	 
9:08	7:55	09:24:19	2.1	1.1	9.9	778	768	0.99	29	821	23.6	82.7	102	36	 	 
9:10	7:57	09:24:21	2.1	1.1	11.3	886	883	1.00	28	970	26.8	80.4	105	35	 	 
9:13	8:00	09:24:24	2.1	1.1	9.8	769	795	1.03	27	912	24.4	82.1	105	35	 	 
9:15	8:02	09:24:26	2.3	1.1	9.6	755	775	1.03	24	980	23.2	83.0	104	36	 	 
9:17	8:04	09:24:28	2.3	1.1	9.7	763	790	1.04	28	878	24.5	82.1	105	35	 	 
9:20	8:07	09:24:31	2.2	1.1	9.4	739	766	1.04	28	867	23.9	82.5	105	36	 	 
9:22	8:09	09:24:33	2.2	1.1	9.2	721	747	1.04	27	861	22.9	83.3	106	35	 	 
9:24	8:11	09:24:35	2.1	1.1	9.5	744	778	1.05	28	854	24.3	82.2	104	36	 	 
9:26	8:13	09:24:37	2.1	1.1	10.0	783	834	1.07	29	889	26.2	80.9	105	35	 	 
9:28	8:15	09:24:39	2.2	1.1	8.1	634	671	1.06	25	826	21.0	84.6	106	35	 	 
9:30	8:17	09:24:41	2.3	1.1	9.3	732	758	1.03	28	836	23.3	82.9	105	35	 	 
9:33	8:20	09:24:44	2.2	1.1	8.7	682	728	1.07	26	870	22.9	83.2	106	35	 	 
9:35	8:22	09:24:46	2.2	1.1	7.5	592	628	1.06	29	706	20.4	85.1	106	35	 	 
9:37	8:24	09:24:48	2.1	1.1	9.1	716	739	1.03	27	856	22.8	83.3	103	37	 	 
9:39	8:26	09:24:50	2.1	1.1	8.9	699	706	1.01	28	802	22.1	83.8	105	35	 	 
9:43	8:30	09:24:54	2.2	1.1	7.5	589	594	1.01	18	926	16.2	88.1	103	37	 	 
9:45	8:32	09:24:56	2.2	1.1	9.4	739	773	1.05	29	844	24.2	82.3	104	35	 	 
9:47	8:34	09:24:58	2.2	1.1	9.3	729	742	1.02	29	803	23.6	82.7	104	35	 	 
9:49	8:36	09:25:00	2.1	1.1	9.3	729	722	0.99	26	867	22.6	83.4	102	36	 	 
9:51	8:38	09:25:02	2.1	1.1	9.5	746	743	1.00	25	923	23.4	82.9	103	36	 	 
9:54	8:41	09:25:05	2.1	1.1	9.5	748	750	1.00	29	833	24.1	82.3	106	34	 	 
9:55	8:42	09:25:06	2.2	1.1	11.4	892	904	1.01	33	883	28.9	78.8	106	34	 	 
9:58	8:45	09:25:09	2.3	1.1	3.4	264	292	1.11	26	450	11.5	91.6	109	32	 	 
10:00	8:47	09:25:11	2.2	1.1	11.2	883	866	0.98	27	935	25.6	81.2	101	37	 	 
10:02	8:49	09:25:13	2.2	1.1	8.3	650	613	0.94	26	731	19.2	85.9	101	36	 	 
10:04	8:51	09:25:15	2.2	1.1	9.5	746	697	0.93	27	809	21.9	84.0	101	36	 	 
10:07	8:54	09:25:18	2.1	1.1	10.6	835	790	0.95	27	891	23.9	82.5	101	36	 	 
10:09	8:56	09:25:20	2.2	1.1	10.1	797	770	0.97	25	980	24.2	82.3	103	35	 	 
10:12	8:59	09:25:23	2.4	1.1	7.9	619	579	0.93	19	853	16.3	88.1	101	37	 	 
10:14	9:01	09:25:25	3.9	1.1	11.9	935	897	0.96	31	913	28.2	79.3	104	35	 	 
10:17	9:04	09:25:28	4.5	1.1	12.6	990	1024	1.04	19	1712	32.7	76.0	107	34	 	 
10:19	9:06	09:25:30	4.6	1.1	11.3	886	903	1.02	39	723	28.5	79.1	105	35	 	 
10:20	9:07	09:25:31	4.7	1.1	12.8	1006	1033	1.03	41	790	32.5	76.2	105	35	 	 
10:22	9:09	09:25:33	4.8	1.1	13.6	1067	1057	0.99	33	992	32.5	76.2	104	35	 	 
10:24	9:11	09:25:35	4.6	1.1	11.8	928	934	1.01	33	892	29.1	78.7	104	35	 	 
10:26	9:13	09:25:37	4.7	1.1	14.1	1108	1067	0.96	32	998	31.5	76.9	101	37	 	 
10:28	9:15	09:25:39	4.7	1.1	13.5	1060	1006	0.95	32	970	31.5	77.0	104	35	 	 
10:30	9:17	09:25:41	4.6	1.1	13.7	1077	1015	0.94	33	958	31.4	77.0	103	35	 	 
10:32	9:19	09:25:43	4.8	1.1	13.1	1030	991	0.96	24	1258	29.6	78.3	104	35	 	 
10:35	9:22	09:25:46	4.6	1.1	13.7	1079	992	0.92	24	1208	29.0	78.8	100	37	 	 
10:37	9:24	09:25:48	4.8	1.1	14.7	1158	1028	0.89	26	1127	29.5	78.4	99	37	 	 
10:39	9:26	09:25:50	4.7	1.1	11.4	899	786	0.87	32	747	24.2	82.3	99	36	 	 
10:41	9:28	09:25:52	4.8	1.1	13.3	1046	815	0.78	26	916	23.5	82.8	92	39	 	 
10:45	9:32	09:25:56	4.6	1.1	20.2	1587	1259	0.79	16	2180	34.4	74.8	93	39	 	 
10:47	9:34	09:25:58	4.7	1.1	21.1	1655	1235	0.75	36	981	35.5	74.0	93	38	 	 
10:48	9:35	09:25:59	4.7	1.1	19.7	1551	1114	0.72	35	943	33.1	75.8	92	38	 	 
10:50	9:37	09:26:01	4.6	1.1	17.0	1333	973	0.73	35	813	28.7	79.0	93	36	 	 
10:51	9:38	09:26:02	4.7	1.1	6.1	482	401	0.83	53	309	16.4	88.0	95	34	 	 
10:53	9:40	09:26:04	4.7	1.1	23.2	1820	1297	0.71	35	948	33.5	75.5	82	42	 	 
10:55	9:42	09:26:06	4.8	1.1	25.4	1997	1332	0.67	34	1032	34.6	74.7	83	41	 	 
10:56	9:43	09:26:07	4.7	1.1	29.4	2312	1518	0.66	36	1176	42.5	68.9	86	39	 	 
10:58	9:45	09:26:09	4.7	1.1	30.4	2387	1642	0.69	35	1328	46.1	66.3	89	38	 	 
11:00	9:47	09:26:11	4.8	1.1	26.7	2095	1476	0.70	32	1296	41.8	69.4	90	38	 	 
11:02	9:49	09:26:13	4.6	1.1	26.3	2063	1485	0.72	33	1275	41.8	69.4	90	38	 	 
11:04	9:51	09:26:15	4.8	1.1	23.2	1822	1309	0.72	32	1185	38.0	72.2	91	38	 	 
11:06	9:53	09:26:17	4.6	1.1	25.5	2000	1430	0.72	31	1304	39.9	70.8	89	38	 	 
11:07	9:54	09:26:18	4.7	1.1	24.4	1921	1394	0.73	31	1301	39.8	70.8	93	37	 	 
11:10	9:57	09:26:21	4.7	1.1	22.0	1730	1154	0.67	22	1274	28.0	79.5	82	43	 	 
11:12	9:59	09:26:23	4.6	1.1	29.5	2317	1629	0.70	35	1259	44.2	67.6	87	40	 	 
11:13	10:00	09:26:24	4.6	1.1	31.9	2509	1783	0.71	41	1231	50.2	63.2	89	39	 	 
11:15	10:02	09:26:26	4.7	1.1	28.8	2263	1650	0.73	37	1276	47.2	65.4	92	37	 	 
11:17	10:04	09:26:28	4.6	1.1	26.5	2081	1557	0.75	31	1433	44.8	67.2	93	38	 	 
11:19	10:06	09:26:30	4.8	1.1	25.9	2034	1561	0.77	37	1189	44.3	67.6	93	38	 	 
11:20	10:07	09:26:31	4.7	1.1	29.1	2288	1685	0.74	36	1341	47.6	65.2	92	38	 	 
11:22	10:09	09:26:33	4.7	1.1	28.7	2255	1729	0.77	30	1629	48.6	64.4	92	38	 	 
11:24	10:11	09:26:35	4.7	1.1	29.9	2352	1837	0.78	39	1300	51.3	62.4	93	38	 	 
11:25	10:12	09:26:36	4.7	1.1	26.3	2068	1561	0.75	36	1277	46.4	66.0	95	37	 	 
11:27	10:14	09:26:38	4.7	1.1	27.1	2132	1625	0.76	37	1277	47.6	65.2	93	38	 	 
11:29	10:16	09:26:40	4.7	1.1	27.3	2145	1672	0.78	30	1570	46.9	65.7	93	38	 	 
11:31	10:18	09:26:42	4.6	1.1	28.0	2197	1704	0.78	35	1369	48.0	64.8	95	38	 	 
11:33	10:20	09:26:44	4.8	1.1	26.2	2061	1630	0.79	31	1474	45.4	66.8	93	38	 	 
11:34	10:21	09:26:45	4.7	1.1	26.9	2114	1638	0.77	36	1342	47.9	64.9	95	38	 	 
11:37	10:24	09:26:48	4.6	1.1	19.4	1525	1121	0.74	22	1292	27.9	79.6	87	42	 	 
11:39	10:26	09:26:50	4.7	1.1	32.6	2559	1925	0.75	38	1371	51.4	62.4	91	39	 	 
11:41	10:28	09:26:52	4.7	1.1	27.4	2153	1670	0.78	34	1408	48.0	64.9	96	37	 	 
11:42	10:29	09:26:53	4.6	1.1	28.2	2217	1705	0.77	39	1241	48.7	64.4	93	38	 	 
11:44	10:31	09:26:55	4.7	1.1	27.6	2170	1721	0.79	40	1250	50.0	63.4	94	38	 	 
11:46	10:33	09:26:57	4.7	1.1	25.1	1975	1531	0.78	28	1480	40.9	70.0	92	39	 	 
11:48	10:35	09:26:59	4.8	1.1	26.9	2114	1610	0.76	32	1376	44.6	67.3	91	39	 	 
11:49	10:36	09:27:00	4.6	1.1	27.1	2126	1599	0.75	33	1355	44.4	67.5	91	40	 	 
11:51	10:38	09:27:02	4.7	1.1	25.8	2027	1569	0.77	34	1276	42.8	68.7	92	38	 	 
11:53	10:40	09:27:04	4.6	1.1	27.8	2188	1677	0.77	34	1359	45.8	66.5	92	38	 	 
11:56	10:43	09:27:07	4.6	1.1	22.3	1754	1223	0.70	22	1340	29.7	78.3	84	43	 	 
11:57	10:44	09:27:08	4.7	1.1	37.4	2937	2205	0.75	41	1513	62.6	54.2	93	38	 	 
11:59	10:46	09:27:10	4.7	1.1	29.8	2342	1874	0.80	41	1382	56.0	59.0	97	37	 	 
12:00	10:47	09:27:11	4.7	1.1	25.4	1998	1658	0.83	37	1368	50.7	62.9	98	36	 	 
12:02	10:49	09:27:13	4.7	1.1	23.1	1815	1482	0.82	31	1285	40.0	70.8	96	38	 	 
12:04	10:51	09:27:15	4.6	1.1	30.1	2365	1914	0.81	41	1368	55.8	59.1	96	38	 	 
12:05	10:52	09:27:16	4.7	1.1	30.9	2430	2006	0.83	40	1424	57.0	58.3	96	38	 	 
12:07	10:54	09:27:18	4.6	1.1	25.3	1984	1658	0.84	35	1431	50.5	63.0	99	36	 	 
12:08	10:55	09:27:19	4.6	1.1	27.7	2180	1769	0.81	38	1401	53.6	60.8	98	37	 	 
12:10	10:57	09:27:21	4.7	1.1	28.2	2218	1830	0.83	38	1428	54.9	59.8	98	37	 	 
12:13	11:00	09:27:24	4.6	1.1	22.3	1755	1554	0.89	19	2356	44.6	67.4	98	38	 	 
12:15	11:02	09:27:26	4.8	1.1	23.7	1864	1523	0.82	39	1086	42.9	68.6	95	38	 	 
12:16	11:03	09:27:27	4.7	1.1	25.2	1983	1586	0.80	41	1086	44.6	67.3	93	39	 	 
12:18	11:05	09:27:29	4.6	1.1	27.8	2188	1685	0.77	41	1175	48.0	64.9	92	39	 	 
12:19	11:06	09:27:30	4.7	1.1	24.7	1940	1526	0.79	42	1060	44.8	67.2	95	37	 	 
12:21	11:08	09:27:32	4.6	1.1	29.2	2296	1746	0.76	40	1269	50.8	62.8	93	38	 	 
12:22	11:09	09:27:33	4.7	1.1	31.0	2439	1928	0.79	41	1360	55.2	59.6	93	38	 	 
12:24	11:11	09:27:35	4.8	1.1	28.3	2223	1796	0.81	39	1363	53.1	61.1	96	37	 	 
12:25	11:12	09:27:36	4.7	1.1	23.3	1831	1508	0.82	35	1316	45.7	66.6	99	36	 	 
12:27	11:14	09:27:38	4.6	1.1	27.4	2150	1758	0.82	32	1520	48.3	64.7	93	39	 	 
12:29	11:16	09:27:40	4.8	1.1	26.7	2097	1710	0.82	39	1279	49.5	63.8	96	38	 	 
12:30	11:17	09:27:41	4.6	1.1	23.8	1872	1512	0.81	35	1295	45.5	66.7	97	37	 	 
12:32	11:19	09:27:43	4.6	1.1	27.5	2162	1767	0.82	39	1289	50.5	63.0	96	38	 	 
12:35	11:22	09:27:46	4.7	1.1	19.6	1539	1177	0.76	21	1366	28.4	79.2	88	42	 	 
12:37	11:24	09:27:48	4.7	1.1	26.6	2087	1591	0.76	33	1312	43.5	68.2	91	40	 	 
12:38	11:25	09:27:49	4.6	1.1	35.7	2803	2120	0.76	39	1451	57.3	58.1	90	39	 	 
12:40	11:27	09:27:51	4.7	1.1	31.7	2492	1975	0.79	41	1361	55.5	59.3	95	37	 	 
12:41	11:28	09:27:52	4.6	1.1	28.0	2196	1837	0.84	41	1317	53.7	60.7	96	37	 	 
12:43	11:30	09:27:54	4.7	1.1	25.1	1970	1634	0.83	34	1414	47.7	65.1	97	37	 	 
12:44	11:31	09:27:55	4.7	1.1	27.6	2167	1710	0.79	40	1274	51.0	62.7	95	38	 	 
12:46	11:33	09:27:57	4.7	1.1	28.5	2239	1792	0.80	40	1316	53.0	61.2	96	37	 	 
12:48	11:35	09:27:59	4.6	1.1	26.4	2074	1678	0.81	31	1540	47.9	64.9	94	38	 	 
12:50	11:37	09:28:01	4.7	1.1	22.7	1781	1443	0.81	30	1368	41.5	69.6	95	39	 	 
12:51	11:38	09:28:02	4.7	1.1	26.4	2076	1659	0.80	37	1247	46.5	66.0	94	39	 	 
12:53	11:40	09:28:04	4.6	1.1	28.0	2196	1775	0.81	42	1175	49.0	64.2	92	39	 	 
12:54	11:41	09:28:05	4.8	1.1	26.5	2079	1701	0.82	43	1158	49.3	63.9	94	39	 	 
12:56	11:43	09:28:07	4.6	1.1	24.1	1889	1559	0.82	40	1100	44.0	67.8	92	40	 	 
12:58	11:45	09:28:09	4.8	1.1	20.8	1633	1305	0.80	34	1104	37.8	72.3	93	39	 	 
12:59	11:46	09:28:10	4.7	1.1	27.5	2158	1697	0.79	31	1456	45.7	66.5	91	40	 	 
13:01	11:48	09:28:12	4.6	1.1	23.6	1857	1480	0.80	33	1278	41.9	69.3	95	38	 	 
13:03	11:50	09:28:14	4.6	1.1	28.8	2262	1795	0.79	40	1245	50.1	63.3	92	39	 	 
13:04	11:51	09:28:15	4.7	1.1	29.0	2279	1792	0.79	39	1343	52.7	61.5	96	38	 	 
13:06	11:53	09:28:17	4.5	1.1	23.7	1862	1463	0.79	27	1436	39.2	71.3	94	39	 	 
13:08	11:55	09:28:19	4.8	1.1	28.2	2218	1837	0.83	41	1272	52.6	61.5	97	37	 	 
13:09	11:56	09:28:20	4.7	1.1	25.0	1964	1631	0.83	43	1152	49.0	64.1	97	37	 	 
13:11	11:58	09:28:22	4.7	1.1	24.7	1939	1612	0.83	41	1167	47.6	65.1	96	38	 	 
13:12	11:59	09:28:23	4.6	1.1	24.9	1955	1622	0.83	41	1152	47.3	65.3	95	38	 	 
13:14	12:01	09:28:25	3.4	1.1	22.6	1777	1481	0.83	39	1049	41.4	69.7	94	38	 	 
13:15	12:02	09:28:26	3.3	1.1	26.3	2063	1679	0.81	38	1212	45.7	66.5	94	38	 	 
13:17	12:04	09:28:28	3.2	1.1	22.3	1755	1460	0.83	34	1214	41.4	69.7	95	38	 	 
13:19	12:06	09:28:30	3.4	1.1	22.0	1732	1462	0.84	35	1190	41.5	69.6	95	39	 	 
13:22	12:09	09:28:33	3.0	1.1	17.2	1352	1064	0.79	21	1195	24.9	81.8	89	42	 	 
13:24	12:11	09:28:35	3.4	1.1	24.8	1946	1616	0.83	34	1277	43.0	68.5	92	40	 	 
13:25	12:12	09:28:36	3.2	1.1	22.2	1745	1454	0.83	30	1286	39.2	71.3	93	40	 	 
13:27	12:14	09:28:38	3.3	1.1	22.3	1754	1459	0.83	32	1255	40.0	70.7	94	39	 	 
13:31	12:18	09:28:42	3.3	1.1	18.4	1442	1264	0.88	16	2087	34.0	75.1	93	41	 	 
13:33	12:20	09:28:44	3.4	1.1	18.5	1450	1198	0.83	34	934	31.7	76.8	92	41	 	 
13:34	12:21	09:28:45	3.3	1.1	21.3	1670	1362	0.82	37	981	36.6	73.2	92	40	 	 
13:36	12:23	09:28:47	3.4	1.1	20.7	1627	1325	0.81	35	1025	36.2	73.5	92	40	 	 
13:38	12:25	09:28:49	3.2	1.1	18.9	1483	1213	0.82	33	999	33.1	75.8	92	40	 	 
13:40	12:27	09:28:51	3.3	1.1	21.2	1666	1368	0.82	32	1213	38.3	72.0	93	39	 	 
13:42	12:29	09:28:53	3.3	1.1	19.6	1539	1288	0.84	31	1155	35.3	74.1	96	38	 	 
13:44	12:31	09:28:55	3.2	1.1	20.7	1624	1408	0.87	33	1182	39.4	71.1	94	39	 	 
13:47	12:34	09:28:58	3.2	1.1	15.2	1191	992	0.83	19	1255	23.6	82.7	90	42	 	 
13:49	12:36	09:29:00	3.3	1.1	18.4	1449	1246	0.86	28	1189	33.6	75.4	95	39	 	 
13:51	12:38	09:29:02	3.2	1.1	19.0	1492	1279	0.86	30	1196	35.5	74.0	94	40	 	 
13:54	12:41	09:29:05	3.3	1.1	14.6	1145	984	0.86	23	1109	25.3	81.5	95	40	 	 
13:56	12:43	09:29:07	3.3	1.1	18.7	1468	1314	0.90	29	1270	37.3	72.7	99	38	 	 
13:58	12:45	09:29:09	3.3	1.1	17.8	1396	1257	0.90	30	1219	36.2	73.5	100	37	 	 
14:00	12:47	09:29:11	3.2	1.1	17.2	1349	1286	0.95	30	1229	37.4	72.6	103	36	 	 
14:01	12:48	09:29:12	3.2	1.1	15.1	1188	1145	0.96	32	1067	34.2	74.9	102	36	 	 
14:04	12:51	09:29:15	3.4	1.1	14.5	1140	1088	0.95	28	1132	31.4	77.0	99	38	 	 
14:06	12:53	09:29:17	3.3	1.1	14.5	1142	1090	0.95	30	1052	31.6	76.9	100	37	 	 
14:08	12:55	09:29:19	3.0	1.1	14.4	1131	1056	0.93	30	1056	31.7	76.8	100	37	 	 
14:10	12:57	09:29:21	3.3	1.1	15.6	1223	1149	0.94	30	1121	33.3	75.6	99	38	 	 
14:12	12:59	09:29:23	3.4	1.1	13.9	1093	1054	0.96	30	1045	31.0	77.3	102	36	 	 
14:14	13:01	09:29:25	3.3	1.1	14.7	1155	1111	0.96	31	1050	32.8	76.0	101	36	 	 
14:16	13:03	09:29:27	3.4	1.1	14.6	1148	1104	0.96	29	1139	32.7	76.1	101	36	 	 
14:19	13:06	09:29:30	3.3	1.1	11.4	893	817	0.91	19	1063	20.6	84.9	96	40	 	 
14:21	13:08	09:29:32	3.3	1.1	17.6	1385	1308	0.94	32	1167	37.9	72.3	100	37	 	 
14:23	13:10	09:29:34	3.3	1.1	14.7	1158	1085	0.94	31	1062	32.7	76.1	102	36	 	 
14:25	13:12	09:29:36	3.0	1.1	12.8	1003	941	0.94	29	973	28.5	79.2	100	37	 	 
14:27	13:14	09:29:38	3.3	1.1	13.6	1066	1013	0.95	30	1031	30.6	77.6	101	36	 	 
14:29	13:16	09:29:40	3.4	1.1	13.1	1028	985	0.96	28	1059	29.2	78.7	101	36	 	 
14:31	13:18	09:29:42	3.0	1.1	13.2	1036	998	0.96	30	999	30.3	77.8	102	36	 	 
14:33	13:20	09:29:44	3.4	1.1	14.0	1101	1043	0.95	26	1182	31.1	77.2	100	37	 	 
14:35	13:22	09:29:46	3.0	1.1	12.8	1004	950	0.95	29	992	29.0	78.7	99	37	 	 
14:37	13:24	09:29:48	3.3	1.1	13.1	1033	973	0.94	30	1020	30.3	77.8	101	36	 	 
14:39	13:26	09:29:50	3.2	1.1	13.6	1067	999	0.94	28	1079	29.8	78.2	99	37	 	 
14:42	13:29	09:29:53	3.3	1.1	13.9	1090	1039	0.95	26	1201	30.7	77.5	101	36	 	 
14:44	13:31	09:29:55	3.2	1.1	11.8	929	873	0.94	25	1029	26.1	80.9	103	35	 	 
14:46	13:33	09:29:57	3.4	1.1	11.5	902	849	0.94	27	938	25.1	81.6	100	37	 	 
14:48	13:35	09:29:59	3.0	1.1	12.0	945	849	0.90	30	835	24.7	81.9	98	38	 	 
14:50	13:37	09:30:01	3.3	1.1	13.6	1068	974	0.91	30	968	29.2	78.6	99	37	 	 
14:53	13:40	09:30:04	3.2	1.1	11.1	871	752	0.86	20	979	20.0	85.4	98	37	 	 
14:55	13:42	09:30:06	3.3	1.1	14.6	1146	1047	0.91	31	1015	31.5	76.9	98	37	 	 
14:57	13:44	09:30:08	3.0	1.1	12.9	1013	908	0.90	31	890	27.8	79.7	99	37	 	 
14:59	13:46	09:30:10	3.4	1.1	13.7	1073	977	0.91	30	960	28.9	78.8	100	36	 	 
15:01	13:48	09:30:12	3.4	1.1	13.7	1078	974	0.90	30	964	29.1	78.7	99	36	 	 
15:03	13:50	09:30:14	3.3	1.1	14.2	1115	1018	0.91	31	996	31.0	77.3	101	35	 	 
15:05	13:52	09:30:16	3.3	1.1	13.4	1050	943	0.90	27	1062	28.2	79.4	100	36	 	 
15:07	13:54	09:30:18	3.2	1.1	13.1	1030	929	0.90	31	915	28.4	79.2	100	36	 	 
15:09	13:56	09:30:20	3.4	1.1	13.4	1049	947	0.90	27	1050	28.6	79.0	101	36	 	 
15:12	13:59	09:30:23	3.3	1.1	13.4	1049	950	0.91	28	993	28.2	79.3	100	36	 	 
15:14	14:01	09:30:25	3.3	1.1	13.7	1073	980	0.91	28	1028	28.7	79.0	99	37	 	 
15:16	14:03	09:30:27	3.2	1.1	13.1	1028	931	0.91	31	907	27.9	79.6	100	36	 	 
15:18	14:05	09:30:29	3.4	1.1	14.0	1097	975	0.89	30	974	29.1	78.7	100	36	 	 
15:20	14:07	09:30:31	3.0	1.1	12.0	939	828	0.88	27	931	25.5	81.3	100	36	 	 
15:22	14:09	09:30:33	3.3	1.1	12.5	983	893	0.91	24	1113	26.9	80.3	101	35	 	 
15:24	14:11	09:30:35	3.2	1.1	12.7	996	917	0.92	30	935	28.0	79.5	101	36	 	 
15:27	14:14	09:30:38	3.3	1.1	12.2	958	841	0.88	23	984	22.4	83.6	96	38	 	 
15:30	14:17	09:30:41	3.3	1.1	10.7	837	693	0.83	18	1022	17.9	86.9	94	39	 	 
15:33	14:20	09:30:44	3.0	1.1	12.9	1017	860	0.85	20	1211	24.3	82.2	97	37	 	 
15:35	14:22	09:30:46	3.3	1.1	12.1	947	806	0.85	30	820	24.2	82.3	96	38	 	 
15:38	14:25	09:30:49	3.3	1.1	12.6	991	845	0.85	28	887	25.1	81.6	95	38	 	 
15:40	14:27	09:30:51	3.3	1.1	13.6	1070	939	0.88	29	982	28.1	79.5	96	37	 	 
15:42	14:29	09:30:53	3.3	1.1	11.8	926	800	0.86	28	866	24.2	82.3	96	37	 	 
15:44	14:31	09:30:55	3.0	1.1	12.2	962	823	0.86	27	904	24.5	82.0	95	38	 	 
15:50	14:37	09:31:01	3.4	1.1	11.5	902	816	0.90	11	2209	23.9	82.5	95	39	 	 
15:51	14:38	09:31:02	3.4	1.1	12.9	1017	848	0.83	31	771	24.0	82.5	95	38	 	 
15:53	14:40	09:31:04	3.3	1.1	13.7	1074	938	0.87	44	671	29.4	78.5	97	36	 	 
15:55	14:42	09:31:06	3.0	1.1	11.9	932	762	0.82	26	842	22.2	83.8	94	39	 	 
15:57	14:44	09:31:08	3.3	1.1	13.4	1053	844	0.80	30	835	24.7	81.9	96	37	 	 
15:59	14:46	09:31:10	3.3	1.1	14.6	1143	936	0.82	31	877	27.4	79.9	96	37	 	 
16:01	14:48	09:31:12	3.2	1.1	13.9	1094	891	0.81	26	993	25.7	81.2	94	38	 	 
16:05	14:52	09:31:16	3.0	1.1	11.6	914	722	0.79	18	1029	18.2	86.7	93	39	 	 
16:07	14:54	09:31:18	3.3	1.1	15.9	1252	1027	0.82	30	973	29.5	78.4	96	38	 	 
16:09	14:56	09:31:20	3.3	1.1	14.2	1117	928	0.83	28	968	27.4	79.9	98	37	 	 
16:11	14:58	09:31:22	3.0	1.1	13.5	1061	907	0.85	26	1048	26.9	80.3	98	36	 	 
16:13	15:00	09:31:24	3.5	1.1	15.7	1231	1053	0.86	32	997	32.0	76.6	98	36	 	 
16:16	15:03	09:31:27	3.3	1.1	11.9	932	786	0.84	21	961	20.2	85.2	93	39	 	 
16:19	15:06	09:31:30	3.2	1.1	11.4	894	729	0.82	18	973	18.0	86.8	92	40	 	 
16:21	15:08	09:31:32	3.2	1.1	14.5	1141	955	0.84	29	930	27.2	80.1	94	38	 	 
16:23	15:10	09:31:34	3.4	1.1	13.3	1042	845	0.81	28	871	24.1	82.4	93	38	 	 
16:26	15:13	09:31:37	3.4	1.1	12.8	1007	833	0.83	24	968	23.6	82.7	96	38	 	 
16:28	15:15	09:31:39	3.4	1.1	14.1	1106	911	0.82	29	926	27.0	80.3	96	37	 	 
16:30	15:17	09:31:41	3.7	1.1	12.3	966	810	0.84	27	876	23.9	82.5	94	38	 	 
16:32	15:19	09:31:43	3.5	1.1	15.6	1223	1028	0.84	29	1026	29.5	78.4	95	38	 	 
16:34	15:21	09:31:45	3.7	1.1	15.6	1223	1047	0.86	29	1057	30.9	77.4	96	37	 	 
16:36	15:23	09:31:47	3.5	1.1	14.6	1150	994	0.86	30	1002	29.6	78.3	98	36	 	 
16:38	15:25	09:31:49	3.4	1.1	14.8	1166	1026	0.88	30	1025	30.4	77.7	97	36	 	 
16:40	15:27	09:31:51	3.5	1.1	15.9	1248	1086	0.87	29	1138	32.8	76.0	98	37	 	 
16:44	15:31	09:31:55	3.7	1.1	15.7	1235	1152	0.93	19	1825	35.0	74.4	102	35	 	 
16:45	15:32	09:31:56	3.7	1.1	13.1	1029	930	0.90	32	942	30.2	77.9	102	35	 	 
16:47	15:34	09:31:58	3.7	1.1	13.4	1055	967	0.92	32	899	29.2	78.6	99	36	 	 
16:50	15:37	09:32:01	3.7	1.1	10.1	792	651	0.82	21	842	17.3	87.3	95	39	 	 
16:52	15:39	09:32:03	3.5	1.1	15.0	1176	985	0.84	32	899	28.4	79.2	95	37	 	 
16:54	15:41	09:32:05	3.7	1.1	14.7	1154	950	0.82	31	912	28.2	79.3	95	38	 	 
16:56	15:43	09:32:07	3.7	1.1	13.5	1059	883	0.83	29	911	26.3	80.8	95	38	 	 
16:58	15:45	09:32:09	3.8	1.1	14.3	1127	911	0.81	32	864	27.9	79.6	96	37	 	 
17:00	15:47	09:32:11	3.9	1.1	15.5	1219	974	0.80	29	990	29.1	78.7	95	37	 	 
17:02	15:49	09:32:13	3.8	1.1	16.1	1262	1012	0.80	30	975	29.7	78.3	93	38	 	 
17:04	15:51	09:32:15	3.5	1.1	15.6	1224	978	0.80	29	1007	29.5	78.4	95	37	 	 
17:07	15:54	09:32:18	3.5	1.1	17.0	1336	1125	0.84	21	1601	33.4	75.6	97	37	 	 
17:09	15:56	09:32:20	3.8	1.1	15.6	1225	1024	0.84	28	1064	30.1	78.0	97	36	 	 
17:11	15:58	09:32:22	3.8	1.1	14.9	1169	944	0.81	29	986	28.4	79.2	95	38	 	 
17:13	16:00	09:32:24	4.0	1.1	16.0	1261	1016	0.81	31	1007	31.0	77.3	96	37	 	 
17:15	16:02	09:32:26	4.0	1.1	16.2	1270	1084	0.85	31	1067	33.3	75.6	99	35	 	 
17:17	16:04	09:32:28	4.0	1.1	16.4	1287	1116	0.87	35	938	32.9	75.9	97	36	 	 
17:18	16:05	09:32:29	4.0	1.1	16.5	1298	1088	0.84	38	843	32.4	76.3	98	36	 	 
17:22	16:09	09:32:33	4.0	1.1	14.6	1145	858	0.75	19	1185	21.9	83.9	89	40	 	 
17:23	16:10	09:32:34	4.0	1.1	19.9	1562	1219	0.78	33	1034	34.1	75.0	92	38	 	 
17:25	16:12	09:32:36	3.9	1.1	18.3	1439	1122	0.78	31	1055	33.1	75.7	94	37	 	 
17:27	16:14	09:32:38	3.9	1.1	19.7	1551	1240	0.80	38	986	37.7	72.4	98	35	 	 
17:28	16:15	09:32:39	3.9	1.1	21.8	1711	1358	0.79	38	1064	40.9	70.0	94	37	 	 
17:30	16:17	09:32:41	4.0	1.1	20.8	1637	1347	0.82	39	1049	41.4	69.7	95	36	 	 
17:32	16:19	09:32:43	4.0	1.1	18.6	1459	1182	0.81	30	1128	34.2	75.0	94	38	 	 
17:34	16:21	09:32:45	4.2	1.1	21.8	1710	1375	0.80	26	1585	40.8	70.1	97	36	 	 
17:36	16:23	09:32:47	4.0	1.1	20.4	1602	1301	0.81	37	1077	40.1	70.6	98	35	 	 
17:38	16:25	09:32:49	3.9	1.1	17.2	1350	1136	0.84	36	982	35.1	74.3	97	37	 	 
17:39	16:26	09:32:50	4.0	1.1	21.2	1664	1429	0.86	40	1047	41.6	69.6	95	37	 	 
17:41	16:28	09:32:52	4.0	1.1	20.7	1629	1313	0.81	32	1206	38.5	71.8	94	38	 	 
17:43	16:30	09:32:54	4.0	1.1	19.1	1504	1216	0.81	33	1107	36.1	73.6	96	36	 	 
17:45	16:32	09:32:56	4.2	1.1	17.7	1392	1077	0.77	33	989	32.4	76.3	94	37	 	 
17:47	16:34	09:32:58	4.2	1.1	22.8	1793	1382	0.77	30	1312	38.8	71.6	92	38	 	 
17:48	16:35	09:32:59	4.2	1.1	20.6	1618	1271	0.79	33	1137	37.1	72.9	92	38	 	 
17:50	16:37	09:33:01	4.0	1.1	17.2	1354	1031	0.76	34	895	30.0	78.0	92	38	 	 
18:00	16:47	09:33:11	4.3	1.1	25.7	2019	1464	0.72	34	1189	41.0	70.0	90	38	 	 
18:02	16:49	09:33:13	4.3	1.1	26.0	2042	1540	0.75	33	1358	44.5	67.4	91	38	 	 
18:04	16:51	09:33:15	4.3	1.1	25.6	2014	1495	0.74	38	1170	43.9	67.9	92	37	 	 
18:05	16:52	09:33:16	4.2	1.1	25.3	1989	1524	0.77	33	1298	43.3	68.3	92	38	 	 
18:07	16:54	09:33:18	4.3	1.1	23.8	1867	1422	0.76	33	1268	41.8	69.4	95	36	 	 
18:09	16:56	09:33:20	4.3	1.1	25.4	1998	1531	0.77	31	1363	42.8	68.7	91	39	 	 
18:11	16:58	09:33:22	4.2	1.1	24.2	1901	1457	0.77	29	1455	42.2	69.1	93	37	 	 
18:13	17:00	09:33:24	4.3	1.1	24.6	1929	1470	0.76	30	1385	41.6	69.6	93	38	 	 
18:15	17:02	09:33:26	4.2	1.1	21.2	1667	1304	0.78	35	1166	40.4	70.4	95	37	 	 
18:17	17:04	09:33:28	4.3	1.1	23.5	1845	1418	0.77	31	1262	39.2	71.3	91	39	 	 
18:18	17:05	09:33:29	4.5	1.1	25.3	1991	1530	0.77	40	1139	45.3	66.9	93	37	 	 
18:20	17:07	09:33:31	4.3	1.1	22.5	1768	1330	0.75	40	1001	39.8	70.9	93	37	 	 
18:22	17:09	09:33:33	4.5	1.1	23.2	1820	1426	0.78	34	1216	41.5	69.6	95	37	 	 
18:23	17:10	09:33:34	4.3	1.1	23.8	1868	1464	0.78	34	1231	41.2	69.8	93	38	 	 
18:26	17:13	09:33:37	4.3	1.1	19.2	1510	1088	0.72	20	1269	25.7	81.2	83	43	 	 
18:28	17:15	09:33:39	4.5	1.1	23.8	1871	1296	0.69	33	1057	34.6	74.6	83	42	 	 
18:30	17:17	09:33:41	4.5	1.1	28.3	2220	1568	0.71	38	1135	42.8	68.6	86	40	 	 
18:31	17:18	09:33:42	5.0	1.1	30.3	2382	1748	0.73	36	1414	50.2	63.2	91	38	 	 
18:33	17:20	09:33:44	4.8	1.1	27.1	2132	1597	0.75	39	1197	46.9	65.6	93	37	 	 
18:35	17:22	09:33:46	4.8	1.1	23.9	1875	1481	0.79	34	1282	44.2	67.6	96	36	 	 
18:36	17:23	09:33:47	4.8	1.1	28.7	2251	1785	0.79	39	1317	52.0	62.0	94	37	 	 
18:38	17:25	09:33:49	4.8	1.1	23.9	1881	1489	0.79	34	1242	41.9	69.4	91	39	 	 
18:40	17:27	09:33:51	4.8	1.1	25.2	1983	1550	0.78	35	1286	45.4	66.8	93	38	 	 
18:41	17:28	09:33:52	4.8	1.1	27.3	2143	1656	0.77	36	1305	46.9	65.7	92	38	 	 
18:43	17:30	09:33:54	4.8	1.1	27.8	2181	1682	0.77	34	1402	47.8	65.0	93	38	 	 
18:45	17:32	09:33:56	5.0	1.1	31.4	2471	1936	0.78	39	1443	57.0	58.3	95	37	 	 
18:46	17:33	09:33:57	4.6	1.1	22.3	1753	1422	0.81	34	1271	43.6	68.1	97	36	 	 
18:48	17:35	09:33:59	4.7	1.1	26.3	2069	1653	0.80	39	1232	48.3	64.6	92	39	 	 
18:50	17:37	09:34:01	4.6	1.1	25.3	1987	1571	0.79	33	1341	44.2	67.6	93	38	 	 
18:51	17:38	09:34:02	4.8	1.1	29.9	2347	1800	0.77	40	1299	52.0	62.0	93	38	 	 
18:54	17:41	09:34:05	4.6	1.1	23.7	1861	1454	0.78	27	1385	37.4	72.6	90	40	 	 
18:55	17:42	09:34:06	4.7	1.1	27.9	2189	1698	0.78	33	1447	48.2	64.7	92	39	 	 
18:57	17:44	09:34:08	4.7	1.1	27.3	2148	1678	0.78	31	1564	48.9	64.2	93	38	 	 
18:59	17:46	09:34:10	4.7	1.1	23.7	1862	1461	0.78	28	1459	40.3	70.5	92	39	 	 
19:01	17:48	09:34:12	4.7	1.1	27.9	2191	1683	0.77	33	1392	46.4	66.0	91	39	 	 
19:03	17:50	09:34:14	4.7	1.1	29.9	2346	1780	0.76	38	1356	51.8	62.1	93	38	 	 
19:05	17:52	09:34:16	4.8	1.1	28.0	2197	1665	0.76	35	1452	50.7	62.9	96	36	 	 
19:07	17:54	09:34:18	4.8	1.1	25.6	2014	1628	0.81	27	1669	45.5	66.7	95	37	 	 
19:09	17:56	09:34:20	4.8	1.1	24.2	1900	1479	0.78	32	1270	41.2	69.9	90	40	 	 
19:10	17:57	09:34:21	4.7	1.1	26.8	2103	1575	0.75	33	1317	43.7	68.0	90	39	 	 
19:12	17:59	09:34:23	4.7	1.1	24.1	1893	1452	0.77	33	1194	39.6	71.0	90	39	 	 
19:14	18:01	09:34:25	4.8	1.1	30.6	2403	1844	0.77	37	1417	51.8	62.0	90	38	 	 
19:16	18:03	09:34:27	5.1	1.1	29.2	2290	1737	0.76	34	1433	49.4	63.8	93	38	 	 
19:17	18:04	09:34:28	5.0	1.1	30.3	2384	1857	0.78	41	1301	53.1	61.1	94	37	 	 
19:20	18:07	09:34:31	4.8	1.1	19.9	1562	1152	0.74	21	1330	28.0	79.5	87	41	 	 
19:21	18:08	09:34:32	4.8	1.1	33.7	2644	1989	0.75	38	1390	53.4	60.9	89	40	 	 
19:23	18:10	09:34:34	5.0	1.1	31.4	2466	1885	0.76	34	1526	52.0	61.9	91	39	 	 
19:26	18:13	09:34:37	4.8	1.1	28.6	2247	1773	0.79	23	2115	49.6	63.7	93	39	 	 
19:27	18:14	09:34:38	5.1	1.1	27.2	2138	1641	0.77	37	1303	48.3	64.7	94	38	 	 
19:29	18:16	09:34:40	5.0	1.1	26.8	2106	1640	0.78	36	1272	45.4	66.8	92	39	 	 
19:31	18:18	09:34:42	5.0	1.1	25.7	2017	1527	0.76	38	1136	43.7	68.0	91	39	 	 
19:32	18:19	09:34:43	5.0	1.1	19.7	1549	1169	0.75	37	931	34.7	74.6	92	39	 	 
19:33	18:20	09:34:44	5.2	1.1	14.1	1111	735	0.66	56	409	22.7	83.4	87	41	 	 
19:35	18:22	09:34:46	5.0	1.1	26.7	2094	1493	0.71	35	1153	40.0	70.7	86	40	 	 
19:37	18:24	09:34:48	5.2	1.1	31.6	2479	1803	0.73	27	1828	49.2	64.0	89	39	 	 
19:39	18:26	09:34:50	5.1	1.1	24.1	1891	1374	0.73	35	1105	38.8	71.6	90	39	 	 
19:41	18:28	09:34:52	5.0	1.1	29.3	2305	1686	0.73	38	1195	46.0	66.3	88	40	 	 
19:42	18:29	09:34:53	5.2	1.1	27.7	2174	1645	0.76	32	1406	45.3	66.8	89	40	 	 
19:45	18:32	09:34:56	5.1	1.1	27.7	2173	1670	0.77	28	1664	46.4	66.0	92	38	 	 
19:46	18:33	09:34:57	5.1	1.1	30.7	2410	1832	0.76	41	1320	53.9	60.5	93	38	 	 
19:47	18:34	09:34:58	5.3	1.1	27.0	2124	1712	0.81	41	1259	52.1	61.9	93	38	 	 
19:49	18:36	09:35:00	5.1	1.1	29.0	2277	1789	0.79	37	1406	52.1	61.9	94	37	 	 
19:52	18:39	09:35:03	5.2	1.1	25.4	1992	1670	0.84	21	2315	47.9	64.9	96	38	 	 
19:53	18:40	09:35:04	5.2	1.1	29.3	2299	1822	0.79	41	1301	53.1	61.1	94	38	 	 
19:55	18:42	09:35:06	5.1	1.1	27.7	2177	1727	0.79	41	1245	50.5	63.1	95	38	 	 
19:56	18:43	09:35:07	5.3	1.1	28.7	2253	1758	0.78	41	1285	53.2	61.1	94	38	 	 
19:58	18:45	09:35:09	5.2	1.1	27.6	2172	1746	0.80	35	1441	50.3	63.2	95	38	 	 
20:00	18:47	09:35:11	5.3	1.1	26.3	2064	1625	0.79	41	1180	48.8	64.3	95	38	 	 
20:02	18:49	09:35:13	5.3	1.1	21.6	1697	1308	0.77	29	1201	34.6	74.6	90	40	 	 
20:03	18:50	09:35:14	5.2	1.1	30.1	2368	1782	0.75	35	1414	49.3	63.9	90	39	 	 
20:05	18:52	09:35:16	5.3	1.1	31.1	2443	1825	0.75	37	1443	52.8	61.4	92	38	 	 
20:07	18:54	09:35:18	5.2	1.1	26.6	2089	1659	0.79	34	1373	46.0	66.3	93	38	 	 
20:08	18:55	09:35:19	5.3	1.1	28.4	2232	1674	0.75	40	1142	45.7	66.6	88	40	 	 
20:10	18:57	09:35:21	5.3	1.1	27.9	2195	1641	0.75	34	1349	45.5	66.7	89	40	 	 
20:12	18:59	09:35:23	5.3	1.1	29.5	2314	1797	0.78	36	1406	50.5	63.0	91	39	 	 
20:13	19:00	09:35:24	5.3	1.1	29.1	2285	1728	0.76	36	1338	48.4	64.6	91	39	 	 
20:15	19:02	09:35:26	5.2	1.1	28.7	2252	1740	0.77	34	1433	48.3	64.6	90	39	 	 
20:17	19:04	09:35:28	5.6	1.1	26.6	2094	1635	0.78	41	1161	48.0	64.8	96	37	 	 
20:18	19:05	09:35:29	5.5	1.1	28.8	2265	1731	0.76	45	1131	51.4	62.4	94	37	 	 
20:19	19:06	09:35:30	5.3	1.1	32.4	2546	1954	0.77	47	1211	57.2	58.1	94	37	 	 
20:21	19:08	09:35:32	5.6	1.1	28.3	2227	1817	0.82	40	1333	53.3	61.0	94	38	 	 
20:23	19:10	09:35:34	5.3	1.1	24.2	1904	1379	0.72	24	1413	33.9	75.2	87	42	 	 
20:25	19:12	09:35:36	5.5	1.1	30.8	2419	1879	0.78	36	1434	51.8	62.0	92	39	 	 
20:26	19:13	09:35:37	5.5	1.1	33.8	2655	2041	0.77	38	1481	56.3	58.8	92	39	 	 
20:28	19:15	09:35:39	5.3	1.1	28.1	2205	1733	0.79	35	1466	50.8	62.8	95	37	 	 
20:30	19:17	09:35:41	5.6	1.1	28.2	2217	1744	0.79	42	1256	52.7	61.4	95	37	 	 
20:31	19:18	09:35:42	5.5	1.1	32.9	2586	2057	0.80	37	1555	58.0	57.6	94	38	 	 
20:33	19:20	09:35:44	5.5	1.1	29.9	2348	1889	0.80	43	1361	57.9	57.6	95	37	 	 
20:34	19:21	09:35:45	5.7	1.1	23.8	1871	1777	0.95	41	1289	53.3	61.0	96	36	 	 
20:36	19:23	09:35:47	5.5	1.1	31.6	2484	1983	0.80	41	1456	59.4	56.5	94	38	 	 
20:37	19:24	09:35:48	5.5	1.1	28.6	2245	1843	0.82	41	1329	53.9	60.6	95	38	 	 
20:39	19:26	09:35:50	5.6	1.1	28.3	2226	1806	0.81	34	1547	51.9	62.0	93	39	 	 
20:40	19:27	09:35:51	5.6	1.1	28.9	2267	1837	0.81	37	1444	53.2	61.1	95	37	 	 
20:42	19:29	09:35:53	5.5	1.1	29.4	2307	1899	0.82	37	1477	55.0	59.7	96	37	 	 
20:44	19:31	09:35:55	5.5	1.1	30.6	2406	1924	0.80	41	1399	57.1	58.2	95	38	 	 
20:45	19:32	09:35:56	5.7	1.1	28.3	2221	1806	0.81	36	1437	51.9	62.0	95	38	 	 
20:47	19:34	09:35:58	5.7	1.1	30.5	2397	1932	0.81	36	1521	54.0	60.5	95	38	 	 
20:49	19:36	09:36:00	5.6	1.1	28.1	2204	1747	0.79	35	1426	49.8	63.6	93	39	 	 
20:50	19:37	09:36:01	5.7	1.1	33.8	2653	2122	0.80	40	1520	61.2	55.2	95	38	 	 
20:52	19:39	09:36:03	5.6	1.1	27.7	2177	1758	0.81	37	1447	53.6	60.8	96	37	 	 
20:53	19:40	09:36:04	5.8	1.1	31.2	2451	2038	0.83	36	1604	57.3	58.1	96	37	 	 
20:55	19:42	09:36:06	5.7	1.1	24.8	1946	1621	0.83	36	1331	47.3	65.4	97	37	 	 
20:57	19:44	09:36:08	5.6	1.1	30.8	2424	1960	0.81	42	1378	57.4	58.0	95	37	 	 
20:58	19:45	09:36:09	5.8	1.1	29.0	2279	1891	0.83	33	1587	52.3	61.7	93	39	 	 
21:00	19:47	09:36:11	5.6	1.1	31.6	2485	1939	0.78	41	1358	55.4	59.4	92	39	 	 
21:01	19:48	09:36:12	6.0	1.1	31.5	2475	1991	0.80	42	1397	59.0	56.8	94	38	 	 
21:03	19:50	09:36:14	5.8	1.1	31.0	2435	1969	0.81	42	1402	58.4	57.2	94	38	 	 
21:04	19:51	09:36:15	5.8	1.1	32.4	2542	2084	0.82	39	1571	60.8	55.5	95	38	 	 
21:06	19:53	09:36:17	5.8	1.1	29.0	2282	1944	0.85	37	1611	59.3	56.6	99	35	 	 
21:07	19:54	09:36:18	5.8	1.1	27.4	2154	2081	0.97	48	1334	64.0	53.1	98	36	 	 
21:08	19:55	09:36:19	6.0	1.1	29.7	2332	1987	0.85	45	1336	60.3	55.9	97	37	 	 
21:10	19:57	09:36:21	5.8	1.1	28.9	2271	1953	0.86	43	1334	57.6	57.8	98	36	 	 
21:11	19:58	09:36:22	5.8	1.1	29.1	2284	1944	0.85	43	1403	59.7	56.3	98	37	 	 
21:13	20:00	09:36:24	5.8	1.1	28.2	2213	1895	0.86	42	1368	57.8	57.7	97	37	 	 
21:14	20:01	09:36:25	5.8	1.1	26.1	2047	1809	0.88	42	1234	52.1	61.8	96	38	 	 
21:16	20:03	09:36:27	6.1	1.1	25.9	2032	1718	0.85	42	1186	49.4	63.8	94	38	 	 
21:17	20:04	09:36:28	5.8	1.1	29.7	2332	1887	0.81	50	1140	56.6	58.6	96	37	 	 
21:18	20:05	09:36:29	6.0	1.1	29.5	2318	1915	0.83	46	1193	54.7	60.0	95	38	 	 
21:21	20:08	09:36:32	5.8	1.1	28.0	2197	1802	0.82	25	1962	48.5	64.5	91	40	 	 
21:22	20:09	09:36:33	5.8	1.1	28.1	2208	1742	0.79	42	1176	49.3	63.9	95	38	 	 
21:23	20:10	09:36:34	6.1	1.1	34.6	2715	2070	0.76	50	1211	60.5	55.7	93	38	 	 
21:25	20:12	09:36:36	6.1	1.1	31.5	2473	1930	0.78	42	1363	57.2	58.1	93	38	 	 
21:26	20:13	09:36:37	5.8	1.1	28.4	2230	1832	0.82	36	1533	55.1	59.7	97	36	 	 
21:28	20:15	09:36:39	6.0	1.1	31.5	2477	2005	0.81	40	1435	57.8	57.7	95	37	 	 
21:29	20:16	09:36:40	6.1	1.1	29.0	2276	1878	0.83	41	1361	55.9	59.0	96	37	 	 
21:32	20:19	09:36:43	6.1	1.1	18.7	1465	1113	0.76	22	1238	27.8	79.6	88	42	 	 
21:33	20:20	09:36:44	6.0	1.1	35.1	2758	2190	0.79	41	1426	58.2	57.4	91	39	 	 
21:35	20:22	09:36:46	6.2	1.1	35.5	2789	2152	0.77	42	1438	59.9	56.1	91	39	 	 
21:36	20:23	09:36:47	6.1	1.1	31.4	2466	1957	0.79	42	1333	55.9	59.1	91	39	 	 
21:38	20:25	09:36:49	6.0	1.1	28.7	2252	1844	0.82	43	1273	54.5	60.1	96	37	 	 
21:41	20:28	09:36:52	6.2	1.1	26.8	2102	1747	0.83	21	2339	48.6	64.5	92	40	 	 
21:42	20:29	09:36:53	6.2	1.1	29.9	2351	1795	0.76	43	1188	50.5	63.0	92	39	 	 
21:43	20:30	09:36:54	6.1	1.1	37.7	2964	2235	0.75	51	1239	63.0	53.9	90	39	 	 
21:44	20:31	09:36:55	6.0	1.1	34.3	2696	2032	0.75	45	1364	61.1	55.3	93	38	 	 
21:46	20:33	09:36:57	6.1	1.1	29.5	2316	1853	0.80	46	1267	58.0	57.5	97	36	 	 
21:47	20:34	09:36:58	6.1	1.1	32.7	2572	2060	0.80	50	1252	62.6	54.2	96	37	 	 
21:48	20:35	09:36:59	6.3	1.1	28.0	2198	1796	0.82	43	1277	55.1	59.6	96	37	 	 
21:50	20:37	09:37:01	6.2	1.1	25.5	2003	1704	0.85	43	1232	53.2	61.1	99	36	 	 
21:51	20:38	09:37:02	6.3	1.1	34.1	2678	2207	0.82	50	1320	66.0	51.7	96	37	 	 
21:52	20:39	09:37:03	6.1	1.1	30.2	2370	1992	0.84	45	1343	60.1	56.0	97	37	 	 
21:54	20:41	09:37:05	6.3	1.1	27.4	2155	1777	0.82	43	1285	55.9	59.1	97	37	 	 
21:55	20:42	09:37:06	6.2	1.1	24.9	1959	1655	0.84	43	1160	50.4	63.1	99	36	 	 
21:56	20:43	09:37:07	6.1	1.1	32.3	2540	2125	0.84	50	1277	63.9	53.2	96	37	 	 
21:58	20:45	09:37:09	6.2	1.1	26.5	2078	1747	0.84	45	1199	54.1	60.4	95	38	 	 
21:59	20:46	09:37:10	6.1	1.1	25.7	2016	1692	0.84	45	1137	50.9	62.7	99	36	 	 
22:01	20:48	09:37:12	6.3	1.1	33.6	2641	2181	0.83	37	1666	62.1	54.6	95	38	 	 
22:02	20:49	09:37:13	6.3	1.1	30.6	2404	1963	0.82	43	1349	58.2	57.4	96	38	 	 
22:03	20:50	09:37:14	6.5	1.1	30.0	2357	1934	0.82	44	1294	57.5	57.9	96	38	 	 
22:05	20:52	09:37:16	6.3	1.1	28.8	2265	1999	0.88	44	1324	58.0	57.5	95	38	 	 
22:06	20:53	09:37:17	6.3	1.1	29.8	2342	1933	0.83	49	1190	58.5	57.1	97	37	 	 
22:07	20:54	09:37:18	6.5	1.1	33.5	2631	2169	0.82	45	1356	61.2	55.2	95	38	 	 
22:09	20:56	09:37:20	6.2	1.1	30.6	2408	1961	0.81	44	1359	59.5	56.4	95	38	 	 
22:10	20:57	09:37:21	6.5	1.1	26.5	2085	1749	0.84	43	1233	53.2	61.0	96	37	 	 
22:12	20:59	09:37:23	6.5	1.1	33.4	2623	2104	0.80	34	1699	57.9	57.6	91	40	 	 
22:13	21:00	09:37:24	6.5	1.1	31.1	2445	2108	0.86	44	1374	60.2	56.0	94	38	 	 
22:14	21:01	09:37:25	6.3	1.1	33.2	2611	2199	0.84	52	1250	64.7	52.7	96	38	 	 
22:16	21:03	09:37:27	6.3	1.1	26.7	2099	1822	0.87	47	1200	56.3	58.8	101	35	 	 
22:17	21:04	09:37:28	6.5	1.1	23.3	1829	1616	0.88	44	1079	48.0	64.9	98	36	 	 
22:18	21:05	09:37:29	6.5	1.1	29.9	2347	1951	0.83	43	1300	56.1	58.9	95	38	 	 
22:20	21:07	09:37:31	6.5	1.1	29.7	2335	1896	0.81	43	1275	54.7	60.0	95	38	 	 
22:21	21:08	09:37:32	6.5	1.1	29.0	2276	1817	0.80	42	1212	51.2	62.5	95	38	 	 
22:23	21:10	09:37:34	6.3	1.0	30.9	2428	1966	0.81	34	1586	54.1	60.4	94	38	 	 
22:24	21:11	09:37:35	6.6	1.0	34.5	2707	2223	0.82	42	1460	60.8	55.5	91	40	 	 
22:26	21:13	09:37:37	6.3	1.0	35.2	2763	2280	0.83	49	1403	68.5	49.9	97	37	 	 
22:27	21:14	09:37:38	6.6	1.0	35.9	2818	2383	0.85	46	1549	71.0	48.1	98	36	 	 
22:28	21:15	09:37:39	6.3	1.0	27.0	2120	1864	0.88	44	1379	60.4	55.8	101	34	 	 
22:29	21:16	09:37:40	6.5	1.0	28.8	2260	1933	0.86	47	1273	60.2	56.0	100	36	 	 
22:31	21:18	09:37:42	6.3	1.0	29.1	2288	1977	0.86	40	1474	59.3	56.6	99	36	 	 
22:32	21:19	09:37:43	6.6	1.0	34.9	2745	2355	0.86	49	1428	70.2	48.6	99	36	 	 
22:33	21:20	09:37:44	6.6	1.0	30.5	2393	2033	0.85	46	1345	61.6	54.9	98	37	 	 
22:35	21:22	09:37:46	6.5	1.0	27.2	2137	1866	0.87	47	1235	57.9	57.6	100	35	 	 
22:36	21:23	09:37:47	6.6	1.0	34.0	2673	2254	0.84	48	1389	67.2	50.8	98	37	 	 
22:37	21:24	09:37:48	6.5	1.0	28.9	2267	1890	0.83	45	1347	60.3	55.8	98	37	 	 
22:39	21:26	09:37:50	6.5	1.0	25.3	1988	1753	0.88	44	1244	54.9	59.8	101	35	 	 
22:40	21:27	09:37:51	6.6	1.0	26.9	2116	1818	0.86	44	1238	54.2	60.3	99	36	 	 
22:42	21:29	09:37:53	6.6	1.0	29.8	2338	1981	0.85	41	1403	58.1	57.5	98	36	 	 
22:44	21:31	09:37:55	6.6	1.0	24.9	1955	1499	0.77	24	1477	36.2	73.5	86	42	 	 
22:45	21:32	09:37:56	6.6	1.0	33.3	2617	2278	0.87	43	1472	63.1	53.8	91	39	 	 
22:47	21:34	09:37:58	6.6	1.0	34.9	2741	2229	0.81	46	1446	66.2	51.5	96	37	 	 
22:48	21:35	09:37:59	6.8	1.0	37.0	2903	2367	0.82	47	1506	70.6	48.3	96	37	 	 
22:49	21:36	09:38:00	6.6	1.0	34.5	2708	2301	0.85	45	1533	69.2	49.4	97	37	 	 
22:51	21:38	09:38:02	6.6	1.0	29.2	2292	1958	0.85	39	1553	60.9	55.4	98	37	 	 
22:52	21:39	09:38:03	6.6	1.0	31.5	2476	2122	0.86	44	1431	63.1	53.8	98	37	 	 
22:54	21:41	09:38:05	6.8	1.0	32.0	2517	2240	0.89	45	1394	63.4	53.6	96	38	 	 
22:55	21:42	09:38:06	6.6	1.0	30.8	2421	2060	0.85	45	1437	64.3	52.9	97	37	 	 
22:56	21:43	09:38:07	6.6	1.0	28.0	2202	1907	0.87	46	1269	58.6	57.1	99	36	 	 
22:57	21:44	09:38:08	6.8	1.0	35.1	2761	2332	0.84	49	1392	67.9	50.3	96	38	 	 
22:59	21:46	09:38:10	6.6	1.0	33.3	2612	2181	0.83	47	1387	65.0	52.4	96	38	 	 
23:00	21:47	09:38:11	6.6	1.0	32.9	2582	2180	0.84	43	1519	65.1	52.3	96	38	 	 
23:01	21:48	09:38:12	6.8	1.0	31.4	2464	2151	0.87	43	1503	63.9	53.2	98	37	 	 
23:03	21:50	09:38:14	6.9	1.0	29.6	2322	2073	0.89	44	1378	60.8	55.5	97	38	 	 
23:04	21:51	09:38:15	6.8	1.0	31.3	2462	2132	0.87	50	1313	65.1	52.3	100	36	 	 
23:06	21:53	09:38:17	6.9	1.0	30.5	2396	2123	0.89	25	2289	57.0	58.3	95	40	 	 
23:08	21:55	09:38:19	6.8	1.0	33.8	2656	2217	0.83	47	1308	61.3	55.1	93	40	 	 
23:09	21:56	09:38:20	7.0	1.0	31.4	2466	2120	0.86	44	1357	59.9	56.2	94	39	 	 
23:10	21:57	09:38:21	6.8	1.0	30.8	2420	2067	0.85	44	1348	59.5	56.5	97	37	 	 
23:12	21:59	09:38:23	6.8	1.0	32.4	2548	2115	0.83	44	1366	59.8	56.2	96	37	 	 
23:13	22:00	09:38:24	7.0	1.0	38.2	3003	2544	0.85	50	1467	73.4	46.3	96	38	 	 
23:14	22:01	09:38:25	6.8	1.0	36.4	2859	2369	0.83	46	1534	70.8	48.2	96	37	 	 
23:16	22:03	09:38:27	7.0	1.0	31.7	2488	2114	0.85	44	1535	67.2	50.8	99	36	 	 
23:17	22:04	09:38:28	7.0	1.0	30.7	2408	2141	0.89	56	1142	64.0	53.1	100	36	 	 
23:18	22:05	09:38:29	7.0	1.0	29.4	2312	2015	0.87	57	1148	65.0	52.4	102	35	 	 
23:19	22:06	09:38:30	6.9	1.0	26.9	2114	1804	0.85	48	1150	54.8	59.9	96	38	 	 
23:20	22:07	09:38:31	6.8	1.0	30.1	2368	2050	0.87	44	1393	61.0	55.3	96	38	 	 
23:22	22:09	09:38:33	7.0	1.0	33.2	2608	2245	0.86	50	1357	67.3	50.7	99	37	 	 
23:23	22:10	09:38:34	6.9	1.0	28.1	2205	1883	0.85	48	1169	55.7	59.3	96	38	 	 
23:24	22:11	09:38:35	7.1	1.0	29.8	2338	2002	0.86	44	1315	57.6	57.9	95	38	 	 
23:26	22:13	09:38:37	6.9	1.0	30.5	2398	2070	0.86	49	1239	60.4	55.7	97	37	 	 
23:27	22:14	09:38:38	7.1	1.0	37.8	2969	2509	0.85	46	1538	70.4	48.4	95	38	 	 
23:29	22:16	09:38:40	6.9	1.0	29.3	2305	1921	0.83	33	1584	51.7	62.2	95	39	 	 
23:30	22:17	09:38:41	7.1	1.0	35.6	2800	2332	0.83	50	1356	68.4	49.9	96	38	 	 
23:31	22:18	09:38:42	7.0	1.0	35.6	2795	2384	0.85	52	1356	70.1	48.7	97	37	 	 
23:32	22:19	09:38:43	7.0	1.0	33.3	2613	2251	0.86	48	1402	67.8	50.3	97	38	 	 
23:34	22:21	09:38:45	7.1	1.0	30.7	2411	2154	0.89	46	1411	65.1	52.3	100	36	 	 
23:35	22:22	09:38:46	7.1	1.0	29.8	2342	2061	0.88	44	1398	61.2	55.2	98	37	 	 
23:36	22:23	09:38:47	7.0	1.0	32.2	2533	2191	0.87	45	1432	65.1	52.3	97	38	 	 
23:38	22:25	09:38:49	7.1	1.0	34.1	2677	2299	0.86	47	1435	66.8	51.1	97	38	 	 
23:39	22:26	09:38:50	7.0	1.0	31.1	2440	2244	0.92	43	1493	64.4	52.8	97	38	 	 
23:40	22:27	09:38:51	7.1	1.0	31.0	2433	2175	0.89	48	1398	66.6	51.3	99	37	 	 
23:41	22:28	09:38:52	7.0	1.0	35.7	2801	2447	0.87	54	1342	71.9	47.4	97	38	 	 
23:43	22:30	09:38:54	7.1	1.0	33.0	2595	2283	0.88	47	1487	69.2	49.4	98	38	 	 
23:44	22:31	09:38:55	7.0	1.0	33.0	2592	2292	0.88	53	1323	69.6	49.0	100	36	 	 
23:45	22:32	09:38:56	7.0	1.0	28.1	2206	2140	0.97	47	1389	65.6	52.0	99	37	 	 
23:46	22:33	09:38:57	7.1	1.0	30.5	2393	2282	0.95	45	1482	66.3	51.4	98	37	 	 
23:48	22:35	09:38:59	7.1	1.0	32.4	2543	2238	0.88	50	1353	67.6	50.5	99	37	 	 
23:49	22:36	09:39:00	7.1	1.0	30.2	2375	2183	0.92	49	1367	67.2	50.8	100	36	 	 
23:50	22:37	09:39:01	7.1	1.0	32.0	2514	2209	0.88	48	1363	66.0	51.7	98	37	 	 
23:51	22:38	09:39:02	7.1	1.0	31.7	2492	2214	0.89	50	1312	65.6	52.0	97	38	 	 
23:53	22:40	09:39:04	7.1	1.0	31.5	2479	2232	0.90	45	1419	63.5	53.5	98	37	 	 
23:54	22:41	09:39:05	7.3	1.0	39.8	3127	2771	0.89	50	1615	81.4	40.4	98	38	 	 
23:55	22:42	09:39:06	7.1	1.0	36.5	2867	2525	0.88	47	1659	78.4	42.6	99	37	 	 
23:56	22:43	09:39:07	7.3	1.0	32.4	2543	2331	0.92	54	1362	73.0	46.6	101	36	 	 
23:57	22:44	09:39:08	7.3	1.0	27.0	2118	2047	0.97	50	1286	63.8	53.3	102	35	 	 
23:58	22:45	09:39:09	7.3	1.0	33.6	2638	2474	0.94	55	1380	75.3	44.9	100	37	 	 
24:00	22:47	09:39:11	7.1	1.0	28.8	2262	2100	0.93	46	1391	64.2	53.0	101	36	 	 
24:01	22:48	09:39:12	7.5	1.0	35.9	2824	2444	0.87	55	1336	72.9	46.6	98	38	 	 
24:02	22:49	09:39:13	7.4	1.0	32.0	2515	2232	0.89	59	1189	69.9	48.8	99	37	 	 
24:03	22:50	09:39:14	7.5	1.0	34.1	2683	2338	0.87	57	1229	70.2	48.6	99	37	 	 
24:04	22:51	09:39:15	7.4	1.0	32.4	2544	2185	0.86	43	1507	65.0	52.4	97	38	 	 
24:06	22:53	09:39:17	7.5	1.0	38.8	3048	2730	0.90	44	1846	80.8	40.8	99	37	 	 
24:07	22:54	09:39:18	7.3	1.0	31.6	2484	2396	0.96	49	1487	72.5	46.9	100	36	 	 
24:08	22:55	09:39:19	7.5	1.0	36.7	2883	2750	0.95	55	1488	81.2	40.6	101	36	 	 
24:09	22:56	09:39:20	7.1	1.0	28.3	2221	2170	0.98	47	1377	65.1	52.4	103	35	 	 
24:11	22:58	09:39:22	7.3	1.0	31.5	2479	2338	0.94	44	1531	68.0	50.2	101	36	 	 
24:12	22:59	09:39:23	7.5	1.0	35.0	2749	2524	0.92	35	2015	69.9	48.8	96	39	 	 
24:14	23:01	09:39:25	7.3	1.0	33.4	2622	2318	0.88	49	1352	66.5	51.3	98	38	 	 
24:15	23:02	09:39:26	7.4	1.0	31.1	2446	2162	0.88	54	1179	63.7	53.4	98	37	 	 
24:16	23:03	09:39:27	7.3	1.4	36.9	2900	2537	0.87	59	1266	74.5	45.5	97	38	 	 
24:17	23:04	09:39:28	7.3	1.4	23.4	1836	1823	0.99	47	1147	54.2	60.3	98	37	 	 
24:18	23:05	09:39:29	7.5	1.4	36.3	2850	2428	0.85	56	1265	70.3	48.6	95	39	 	 
24:19	23:06	09:39:30	7.1	1.4	29.5	2319	1992	0.86	43	1257	54.3	60.3	91	42	 	 
24:21	23:08	09:39:32	7.5	1.5	32.1	2525	2000	0.79	47	1237	58.0	57.6	91	41	 	 
24:22	23:09	09:39:33	7.4	1.5	34.9	2739	2319	0.85	49	1429	69.7	49.0	96	39	 	 
24:24	23:11	09:39:35	7.3	1.5	38.5	3023	2655	0.88	35	2156	76.1	44.3	97	38	 	 
24:25	23:12	09:39:36	7.3	1.5	31.2	2448	2202	0.90	53	1307	69.4	49.2	100	36	 	 
24:27	23:14	09:39:38	7.5	1.5	23.8	1870	1472	0.79	30	1259	37.4	72.6	90	42	 	 
24:28	23:15	09:39:39	7.3	1.5	38.5	3025	2680	0.89	51	1393	70.8	48.1	94	40	 	 
24:29	23:16	09:39:40	7.5	1.5	40.3	3166	2705	0.85	52	1466	75.8	44.5	94	39	 	 
24:30	23:17	09:39:41	7.3	1.6	34.7	2725	2393	0.88	47	1467	68.2	50.1	96	39	 	 
24:32	23:19	09:39:43	7.5	2.0	34.5	2711	2524	0.93	56	1300	72.9	46.6	99	37	 	 
24:33	23:20	09:39:44	7.3	2.0	32.4	2542	2376	0.93	49	1403	68.4	49.9	100	36	 	 
24:34	23:21	09:39:45	7.4	2.0	37.3	2928	2671	0.91	48	1615	78.1	42.8	99	38	 	 
24:35	23:22	09:39:46	7.4	2.0	36.1	2833	2592	0.92	44	1698	75.5	44.7	99	37	 	 
24:37	23:24	09:39:48	7.4	2.0	34.5	2707	2466	0.91	47	1553	72.8	46.7	98	38	 	 
24:38	23:25	09:39:49	7.3	2.0	32.5	2556	2375	0.93	45	1535	69.8	48.9	99	37	 	 
24:39	23:26	09:39:50	7.3	2.0	36.8	2892	2611	0.90	56	1429	80.1	41.3	99	37	 	 
24:40	23:27	09:39:51	7.4	2.0	38.5	3024	2743	0.91	55	1498	82.5	39.6	100	37	 	 
24:41	23:28	09:39:52	7.3	2.0	32.8	2578	2421	0.94	48	1580	75.3	44.9	100	37	 	 
24:43	23:30	09:39:54	7.3	2.0	33.2	2608	2425	0.93	29	2316	66.8	51.1	97	39	 	 
24:45	23:32	09:39:56	7.4	2.0	37.4	2941	2764	0.94	56	1415	78.6	42.5	99	38	 	 
24:46	23:33	09:39:57	7.3	2.4	32.7	2571	2429	0.94	57	1308	74.0	45.8	100	37	 	 
24:47	23:34	09:39:58	7.4	2.5	33.0	2589	2361	0.91	57	1268	71.8	47.5	100	37	 	 
24:48	23:35	09:39:59	7.3	2.5	34.2	2688	2455	0.91	51	1345	69.0	49.5	97	39	 	 
24:49	23:36	09:40:00	7.4	2.5	38.3	3011	2716	0.90	56	1452	80.6	41.0	99	38	 	 
24:50	23:37	09:40:01	7.4	2.5	31.1	2441	2275	0.93	48	1426	68.4	49.9	100	37	 	 
24:51	23:38	09:40:02	7.4	2.5	38.8	3047	2717	0.89	53	1514	80.4	41.1	99	38	 	 
24:53	23:40	09:40:04	7.5	2.5	34.2	2690	2551	0.95	46	1561	72.0	47.3	99	37	 	 
24:54	23:41	09:40:05	7.3	2.5	36.4	2863	2560	0.89	50	1437	72.4	47.0	98	38	 	 
24:55	23:42	09:40:06	7.6	2.5	35.4	2782	2492	0.90	48	1517	73.4	46.3	98	38	 	 
24:56	23:43	09:40:07	7.4	2.5	37.0	2904	2671	0.92	52	1529	79.1	42.1	100	37	 	 
24:57	23:44	09:40:08	7.6	2.5	35.5	2789	2638	0.95	50	1553	77.0	43.6	99	38	 	 
24:59	23:46	09:40:10	7.3	2.5	30.9	2429	2513	1.03	50	1474	74.3	45.6	100	37	 	 
25:00	23:47	09:40:11	7.5	2.5	36.0	2828	2615	0.92	49	1561	76.2	44.2	98	38	 	 
25:01	23:48	09:40:12	7.3	2.6	36.8	2895	2748	0.95	55	1477	81.3	40.5	100	37	 	 
25:02	23:49	09:40:13	7.5	3.0	31.7	2491	2378	0.95	52	1417	73.9	45.9	102	36	 	 
25:03	23:50	09:40:14	7.3	3.0	37.2	2923	2726	0.93	52	1547	80.0	41.4	99	38	 	 
25:04	23:51	09:40:15	7.5	3.0	35.1	2761	2597	0.94	51	1498	76.8	43.8	101	37	 	 
25:06	23:53	09:40:17	7.3	3.0	33.0	2592	2416	0.93	42	1664	70.3	48.5	100	38	 	 
25:07	23:54	09:40:18	7.5	3.0	36.4	2857	2646	0.93	51	1493	76.6	43.9	98	38	 	 
25:08	23:55	09:40:19	7.3	3.0	33.1	2600	2523	0.97	47	1599	75.0	45.1	101	37	 	 
25:09	23:56	09:40:20	7.3	3.0	39.5	3103	2902	0.94	53	1600	84.9	37.8	100	38	 	 
25:11	23:58	09:40:22	7.3	3.0	36.7	2887	2728	0.94	54	1516	82.0	40.0	101	37	 	 
25:12	23:59	09:40:23	7.4	3.0	30.1	2364	2322	0.98	50	1352	68.2	50.1	99	37	 	 
25:13	24:00	09:40:24	7.3	3.0	40.3	3163	3097	0.98	52	1723	89.9	34.2	100	37	 	 
25:14	24:01	09:40:25	7.5	3.0	34.5	2710	2581	0.95	47	1653	78.1	42.8	100	37	 	 
25:15	24:02	09:40:26	7.3	3.0	37.1	2912	2782	0.96	53	1545	82.0	40.0	101	37	 	 
25:16	24:03	09:40:27	7.4	3.3	31.4	2467	2482	1.01	51	1407	72.1	47.2	102	36	 	 
25:17	24:04	09:40:28	7.3	3.4	40.8	3206	3075	0.96	57	1587	89.8	34.2	100	38	 	 
25:18	24:05	09:40:29	7.3	3.4	31.7	2491	2558	1.03	61	1321	80.1	41.4	102	36	 	 
25:20	24:07	09:40:31	7.3	3.4	33.9	2664	2678	1.01	59	1407	82.8	39.4	99	38	 	 
25:21	24:08	09:40:32	7.5	3.4	31.8	2499	2422	0.97	46	1571	72.0	47.3	101	37	 	 
25:22	24:09	09:40:33	7.3	3.5	39.7	3121	2887	0.93	52	1610	84.0	38.5	99	38	 	 
25:23	24:10	09:40:34	7.4	3.5	35.4	2778	2682	0.97	45	1701	76.7	43.8	98	39	 	 
25:25	24:12	09:40:36	7.5	3.5	36.5	2870	2622	0.91	43	1764	76.1	44.3	98	39	 	 
25:26	24:13	09:40:37	7.3	3.5	34.9	2742	2672	0.97	45	1691	76.3	44.2	98	39	 	 
25:27	24:14	09:40:38	7.4	3.5	31.8	2501	2520	1.01	48	1541	74.0	45.8	101	37	 	 
25:29	24:16	09:40:40	7.4	3.5	35.0	2750	2478	0.90	41	1572	64.6	52.7	95	41	 	 
25:30	24:17	09:40:41	7.4	3.5	37.3	2929	2739	0.94	51	1531	77.9	43.0	99	39	 	 
25:31	24:18	09:40:42	7.3	3.8	41.2	3235	3032	0.94	50	1779	88.9	34.9	100	38	 	 
25:32	24:19	09:40:43	7.5	3.9	33.7	2649	2712	1.02	46	1713	79.1	42.1	102	36	 	 
25:34	24:21	09:40:45	7.3	3.9	35.0	2749	2927	1.06	53	1546	82.1	39.9	99	38	 	 
25:35	24:22	09:40:46	7.4	3.9	34.7	2725	2670	0.98	52	1545	80.6	41.0	102	36	 	 
25:36	24:23	09:40:47	7.3	3.9	36.1	2836	2783	0.98	52	1579	81.7	40.2	100	37	 	 
25:37	24:24	09:40:48	7.5	3.9	37.8	2973	2843	0.96	53	1575	83.7	38.8	100	38	 	 
25:38	24:25	09:40:49	7.4	3.9	33.6	2639	2571	0.97	48	1518	73.5	46.2	98	39	 	 
25:39	24:26	09:40:50	7.4	3.9	41.2	3234	3102	0.96	54	1664	89.1	34.8	99	38	 	 
25:41	24:28	09:40:52	7.3	3.9	30.9	2427	2520	1.04	48	1596	76.6	43.9	101	37	 	 
25:42	24:29	09:40:53	7.4	3.9	35.1	2757	2704	0.98	35	2157	75.2	44.9	98	40	 	 
25:43	24:30	09:40:54	7.3	3.9	34.1	2675	2707	1.01	57	1403	80.1	41.3	99	39	 	 
25:44	24:31	09:40:55	7.4	3.9	34.2	2686	2521	0.94	53	1369	72.7	46.8	99	38	 	 
25:46	24:33	09:40:57	7.5	4.4	36.7	2883	2786	0.97	51	1565	80.2	41.3	98	39	 	 
25:47	24:34	09:40:58	7.3	4.7	40.0	3139	3070	0.98	56	1640	92.0	32.7	101	37	 	 
25:48	24:35	09:40:59	7.5	4.7	38.3	3011	2916	0.97	58	1480	85.4	37.5	101	37	 	 
25:49	24:36	09:41:00	7.3	4.7	31.7	2493	2479	0.99	50	1443	72.8	46.7	102	37	 	 
25:50	24:37	09:41:01	7.4	4.7	37.7	2960	2941	0.99	55	1514	83.4	39.0	100	37	 	 
25:51	24:38	09:41:02	7.3	4.7	40.2	3162	3093	0.98	54	1615	87.3	36.1	99	38	 	 
25:52	24:39	09:41:03	7.3	4.7	39.0	3061	3090	1.01	57	1617	92.4	32.4	102	37	 	 
25:53	24:40	09:41:04	7.4	4.7	33.7	2646	2720	1.03	48	1656	79.5	41.8	100	38	 	 
25:55	24:42	09:41:06	7.4	4.7	37.0	2903	2835	0.98	50	1635	82.4	39.6	101	38	 	 
25:56	24:43	09:41:07	7.3	4.7	37.5	2946	2878	0.98	46	1808	82.8	39.4	100	38	 	 
25:57	24:44	09:41:08	7.5	4.7	35.8	2812	2817	1.00	50	1621	80.4	41.1	100	39	 	 
25:59	24:46	09:41:10	7.3	4.7	35.8	2815	2891	1.03	44	1847	82.1	39.9	99	39	 	 
26:00	24:47	09:41:11	7.4	4.7	38.4	3013	2996	0.99	56	1574	87.5	36.0	100	38	 	 
26:01	24:48	09:41:12	7.3	4.7	33.0	2595	2624	1.01	49	1585	77.3	43.4	102	37	 	 
26:02	24:49	09:41:13	7.5	4.7	38.9	3060	2951	0.96	49	1712	83.5	38.9	100	39	 	 
26:03	24:50	09:41:14	7.3	4.7	37.0	2904	2829	0.97	49	1665	81.9	40.0	100	38	 	 
26:04	24:51	09:41:15	7.3	4.7	35.1	2761	2727	0.99	53	1521	80.0	41.4	101	38	 	 
26:06	24:53	09:41:17	7.4	4.7	39.8	3125	2978	0.95	50	1714	85.7	37.3	99	39	 	 
26:07	24:54	09:41:18	7.4	4.7	34.3	2697	2786	1.03	49	1680	82.6	39.5	102	37	 	 
26:08	24:55	09:41:19	7.5	4.7	37.6	2952	2916	0.99	53	1607	85.3	37.5	100	39	 	 
26:10	24:57	09:41:21	7.3	4.7	37.0	2910	2892	0.99	33	2354	78.5	42.6	98	40	 	 
26:11	24:58	09:41:22	7.4	4.7	32.9	2584	2638	1.02	50	1496	74.2	45.7	101	38	 	 
26:12	24:59	09:41:23	7.3	4.7	42.3	3320	3177	0.96	58	1573	90.7	33.6	99	39	 	 
26:13	25:00	09:41:24	7.3	4.7	40.3	3165	3195	1.01	56	1617	90.7	33.6	101	38	 	 
26:14	25:01	09:41:25	7.4	4.7	32.2	2527	2628	1.04	50	1582	79.8	41.6	103	37	 	 
26:15	25:02	09:41:26	7.4	4.7	38.1	2997	2924	0.98	54	1557	84.2	38.4	100	39	 	 
26:16	25:03	09:41:27	7.3	5.2	38.5	3025	3083	1.02	61	1534	93.0	32.0	101	38	 	 
26:17	25:04	09:41:28	7.3	5.6	30.8	2417	2535	1.05	60	1310	78.6	42.5	102	37	 	 
26:18	25:05	09:41:29	7.5	5.6	37.1	2914	3025	1.04	58	1448	84.3	38.3	99	40	 	 
26:20	25:07	09:41:31	7.3	5.6	35.2	2766	2862	1.03	50	1647	81.7	40.2	102	37	 	 
26:21	25:08	09:41:32	7.4	5.6	41.3	3242	3124	0.96	53	1661	88.2	35.4	99	39	 	 
26:22	25:09	09:41:33	7.4	5.6	37.3	2931	3016	1.03	50	1784	89.2	34.7	103	37	 	 
26:23	25:10	09:41:34	7.3	5.6	39.5	3103	3165	1.02	53	1703	90.4	33.8	100	39	 	 
26:24	25:11	09:41:35	7.5	5.6	36.5	2869	2886	1.01	57	1556	88.0	35.5	102	38	 	 
26:25	25:12	09:41:36	7.3	5.6	39.8	3127	3287	1.05	58	1621	94.4	30.9	102	38	 	 
26:26	25:13	09:41:37	7.4	5.6	33.8	2652	2871	1.08	50	1685	84.3	38.3	104	36	 	 
26:28	25:15	09:41:39	7.3	5.6	41.7	3276	3343	1.02	53	1802	95.7	30.0	101	38	 	 
26:29	25:16	09:41:40	7.5	5.6	35.6	2793	3040	1.09	55	1652	91.0	33.4	103	37	 	 
26:30	25:17	09:41:41	7.3	5.6	36.5	2867	3077	1.07	51	1709	86.9	36.4	101	39	 	 
26:31	25:18	09:41:42	7.5	5.6	36.1	2834	3011	1.06	56	1601	88.9	34.9	102	38	 	 
26:32	25:19	09:41:43	7.3	6.0	37.4	2936	3114	1.06	62	1545	95.5	30.1	102	38	 	 
26:33	25:20	09:41:44	7.3	6.0	36.5	2869	2959	1.03	59	1544	91.7	32.8	103	37	 	 
26:34	25:21	09:41:45	7.4	6.0	37.6	2954	3097	1.05	54	1669	89.4	34.6	102	38	 	 
26:35	25:22	09:41:46	7.4	6.0	37.2	2920	3094	1.06	51	1698	86.3	36.8	100	39	 	 
26:36	25:23	09:41:47	7.3	6.0	39.9	3137	3286	1.05	54	1781	95.4	30.1	102	38	 	 
26:38	25:25	09:41:49	7.5	6.0	37.3	2927	3087	1.05	48	1862	90.1	34.1	102	38	 	 
26:39	25:26	09:41:50	7.3	6.0	37.0	2903	2972	1.02	58	1557	90.7	33.6	102	38	 	 
26:40	25:27	09:41:51	7.5	6.0	35.1	2756	3015	1.09	59	1490	87.6	35.9	103	38	 	 
26:41	25:28	09:41:52	7.3	6.0	39.6	3108	3273	1.05	60	1591	95.4	30.1	102	38	 	 
26:42	25:29	09:41:53	7.4	6.0	36.4	2859	3209	1.12	55	1741	95.8	29.8	103	37	 	 
26:43	25:30	09:41:54	7.4	6.0	34.5	2709	2648	0.98	39	1759	69.0	49.5	97	42	 	 
26:44	25:31	09:41:55	7.3	6.0	40.8	3206	3304	1.03	54	1679	90.0	34.1	100	39	 	 
26:45	25:32	09:41:56	7.5	6.2	37.2	2924	3179	1.09	51	1685	85.7	37.3	99	40	 	 
26:47	25:34	09:41:58	7.3	6.5	40.4	3171	3344	1.05	56	1762	98.8	27.7	102	38	 	 
26:48	25:35	09:41:59	7.5	6.5	39.9	3134	3333	1.06	57	1696	96.9	29.0	103	38	 	 
26:49	25:36	09:42:00	7.3	6.5	37.6	2954	3243	1.10	48	1873	89.2	34.7	100	40	 	 
26:50	25:37	09:42:01	7.4	6.5	39.5	3101	3209	1.03	53	1716	90.3	33.9	101	39	 	 
26:51	25:38	09:42:02	7.4	6.5	36.1	2840	3086	1.09	50	1720	86.0	37.0	100	39	 	 
26:53	25:40	09:42:04	7.3	6.5	37.3	2930	3014	1.03	35	2311	80.2	41.3	99	41	 	 
26:54	25:41	09:42:05	7.5	6.5	42.8	3362	3477	1.03	57	1645	94.0	31.2	100	40	 	 
26:55	25:42	09:42:06	7.3	6.5	41.5	3262	3490	1.07	61	1660	100.6	26.4	102	39	 	 
26:56	25:43	09:42:07	7.5	6.5	36.8	2892	3395	1.17	61	1587	97.1	28.9	103	38	 	 
26:57	25:44	09:42:08	7.3	6.5	42.0	3300	3549	1.08	60	1674	100.4	26.5	102	38	 	 
26:58	25:45	09:42:09	7.4	6.5	40.3	3166	3497	1.10	57	1773	101.3	25.8	103	37	 	 
26:59	25:46	09:42:10	7.4	6.5	33.3	2618	2910	1.11	51	1690	85.9	37.1	105	37	 	 
27:00	25:47	09:42:11	7.3	6.5	38.8	3045	3347	1.10	57	1700	96.2	29.6	101	40	 	 
27:01	25:48	09:42:12	7.3	7.0	38.9	3058	3419	1.12	58	1734	100.0	26.8	101	39	 	 
27:02	25:49	09:42:13	7.5	7.1	38.0	2984	3269	1.10	60	1619	97.2	28.9	103	38	 	 
27:03	25:50	09:42:14	7.3	7.1	38.2	2999	3303	1.10	63	1627	101.7	25.5	104	37	 	 
27:04	25:51	09:42:15	7.3	7.1	37.1	2917	3099	1.06	59	1534	90.2	34.0	103	38	 	 
27:05	25:52	09:42:16	7.3	7.1	39.9	3135	3322	1.06	60	1654	99.3	27.3	102	39	 	 
27:06	25:53	09:42:17	7.3	7.1	39.2	3081	3295	1.07	58	1697	97.9	28.3	103	38	 	 
27:07	25:54	09:42:18	7.5	7.1	40.3	3170	3455	1.09	58	1775	103.4	24.3	104	37	 	 
27:08	25:55	09:42:19	7.5	7.1	38.5	3025	3381	1.12	59	1673	98.4	28.0	104	37	 	 
27:09	25:56	09:42:20	7.3	7.1	39.5	3103	3547	1.14	59	1718	102.0	25.3	103	38	 	 
27:10	25:57	09:42:21	7.4	7.1	38.4	3019	3343	1.11	59	1666	99.0	27.5	104	37	 	 
27:12	25:59	09:42:23	7.3	7.1	37.5	2945	3290	1.12	47	2018	94.6	30.7	103	38	 	 
27:13	26:00	09:42:24	7.5	7.1	39.6	3112	3413	1.10	58	1735	101.1	26.0	103	38	 	 
27:14	26:01	09:42:25	7.5	7.1	37.0	2910	3304	1.14	61	1638	99.3	27.3	104	38	 	 
27:15	26:02	09:42:26	7.3	7.1	39.0	3065	3427	1.12	60	1740	104.4	23.6	104	38	 	 
27:16	26:03	09:42:27	7.3	7.3	36.9	2903	3241	1.12	59	1672	99.3	27.3	105	37	 	 
27:17	26:04	09:42:28	7.5	7.7	40.2	3155	3752	1.19	59	1840	108.3	20.7	105	37	 	 
27:18	26:05	09:42:29	7.4	7.7	38.1	2992	3467	1.16	61	1642	100.5	26.4	105	37	 	 
27:19	26:06	09:42:30	7.5	7.7	38.6	3032	3494	1.15	57	1784	101.0	26.1	104	38	 	 
27:20	26:07	09:42:31	7.3	7.7	36.9	2897	3401	1.17	50	1892	95.4	30.2	102	39	 	 
27:21	26:08	09:42:32	7.4	7.7	39.7	3117	3748	1.20	56	1866	103.7	24.1	103	39	 	 
27:22	26:09	09:42:33	7.5	7.7	41.1	3231	3637	1.13	59	1806	106.2	22.2	104	38	 	 
27:23	26:10	09:42:34	7.4	7.7	33.8	2658	3086	1.16	52	1825	94.4	30.9	106	36	 	 
27:24	26:11	09:42:35	7.4	7.7	40.6	3187	3645	1.14	58	1772	103.2	24.4	102	39	 	 
27:25	26:12	09:42:36	7.4	7.7	42.5	3340	3805	1.14	56	1944	108.0	20.9	103	39	 	 
27:26	26:13	09:42:37	7.4	7.7	35.1	2759	3162	1.15	54	1708	92.3	32.4	103	38	 	 
27:28	26:15	09:42:39	7.3	7.7	37.9	2975	3278	1.10	41	2122	87.8	35.7	101	40	 	 
27:29	26:16	09:42:40	7.4	7.7	41.0	3221	3616	1.12	57	1820	103.0	24.6	101	40	 	 
27:30	26:17	09:42:41	7.3	7.7	39.7	3116	3590	1.15	59	1824	107.3	21.5	103	38	 	 
27:31	26:18	09:42:42	7.5	7.7	37.7	2964	3430	1.16	61	1709	103.5	24.2	104	38	 	 
27:32	26:19	09:42:43	7.3	7.7	38.5	3026	3531	1.17	57	1879	106.3	22.2	105	38	 	 
27:33	26:20	09:42:44	7.4	7.7	37.4	2942	3540	1.20	61	1780	107.9	21.0	105	38	 	 
27:34	26:21	09:42:45	7.3	7.7	39.9	3138	3688	1.18	58	1929	112.4	17.7	105	37	 	 
27:35	26:22	09:42:46	7.5	7.7	37.6	2951	3451	1.17	54	1936	104.6	23.4	106	37	 	 
27:36	26:23	09:42:47	7.3	7.7	40.1	3152	3586	1.14	49	2118	104.2	23.7	104	38	 	 
27:37	26:24	09:42:48	7.3	7.7	40.2	3161	3755	1.19	61	1868	113.2	17.1	104	38	 	 
27:38	26:25	09:42:49	7.5	7.7	38.5	3028	3559	1.18	59	1825	108.4	20.6	105	38	 	 
27:39	26:26	09:42:50	7.3	7.7	39.3	3086	3579	1.16	61	1772	108.5	20.6	104	38	 	 
27:40	26:27	09:42:51	7.4	7.7	36.5	2871	3587	1.25	59	1815	106.8	21.8	105	38	 	 
27:41	26:28	09:42:52	7.3	7.7	39.0	3063	3772	1.23	57	1956	110.7	19.0	106	37	 	 
27:42	26:29	09:42:53	7.3	7.7	38.2	3001	3622	1.21	59	1818	108.0	20.9	106	37	 	 
27:43	26:30	09:42:54	7.3	7.7	42.3	3324	3966	1.19	59	2006	119.2	12.7	106	37	 	 
27:44	26:31	09:42:55	7.3	7.7	37.2	2919	3525	1.21	59	1870	110.0	19.5	107	36	 	 
27:45	26:32	09:42:56	7.3	7.7	36.9	2898	3648	1.26	63	1731	109.3	20.0	106	37	 	 
27:46	26:33	09:42:57	7.5	8.4	40.1	3150	3682	1.17	62	1816	112.3	17.8	105	38	 	 
27:47	26:34	09:42:58	7.3	8.5	40.9	3213	3813	1.19	61	1851	112.2	17.9	105	38	 	 
27:48	26:35	09:42:59	7.4	8.5	39.0	3062	3680	1.20	59	1915	113.7	16.7	106	37	 	 
27:49	26:36	09:43:00	7.4	8.5	23.2	1819	3798	2.09	61	1890	114.6	16.1	106	38	 	 
27:50	26:37	09:43:01	7.4	8.5	37.8	2972	3642	1.23	61	1828	110.8	18.9	105	38	 	 
27:51	26:38	09:43:02	7.4	8.5	37.7	2964	3678	1.24	60	1838	110.3	19.3	105	38	 	 
27:53	26:40	09:43:04	7.3	8.5	39.9	3132	3617	1.15	44	2368	104.5	23.5	104	38	 	 
27:54	26:41	09:43:05	7.4	8.5	39.0	3062	3719	1.21	59	1867	110.9	18.8	105	38	 	 
27:55	26:42	09:43:06	7.4	8.5	36.4	2856	3691	1.29	59	1870	111.1	18.7	105	38	 	 
27:56	26:43	09:43:07	7.4	8.5	38.0	2984	3699	1.24	61	1845	111.8	18.1	105	38	 	 
27:57	26:44	09:43:08	7.3	8.5	37.0	2905	3660	1.26	60	1815	108.9	20.3	104	39	 	 
27:58	26:45	09:43:09	7.5	8.5	36.2	2847	3537	1.24	58	1781	103.8	24.0	104	39	 	 
27:59	26:46	09:43:10	7.5	8.5	37.7	2962	3622	1.22	59	1858	110.4	19.2	105	38	 	 
28:00	26:47	09:43:11	7.4	8.5	37.9	2979	3462	1.16	59	1784	104.9	23.2	106	38	 	 
28:01	26:48	09:43:12	7.4	8.7	39.2	3078	3790	1.23	61	1882	114.0	16.5	105	38	 	 
