Time	Ex Time	Time (Clock)	Speed	Grade	VO2	VO2	VCO2	RER	RR	Vt BTPS	VE BTPS	BR	PETO2	PETCO2	HR	HRR
(min)	(min)	(Clock)	(MPH)	(%)	(mL/kg/min)	(mL/min)	(mL/min)		(br/min)	(mL)	(L/min)	(%)	(mmHg)	(mmHg)	(BPM)	(%)
0:15	 	12:53:38	0.0	300.1	8.4	545	397	0.73	20	684	14.0	92.2	99	36	 	 
0:20	 	12:53:43	0.0	300.1	5.5	361	256	0.71	12	640	7.7	95.7	92	40	 	 
0:23	 	12:53:46	0.0	300.1	11.9	778	535	0.69	18	917	16.6	90.7	93	38	 	 
0:27	 	12:53:50	0.0	300.1	13.5	880	638	0.72	17	1141	19.3	89.2	98	36	 	 
0:36	0:02	12:53:59	2.8	0.9	6.9	450	332	0.74	7	1506	10.4	94.2	93	39	 	 
0:42	0:08	12:54:05	3.0	0.9	8.1	526	363	0.69	11	951	10.1	94.4	84	43	 	 
0:44	0:10	12:54:07	3.0	0.9	16.2	1059	684	0.65	21	931	19.4	89.2	85	41	 	 
0:49	0:15	12:54:12	3.0	0.9	19.2	1254	873	0.70	12	2076	25.6	85.7	95	37	 	 
0:55	0:21	12:54:18	3.0	0.9	7.6	494	329	0.67	11	795	8.8	95.1	84	43	 	 
0:58	0:24	12:54:21	3.0	0.9	19.0	1237	786	0.64	18	1166	21.3	88.1	87	40	 	 
1:01	0:27	12:54:24	3.0	0.9	18.4	1199	808	0.67	18	1243	21.9	87.8	90	39	 	 
1:07	0:33	12:54:30	3.0	0.9	8.6	563	382	0.68	11	916	10.3	94.2	84	43	 	 
1:10	0:36	12:54:33	3.0	0.9	17.5	1140	782	0.69	18	1169	21.4	88.0	91	39	 	 
1:13	0:39	12:54:36	3.0	0.9	13.5	880	611	0.69	18	1042	19.2	89.2	93	38	 	 
1:17	0:43	12:54:40	3.0	0.9	10.2	666	462	0.69	15	860	12.6	93.0	91	40	 	 
1:20	0:46	12:54:43	3.0	0.9	13.8	902	626	0.69	23	837	19.3	89.2	91	40	 	 
1:26	0:52	12:54:49	2.9	0.9	8.8	573	389	0.68	9	1086	10.1	94.3	82	44	 	 
1:31	0:57	12:54:54	3.0	0.9	17.2	1122	734	0.65	15	1305	19.0	89.4	86	41	 	 
1:35	1:01	12:54:58	5.2	0.9	4.3	284	194	0.68	13	519	6.5	96.4	91	40	 	 
1:37	1:03	12:55:00	6.2	0.9	44.9	2931	2003	0.68	35	1598	55.4	69.0	92	38	 	 
1:40	1:06	12:55:03	7.6	0.9	22.9	1493	1064	0.71	23	1319	30.0	83.2	96	37	 	 
1:45	1:11	12:55:08	7.3	0.9	13.2	861	597	0.69	12	1314	15.8	91.2	85	44	 	 
1:47	1:13	12:55:10	7.5	0.9	28.9	1887	1245	0.66	31	1176	36.2	79.8	89	40	 	 
1:49	1:15	12:55:12	7.4	0.9	29.4	1915	1305	0.68	22	1686	36.5	79.6	94	38	 	 
1:52	1:18	12:55:15	7.4	0.9	25.1	1634	1158	0.71	22	1559	34.9	80.5	97	36	 	 
1:56	1:22	12:55:19	7.3	0.9	18.6	1211	855	0.71	15	1458	22.3	87.5	89	41	 	 
1:58	1:24	12:55:21	7.5	0.9	17.2	1122	755	0.67	30	879	26.4	85.3	93	38	 	 
2:00	1:26	12:55:23	7.3	0.9	35.8	2338	1562	0.67	39	1094	42.6	76.2	88	40	 	 
2:02	1:28	12:55:25	7.3	0.9	33.6	2193	1428	0.65	26	1528	39.5	77.9	88	39	 	 
2:04	1:30	12:55:27	7.4	0.9	38.7	2527	1606	0.64	34	1293	44.3	75.2	85	40	 	 
2:08	1:34	12:55:31	7.3	0.9	19.9	1300	812	0.62	14	1478	20.4	88.6	80	43	 	 
2:10	1:36	12:55:33	7.3	0.9	40.2	2622	1572	0.60	28	1561	44.0	75.4	85	40	 	 
2:13	1:39	12:55:36	7.4	0.9	44.2	2882	1898	0.66	20	2703	53.4	70.2	90	38	 	 
2:16	1:42	12:55:39	7.5	0.9	36.5	2383	1566	0.66	21	1979	42.3	76.4	88	41	 	 
2:19	1:45	12:55:42	7.4	0.9	32.3	2108	1392	0.66	24	1702	40.7	77.3	92	38	 	 
2:20	1:46	12:55:43	7.4	0.9	39.5	2579	1722	0.67	35	1431	49.9	72.1	90	39	 	 
2:22	1:48	12:55:45	7.3	0.9	31.2	2037	1338	0.66	45	931	42.3	76.3	90	39	 	 
2:26	1:52	12:55:49	7.4	0.9	33.1	2159	1420	0.66	15	2308	34.8	80.6	84	43	 	 
2:28	1:54	12:55:51	7.4	0.9	43.9	2863	1911	0.67	24	2032	49.6	72.3	87	41	 	 
2:30	1:56	12:55:53	7.3	0.9	46.0	3002	2116	0.70	26	2252	57.5	67.9	93	39	 	 
2:33	1:59	12:55:56	7.3	0.9	43.1	2810	2099	0.75	20	2921	58.6	67.2	95	39	 	 
2:37	2:03	12:56:00	7.4	0.9	24.6	1603	1112	0.69	15	1682	25.6	85.7	80	47	 	 
2:39	2:05	12:56:02	7.5	0.9	54.4	3549	2449	0.69	29	2140	62.0	65.3	88	42	 	 
2:42	2:08	12:56:05	7.4	0.9	49.0	3195	2333	0.73	22	2937	64.3	64.0	94	39	 	 
2:44	2:10	12:56:07	7.4	0.9	41.0	2677	2011	0.75	28	2050	57.7	67.7	96	39	 	 
2:48	2:14	12:56:11	7.4	0.9	28.9	1883	1368	0.73	16	1958	30.8	82.8	84	46	 	 
2:50	2:16	12:56:13	7.3	0.9	51.9	3386	2401	0.71	27	2290	62.2	65.2	91	41	 	 
2:53	2:19	12:56:16	7.3	0.9	51.3	3349	2552	0.76	25	2783	68.7	61.6	95	39	 	 
2:56	2:22	12:56:19	7.3	0.9	25.7	1679	1227	0.73	19	1553	29.6	83.5	89	43	 	 
2:58	2:24	12:56:21	7.5	0.9	52.1	3399	2520	0.74	29	2206	64.9	63.7	91	41	 	 
3:01	2:27	12:56:24	7.4	0.9	49.7	3244	2517	0.78	22	3056	67.9	62.0	95	40	 	 
3:04	2:30	12:56:27	7.5	0.9	30.1	1963	1479	0.75	18	1908	34.0	81.0	88	45	 	 
3:06	2:32	12:56:29	7.4	0.9	50.9	3321	2503	0.75	32	2109	66.6	62.8	93	41	 	 
3:08	2:34	12:56:31	7.4	0.9	45.7	2978	2326	0.78	28	2360	65.5	63.4	97	39	 	 
3:12	2:38	12:56:35	7.4	0.9	35.8	2333	1822	0.78	17	2580	43.7	75.6	89	45	 	 
3:14	2:40	12:56:37	7.4	0.9	47.8	3121	2412	0.77	28	2172	60.9	65.9	94	41	 	 
3:16	2:42	12:56:39	7.4	0.9	50.3	3279	2612	0.80	27	2606	70.7	60.4	96	40	 	 
3:19	2:45	12:56:42	7.4	0.9	31.2	2033	1565	0.77	19	1967	36.5	79.6	89	45	 	 
3:21	2:47	12:56:44	7.5	0.9	55.7	3635	2811	0.77	30	2451	73.2	59.1	92	42	 	 
3:24	2:50	12:56:47	7.3	0.9	45.1	2940	2380	0.81	26	2488	64.1	64.2	95	41	 	 
3:25	2:51	12:56:48	7.3	0.9	44.5	2905	2351	0.81	31	2073	63.8	64.3	97	40	 	 
3:29	2:55	12:56:52	7.3	0.9	29.8	1944	1500	0.77	18	1885	34.1	80.9	88	46	 	 
3:31	2:57	12:56:54	7.4	0.9	58.3	3803	2939	0.77	33	2204	73.0	59.2	91	43	 	 
3:33	2:59	12:56:56	7.5	0.9	47.3	3083	2434	0.79	30	2163	64.9	63.7	95	41	 	 
3:35	3:01	12:56:58	7.3	0.9	38.6	2515	2039	0.81	25	2115	52.9	70.4	96	41	 	 
3:37	3:03	12:57:00	7.4	0.9	42.1	2748	2274	0.83	26	2413	61.6	65.6	97	40	 	 
3:40	3:06	12:57:03	7.4	0.9	46.7	3047	2495	0.82	28	2414	67.1	62.5	97	40	 	 
3:43	3:09	12:57:06	7.4	0.9	30.7	2004	1585	0.79	19	1951	36.5	79.6	89	46	 	 
3:45	3:11	12:57:08	7.3	0.9	52.9	3451	2778	0.80	29	2432	71.2	60.2	94	42	 	 
3:48	3:14	12:57:11	7.4	0.9	40.8	2661	2303	0.87	20	3077	61.1	65.8	99	40	 	 
3:50	3:16	12:57:13	7.3	0.9	46.3	3020	2467	0.82	33	1986	64.8	63.8	96	41	 	 
3:53	3:19	12:57:16	7.3	0.9	30.2	1970	1526	0.77	19	1828	34.5	80.7	87	46	 	 
3:55	3:21	12:57:18	7.3	0.9	52.5	3425	2733	0.80	31	2222	68.0	62.0	92	43	 	 
3:57	3:23	12:57:20	7.3	0.9	49.2	3206	2562	0.80	30	2244	68.3	61.8	95	41	 	 
4:00	3:26	12:57:23	7.3	0.9	31.6	2063	1659	0.80	19	2052	38.1	78.7	91	45	 	 
4:02	3:28	12:57:25	7.3	0.9	47.7	3109	2523	0.81	29	2252	65.6	63.3	95	42	 	 
4:04	3:30	12:57:27	7.4	0.9	50.1	3266	2656	0.81	29	2394	70.4	60.6	95	42	 	 
4:06	3:32	12:57:29	7.3	0.9	45.3	2957	2493	0.84	31	2241	68.6	61.6	98	40	 	 
4:10	3:36	12:57:33	7.4	0.9	26.3	1714	1330	0.78	16	1857	29.7	83.4	86	48	 	 
4:11	3:37	12:57:34	7.3	0.9	58.1	3791	3001	0.79	37	2066	76.0	57.5	93	43	 	 
4:14	3:40	12:57:37	7.4	0.9	49.0	3193	2686	0.84	28	2599	72.9	59.3	99	39	 	 
4:16	3:42	12:57:39	7.4	0.9	40.7	2653	2248	0.85	29	2128	62.3	65.2	99	40	 	 
4:19	3:45	12:57:42	7.5	0.9	31.4	2049	1641	0.80	20	1950	38.4	78.6	90	46	 	 
4:21	3:47	12:57:44	7.3	0.9	50.8	3312	2752	0.83	32	2190	69.5	61.1	94	42	 	 
4:23	3:49	12:57:46	7.5	0.9	50.5	3293	2734	0.83	26	2815	72.2	59.7	96	42	 	 
4:25	3:51	12:57:48	7.4	0.9	43.1	2812	2386	0.85	30	2131	64.3	64.1	98	41	 	 
4:28	3:54	12:57:51	7.3	0.9	31.0	2021	1645	0.81	20	1903	37.8	78.9	91	46	 	 
4:30	3:56	12:57:53	7.3	0.9	49.6	3237	2703	0.83	32	2140	69.4	61.2	96	42	 	 
4:32	3:58	12:57:55	7.3	0.9	54.5	3553	2972	0.84	29	2662	77.9	56.4	96	42	 	 
4:34	4:00	12:57:57	7.4	0.9	43.7	2853	2504	0.88	29	2407	70.1	60.8	99	40	 	 
4:36	4:02	12:57:59	7.4	0.9	45.0	2938	2590	0.88	31	2284	69.9	60.9	98	41	 	 
4:38	4:04	12:58:01	7.4	0.9	41.6	2714	2406	0.89	30	2265	69.0	61.4	100	39	 	 
4:40	4:06	12:58:03	7.4	0.9	40.6	2647	2355	0.89	30	2193	65.1	63.6	99	41	 	 
4:42	4:08	12:58:05	7.5	0.9	41.1	2682	2344	0.87	31	1997	62.1	65.3	99	40	 	 
4:44	4:10	12:58:07	7.4	0.9	47.9	3124	2839	0.91	25	3085	76.5	57.2	101	40	 	 
4:47	4:13	12:58:10	7.4	0.9	27.5	1794	1483	0.83	20	1761	35.2	80.3	92	46	 	 
4:49	4:15	12:58:12	7.4	0.9	47.6	3106	2606	0.84	32	2107	68.0	62.0	97	42	 	 
4:51	4:17	12:58:14	7.4	0.9	50.8	3316	2813	0.85	30	2495	75.2	57.9	97	41	 	 
4:53	4:19	12:58:16	7.3	0.9	41.2	2690	2288	0.85	30	2133	63.7	64.4	101	39	 	 
4:56	4:22	12:58:19	7.3	0.9	32.1	2091	1688	0.81	19	2002	37.9	78.8	90	46	 	 
4:58	4:24	12:58:21	7.3	0.9	51.7	3375	2776	0.82	36	2039	73.3	59.0	96	42	 	 
5:00	4:26	12:58:23	7.4	0.9	53.3	3477	2964	0.85	32	2410	77.8	56.5	97	41	 	 
5:02	4:28	12:58:25	7.4	0.9	49.9	3253	2925	0.90	25	3258	82.1	54.1	102	39	 	 
5:04	4:30	12:58:27	7.3	0.9	37.1	2422	2194	0.91	32	2005	63.6	64.4	103	38	 	 
5:06	4:32	12:58:29	7.4	0.9	44.8	2922	2585	0.88	34	2123	72.0	59.8	101	39	 	 
5:09	4:35	12:58:32	7.4	0.9	27.4	1784	1519	0.85	19	1828	35.3	80.3	92	46	 	 
5:11	4:37	12:58:34	7.5	0.9	52.8	3443	2887	0.84	35	2098	73.6	58.8	94	43	 	 
5:12	4:38	12:58:35	7.4	0.9	52.1	3399	2847	0.84	35	2257	78.3	56.2	99	40	 	 
5:14	4:40	12:58:37	7.3	0.9	43.9	2864	2523	0.88	32	2212	70.2	60.7	100	40	 	 
5:16	4:42	12:58:39	7.4	0.9	42.3	2762	2447	0.89	30	2299	68.3	61.8	100	40	 	 
5:18	4:44	12:58:41	7.3	0.9	39.7	2588	2298	0.89	33	1924	62.7	64.9	100	40	 	 
5:21	4:47	12:58:44	7.3	0.9	30.8	2011	1631	0.81	19	1865	36.3	79.7	88	47	 	 
5:23	4:49	12:58:46	7.3	0.9	52.8	3447	2853	0.83	34	2156	74.3	58.4	96	42	 	 
5:25	4:51	12:58:48	7.3	0.9	45.6	2975	2571	0.86	23	3029	71.0	60.3	101	39	 	 
5:28	4:54	12:58:51	7.3	0.9	39.3	2562	2199	0.86	26	2251	57.7	67.7	97	42	 	 
5:30	4:56	12:58:53	7.4	0.9	43.4	2829	2378	0.84	29	2135	61.9	65.4	96	42	 	 
5:32	4:58	12:58:55	7.3	0.9	44.8	2919	2514	0.86	27	2505	67.7	62.1	98	41	 	 
5:35	5:01	12:58:58	7.3	0.9	29.8	1945	1600	0.82	19	1898	36.2	79.8	91	46	 	 
5:37	5:03	12:59:00	7.4	0.9	53.7	3506	2892	0.82	34	2239	75.9	57.6	97	41	 	 
5:39	5:05	12:59:02	7.3	0.9	41.4	2701	2251	0.83	30	2015	60.1	66.4	97	41	 	 
5:41	5:07	12:59:04	7.4	0.9	49.5	3230	2766	0.86	29	2610	75.3	57.9	99	40	 	 
5:45	5:11	12:59:08	7.3	0.9	26.6	1732	1386	0.80	16	1920	30.2	83.1	86	49	 	 
5:47	5:13	12:59:10	7.4	0.9	58.5	3813	3041	0.80	36	2076	73.7	58.8	90	44	 	 
5:48	5:14	12:59:11	7.3	0.9	54.9	3579	2934	0.82	32	2399	77.0	57.0	98	40	 	 
5:50	5:16	12:59:13	7.5	0.9	46.4	3025	2581	0.85	34	2211	74.1	58.6	100	39	 	 
5:52	5:18	12:59:15	7.4	0.9	46.1	3005	2608	0.87	36	2107	75.3	57.9	101	39	 	 
5:54	5:20	12:59:17	7.4	0.9	42.2	2754	2485	0.90	32	2177	68.7	61.6	99	41	 	 
5:56	5:22	12:59:19	7.4	0.9	43.8	2856	2548	0.89	30	2335	70.0	60.8	99	41	 	 
5:58	5:24	12:59:21	7.4	0.9	39.9	2602	2326	0.89	30	2089	63.3	64.6	99	41	 	 
6:00	5:26	12:59:23	7.4	0.9	43.2	2818	2485	0.88	30	2227	65.8	63.2	98	41	 	 
6:04	5:30	12:59:27	7.4	0.9	25.6	1671	1346	0.81	16	1799	29.4	83.6	85	49	 	 
6:05	5:31	12:59:28	7.5	0.9	59.6	3886	3170	0.82	37	2159	80.0	55.3	92	43	 	 
6:08	5:34	12:59:31	7.3	0.9	47.6	3106	2713	0.87	23	3253	73.4	59.0	99	40	 	 
6:09	5:35	12:59:32	7.4	0.9	44.6	2910	2594	0.89	36	2007	72.5	59.4	100	40	 	 
6:11	5:37	12:59:34	7.4	0.9	47.7	3114	2697	0.87	42	1784	74.8	58.2	99	40	 	 
6:13	5:39	12:59:36	7.3	0.9	40.2	2620	2310	0.88	33	2002	66.0	63.1	102	39	 	 
6:16	5:42	12:59:39	7.3	0.9	30.3	1976	1635	0.83	18	2057	36.1	79.8	87	48	 	 
6:18	5:44	12:59:41	7.4	0.9	52.2	3406	2791	0.82	42	1768	74.2	58.5	96	42	 	 
6:19	5:45	12:59:42	7.3	0.9	45.3	2954	2515	0.85	42	1580	66.8	62.7	97	41	 	 
6:21	5:47	12:59:44	7.4	0.9	48.4	3154	2698	0.86	34	2164	73.0	59.2	99	40	 	 
6:23	5:49	12:59:46	7.4	0.9	41.8	2723	2299	0.84	29	2092	60.9	65.9	97	42	 	 
6:25	5:51	12:59:48	7.4	0.9	46.1	3005	2537	0.84	30	2191	66.7	62.7	96	42	 	 
6:27	5:53	12:59:50	7.5	0.9	43.6	2841	2436	0.86	36	1949	69.2	61.3	100	40	 	 
6:28	5:54	12:59:51	7.3	0.9	47.6	3106	2730	0.88	36	2089	74.6	58.3	100	40	 	 
6:30	5:56	12:59:53	7.4	0.9	41.6	2714	2406	0.89	31	2108	65.9	63.2	99	41	 	 
6:32	5:58	12:59:55	7.3	0.9	40.3	2626	2288	0.87	31	2032	62.9	64.9	100	40	 	 
6:35	6:01	12:59:58	4.2	0.9	25.9	1690	1337	0.79	19	1619	30.1	83.2	86	48	 	 
6:37	6:03	13:00:00	3.0	0.9	45.3	2957	2454	0.83	32	1943	63.0	64.8	93	43	 	 
6:39	6:05	13:00:02	2.8	0.9	43.6	2847	2448	0.86	26	2580	67.9	62.0	100	39	 	 
6:41	6:07	13:00:04	2.9	0.9	34.9	2279	2017	0.89	31	1837	56.2	68.6	101	39	 	 
6:43	6:09	13:00:06	3.0	0.9	34.4	2244	1985	0.88	34	1625	54.8	69.4	99	40	 	 
6:45	6:11	13:00:08	2.9	0.9	31.8	2076	1810	0.87	26	1822	46.9	73.8	98	41	 	 
6:49	6:15	13:00:12	3.0	0.9	23.9	1558	1350	0.87	19	1798	33.3	81.4	95	44	 	 
6:51	6:17	13:00:14	2.9	0.9	41.7	2723	2346	0.86	34	1820	61.0	65.9	95	43	 	 
6:52	6:18	13:00:15	3.0	0.9	34.5	2253	1978	0.88	31	1819	56.6	68.4	100	40	 	 
6:54	6:20	13:00:17	3.0	0.9	36.2	2361	2096	0.89	35	1718	59.6	66.7	100	40	 	 
6:58	6:24	13:00:21	3.0	0.9	16.8	1093	932	0.85	17	1317	22.3	87.5	92	46	 	 
7:00	6:26	13:00:23	3.0	0.9	41.4	2701	2262	0.84	30	1985	59.0	67.0	94	43	 	 
7:02	6:28	13:00:25	3.0	0.9	36.7	2394	2048	0.86	33	1699	56.6	68.3	98	41	 	 
7:03	6:29	13:00:26	3.0	0.9	31.8	2075	1814	0.87	32	1603	50.9	71.5	100	40	 	 
7:05	6:31	13:00:28	2.9	0.9	30.9	2017	1810	0.90	30	1731	52.2	70.8	101	40	 	 
7:09	6:35	13:00:32	3.0	0.9	16.9	1102	953	0.87	16	1403	22.6	87.3	92	46	 	 
7:11	6:37	13:00:34	3.0	0.9	33.1	2156	1882	0.87	30	1691	50.2	71.9	97	42	 	 
7:13	6:39	13:00:36	2.9	0.9	32.5	2117	1902	0.90	30	1716	52.0	70.9	101	40	 	 
7:15	6:41	13:00:38	3.0	0.9	28.0	1824	1680	0.92	32	1529	48.5	72.9	102	39	 	 
7:19	6:45	13:00:42	3.0	0.9	17.0	1107	1007	0.91	17	1501	25.1	86.0	97	43	 	 
7:21	6:47	13:00:44	3.0	0.9	21.6	1409	1221	0.87	21	1360	29.0	83.8	96	44	 	 
7:25	6:51	13:00:48	2.9	0.9	18.5	1206	1071	0.89	17	1508	26.2	85.3	96	44	 	 
7:27	6:53	13:00:50	3.0	0.9	33.3	2171	1962	0.90	30	1746	53.2	70.3	101	40	 	 
7:29	6:55	13:00:52	3.0	0.9	25.6	1667	1530	0.92	29	1558	45.6	74.5	102	39	 	 
7:33	6:59	13:00:56	2.9	0.9	15.2	989	904	0.91	16	1375	22.7	87.3	99	43	 	 
7:35	7:01	13:00:58	2.9	0.9	29.3	1909	1794	0.94	30	1653	48.8	72.7	101	41	 	 
7:37	7:03	13:01:00	3.0	0.9	20.9	1363	1296	0.95	24	1471	35.6	80.1	104	39	 	 
7:41	7:07	13:01:04	3.0	0.9	11.5	751	724	0.96	15	1291	18.8	89.5	100	43	 	 
7:43	7:09	13:01:06	2.9	0.9	27.2	1771	1676	0.95	27	1656	45.4	74.6	101	41	 	 
7:47	7:13	13:01:10	3.0	0.9	13.3	868	811	0.93	16	1239	20.1	88.7	99	43	 	 
7:49	7:15	13:01:12	3.0	0.9	24.7	1611	1542	0.96	29	1491	42.8	76.1	101	41	 	 
7:51	7:17	13:01:14	3.0	0.9	24.1	1574	1507	0.96	29	1448	42.4	76.3	102	40	 	 
7:53	7:19	13:01:16	2.9	0.9	21.8	1421	1404	0.99	31	1336	41.3	76.9	106	38	 	 
7:55	7:21	13:01:18	3.0	0.9	20.2	1318	1328	1.01	30	1323	40.1	77.6	108	37	 	 
7:57	7:23	13:01:20	2.9	0.9	17.3	1130	1174	1.04	26	1418	36.5	79.6	109	37	 	 
8:01	7:27	13:01:24	3.0	0.9	10.9	711	744	1.05	16	1334	20.8	88.3	105	40	 	 
8:03	7:29	13:01:26	3.0	0.9	22.6	1477	1513	1.02	32	1396	44.1	75.4	107	38	 	 
8:06	7:32	13:01:29	3.0	0.9	20.2	1316	1405	1.07	23	1867	42.9	76.0	109	37	 	 
8:08	7:34	13:01:31	2.9	0.9	19.5	1271	1425	1.12	23	1847	42.6	76.2	110	37	 	 
8:13	7:39	13:01:36	3.0	0.9	9.5	622	651	1.05	14	1148	16.5	90.8	104	42	 	 
8:15	7:41	13:01:38	3.0	0.9	14.9	975	987	1.01	24	1043	25.4	85.8	103	41	 	 
8:17	7:43	13:01:40	3.0	0.9	19.3	1261	1286	1.02	26	1349	35.7	80.1	104	40	 	 
8:20	7:46	13:01:43	3.0	0.9	17.4	1133	1165	1.03	27	1275	34.2	80.9	106	39	 	 
8:24	7:50	13:01:47	3.0	0.9	8.5	555	554	1.00	14	1089	15.5	91.3	101	43	 	 
8:26	7:52	13:01:49	3.0	0.9	19.4	1263	1207	0.96	23	1440	33.1	81.5	100	42	 	 
8:29	7:55	13:01:52	3.0	0.9	20.3	1322	1304	0.99	20	1867	37.1	79.3	105	39	 	 
8:32	7:58	13:01:55	3.0	0.9	17.6	1151	1148	1.00	25	1358	34.1	80.9	106	38	 	 
8:36	8:02	13:01:59	3.0	0.9	9.9	649	640	0.99	15	1124	16.5	90.8	101	42	 	 
8:39	8:05	13:02:02	2.9	0.9	11.7	762	694	0.91	21	887	18.6	89.6	100	42	 	 
8:44	8:10	13:02:07	3.0	0.9	10.5	684	616	0.90	11	1338	14.9	91.7	94	46	 	 
8:46	8:12	13:02:09	2.9	0.9	25.8	1683	1528	0.91	26	1514	39.5	77.9	98	42	 	 
8:49	8:15	13:02:12	3.0	0.9	23.0	1503	1412	0.94	29	1397	41.1	77.0	103	39	 	 
8:51	8:17	13:02:14	2.9	0.9	15.8	1033	986	0.95	21	1257	26.4	85.3	104	39	 	 
8:56	8:22	13:02:19	2.9	0.9	9.7	635	620	0.98	13	1174	15.1	91.6	100	43	 	 
8:58	8:24	13:02:21	3.0	0.9	22.7	1480	1441	0.97	27	1492	40.0	77.7	102	40	 	 
9:01	8:27	13:02:24	2.9	0.9	16.3	1061	1024	0.97	23	1314	29.7	83.4	105	39	 	 
9:04	8:30	13:02:27	3.0	0.9	17.3	1129	1142	1.01	23	1456	33.2	81.4	106	38	 	 
9:08	8:34	13:02:31	3.0	0.9	10.2	663	660	1.00	15	1158	16.9	90.5	103	41	 	 
9:10	8:36	13:02:33	3.0	0.9	17.6	1150	1113	0.97	24	1236	29.8	83.4	102	41	 	 
9:15	8:41	13:02:38	2.9	0.9	10.1	656	625	0.95	13	1168	15.7	91.2	99	43	 	 
9:17	8:43	13:02:40	3.0	0.9	22.4	1460	1407	0.96	28	1390	38.8	78.3	102	40	 	 
9:19	8:45	13:02:42	3.0	0.9	21.1	1376	1371	1.00	23	1723	39.9	77.7	106	37	 	 
9:24	8:50	13:02:47	2.9	0.9	9.5	617	608	0.99	14	1099	15.4	91.4	102	42	 	 
9:26	8:52	13:02:49	3.0	0.9	19.8	1294	1271	0.98	28	1268	35.2	80.3	103	40	 	 
9:29	8:55	13:02:52	3.0	0.9	18.5	1208	1288	1.07	16	2342	38.5	78.5	110	36	 	 
9:34	9:00	13:02:57	3.4	0.9	7.4	484	481	0.99	14	882	12.4	93.1	101	43	 	 
9:36	9:02	13:02:59	5.2	0.9	24.1	1571	1565	1.00	28	1461	41.5	76.8	101	41	 	 
9:38	9:04	13:03:01	6.3	0.9	27.8	1810	1855	1.02	30	1709	50.8	71.6	105	39	 	 
9:41	9:07	13:03:04	6.3	0.9	16.8	1094	1119	1.02	22	1340	29.9	83.3	105	40	 	 
9:43	9:09	13:03:06	6.3	0.9	21.4	1394	1434	1.03	30	1323	39.5	77.9	105	40	 	 
9:47	9:13	13:03:10	6.2	0.9	11.3	740	732	0.99	13	1377	17.8	90.0	98	45	 	 
9:49	9:15	13:03:12	6.2	0.9	26.9	1756	1669	0.95	29	1505	43.2	75.8	100	42	 	 
9:52	9:18	13:03:15	6.1	0.9	23.6	1538	1526	0.99	20	2173	43.5	75.7	106	38	 	 
9:55	9:21	13:03:18	6.2	0.9	23.2	1512	1493	0.99	26	1626	42.2	76.4	104	39	 	 
9:57	9:23	13:03:20	6.1	0.9	25.6	1673	1603	0.96	29	1572	45.6	74.5	104	38	 	 
9:59	9:25	13:03:22	6.3	0.9	20.0	1302	1233	0.95	27	1342	35.6	80.1	104	38	 	 
10:01	9:27	13:03:24	6.1	0.9	20.8	1354	1247	0.92	30	1186	35.2	80.3	102	39	 	 
10:03	9:29	13:03:26	6.1	0.9	24.5	1601	1409	0.88	30	1284	38.3	78.6	99	40	 	 
10:05	9:31	13:03:28	6.1	0.9	24.4	1589	1441	0.91	29	1376	40.3	77.5	97	41	 	 
10:07	9:33	13:03:30	6.2	0.9	33.4	2180	1824	0.84	28	1752	49.8	72.1	99	39	 	 
10:11	9:37	13:03:34	6.2	0.9	21.4	1398	1100	0.79	17	1533	25.3	85.8	89	45	 	 
10:13	9:39	13:03:36	6.1	0.9	37.0	2416	1875	0.78	29	1701	49.8	72.2	92	42	 	 
10:16	9:42	13:03:39	6.1	0.9	34.7	2261	1864	0.82	19	2703	52.7	70.6	99	39	 	 
10:18	9:44	13:03:41	6.1	0.9	33.0	2153	1732	0.80	26	1875	48.1	73.1	97	39	 	 
10:22	9:48	13:03:45	6.3	0.9	19.5	1270	975	0.77	15	1497	22.9	87.2	89	44	 	 
10:24	9:50	13:03:47	6.3	0.9	45.5	2969	2205	0.74	29	1898	55.3	69.1	88	43	 	 
10:27	9:53	13:03:50	6.2	0.9	39.6	2582	1995	0.77	23	2421	55.2	69.1	96	39	 	 
10:29	9:55	13:03:52	6.2	0.9	35.7	2327	1886	0.81	35	1569	54.4	69.6	96	39	 	 
10:30	9:56	13:03:53	6.1	0.9	39.5	2574	2011	0.78	35	1612	56.9	68.2	96	39	 	 
10:32	9:58	13:03:55	6.1	0.9	29.6	1931	1543	0.80	37	1241	46.2	74.1	100	37	 	 
10:34	10:00	13:03:57	6.1	0.9	35.1	2288	1802	0.79	29	1738	51.1	71.4	97	39	 	 
10:38	10:04	13:04:01	6.3	0.9	25.7	1674	1263	0.75	16	1930	30.0	83.2	88	45	 	 
10:40	10:06	13:04:03	6.2	0.9	36.1	2356	1800	0.76	29	1674	48.3	73.0	94	40	 	 
10:43	10:09	13:04:06	6.2	0.9	36.8	2399	1918	0.80	22	2384	52.4	70.7	97	39	 	 
10:45	10:11	13:04:08	6.1	0.9	39.7	2590	2023	0.78	29	1842	52.6	70.6	94	41	 	 
10:55	10:21	13:04:18	6.2	0.9	36.2	2358	1818	0.77	31	1759	55.0	69.3	100	37	 	 
10:57	10:23	13:04:20	6.1	0.9	36.7	2393	1906	0.80	32	1690	53.4	70.2	98	39	 	 
10:59	10:25	13:04:22	6.1	0.9	37.2	2423	1989	0.82	26	2137	56.2	68.6	99	39	 	 
11:03	10:29	13:04:26	6.1	0.9	22.7	1481	1149	0.78	16	1644	27.0	84.9	87	46	 	 
11:05	10:31	13:04:28	6.1	0.9	46.2	3012	2333	0.77	30	2050	61.8	65.4	92	42	 	 
11:07	10:33	13:04:30	6.1	0.9	43.6	2841	2274	0.80	29	2203	63.5	64.5	96	40	 	 
11:09	10:35	13:04:32	6.1	0.9	37.9	2473	2013	0.81	25	2218	56.4	68.5	96	40	 	 
11:11	10:37	13:04:34	6.2	0.9	32.7	2132	1739	0.82	25	1979	48.7	72.8	96	41	 	 
11:15	10:41	13:04:38	6.2	0.9	21.9	1426	1088	0.76	15	1637	24.6	86.2	84	47	 	 
11:17	10:43	13:04:40	6.3	0.9	49.3	3213	2408	0.75	30	2059	61.2	65.8	88	43	 	 
11:21	10:47	13:04:44	6.1	0.9	39.5	2573	2140	0.83	19	3147	60.1	66.4	97	39	 	 
11:24	10:50	13:04:47	6.1	0.9	20.4	1332	1015	0.76	16	1527	24.2	86.4	88	45	 	 
11:26	10:52	13:04:49	6.1	0.9	51.6	3365	2565	0.76	32	2002	64.6	63.9	90	42	 	 
11:28	10:54	13:04:51	6.2	0.9	47.6	3104	2362	0.76	35	1900	66.3	62.9	95	40	 	 
11:30	10:56	13:04:53	6.2	0.9	35.8	2334	1883	0.81	30	1863	55.9	68.8	99	38	 	 
11:32	10:58	13:04:55	6.1	0.9	35.5	2316	1916	0.83	29	1898	55.0	69.2	99	39	 	 
11:34	11:00	13:04:57	6.1	0.9	36.4	2375	1994	0.84	30	1842	55.2	69.1	97	40	 	 
11:36	11:02	13:04:59	6.1	0.9	35.4	2309	1905	0.83	27	1980	53.8	69.9	99	39	 	 
11:40	11:06	13:05:03	6.2	0.9	20.7	1348	1052	0.78	15	1565	24.0	86.6	88	46	 	 
11:42	11:08	13:05:05	6.2	0.9	50.6	3301	2475	0.75	30	2110	63.0	64.8	91	42	 	 
11:44	11:10	13:05:07	6.1	0.9	48.1	3136	2452	0.78	34	2031	69.2	61.3	98	38	 	 
11:46	11:12	13:05:09	6.2	0.9	35.0	2284	1929	0.84	31	1825	57.3	67.9	102	37	 	 
11:48	11:14	13:05:11	6.3	0.9	38.1	2485	2095	0.84	30	1983	58.6	67.2	98	39	 	 
11:52	11:18	13:05:15	6.2	0.9	22.5	1466	1161	0.79	16	1676	26.6	85.1	88	46	 	 
11:54	11:20	13:05:17	6.2	0.9	45.5	2965	2338	0.79	30	2070	62.4	65.1	95	40	 	 
11:55	11:21	13:05:18	6.3	0.9	47.5	3098	2479	0.80	34	2004	69.1	61.4	97	39	 	 
11:57	11:23	13:05:20	6.1	0.9	37.4	2442	2062	0.84	30	2046	61.4	65.7	100	38	 	 
11:59	11:25	13:05:22	6.2	0.9	36.3	2365	2035	0.86	34	1788	60.6	66.1	102	37	 	 
12:01	11:27	13:05:24	6.2	0.9	36.3	2365	2049	0.87	31	1923	58.9	67.1	101	38	 	 
12:05	11:31	13:05:28	6.2	0.9	20.6	1345	1102	0.82	14	1808	25.1	86.0	88	46	 	 
12:07	11:33	13:05:30	6.3	0.9	43.2	2818	2249	0.80	32	1798	58.0	67.6	94	42	 	 
12:09	11:35	13:05:32	6.1	0.9	44.6	2909	2320	0.80	38	1823	68.8	61.5	100	38	 	 
12:11	11:37	13:05:34	6.2	0.9	38.7	2521	2098	0.83	30	1963	59.5	66.7	100	39	 	 
12:13	11:39	13:05:36	6.1	0.9	37.8	2463	2115	0.86	30	2053	60.7	66.1	101	38	 	 
12:17	11:43	13:05:40	6.3	0.9	21.6	1410	1130	0.80	15	1814	28.0	84.4	92	44	 	 
12:19	11:45	13:05:42	6.3	0.9	40.9	2665	2121	0.80	33	1716	56.9	68.2	95	41	 	 
12:21	11:47	13:05:44	6.3	0.9	38.9	2540	2097	0.83	26	2230	57.9	67.6	98	39	 	 
12:23	11:49	13:05:46	6.2	0.9	36.7	2394	1942	0.81	29	1860	53.7	70.0	96	40	 	 
12:25	11:51	13:05:48	6.3	0.9	34.3	2236	1798	0.80	29	1743	51.3	71.3	97	40	 	 
12:28	11:54	13:05:51	6.2	0.9	29.4	1919	1532	0.80	20	1857	37.9	78.8	95	41	 	 
12:31	11:57	13:05:54	6.1	0.9	36.8	2402	1972	0.82	22	2405	53.4	70.1	96	41	 	 
12:33	11:59	13:05:56	6.1	0.9	35.0	2285	1830	0.80	28	1815	50.9	71.6	98	40	 	 
12:36	12:02	13:05:59	5.7	0.9	32.6	2125	1775	0.84	18	2607	47.8	73.3	97	40	 	 
12:38	12:04	13:06:01	4.3	0.9	34.1	2224	1813	0.81	32	1538	49.4	72.4	96	40	 	 
12:40	12:06	13:06:03	4.3	0.9	33.9	2209	1805	0.82	37	1388	50.8	71.6	98	38	 	 
12:41	12:07	13:06:04	4.3	0.9	32.6	2124	1751	0.82	34	1435	49.5	72.3	99	38	 	 
12:43	12:09	13:06:06	4.3	0.9	28.0	1829	1509	0.83	35	1343	46.6	74.0	100	38	 	 
12:46	12:12	13:06:09	4.3	0.9	34.7	2261	1911	0.85	23	2326	54.5	69.5	101	38	 	 
12:49	12:15	13:06:12	4.3	0.9	17.2	1121	872	0.78	17	1263	21.8	87.8	90	44	 	 
12:51	12:17	13:06:14	4.3	0.9	38.5	2509	1992	0.79	31	1702	52.4	70.7	92	42	 	 
12:53	12:19	13:06:16	4.3	0.9	34.2	2230	1748	0.78	31	1591	48.9	72.6	96	40	 	 
12:55	12:21	13:06:18	4.3	0.9	26.3	1715	1375	0.80	25	1566	39.3	78.0	98	39	 	 
12:58	12:24	13:06:21	4.3	0.9	34.7	2264	1901	0.84	23	2447	55.6	68.9	100	38	 	 
13:02	12:28	13:06:25	4.3	0.9	15.1	982	752	0.77	15	1228	18.2	89.8	88	45	 	 
13:04	12:30	13:06:27	4.5	0.9	38.9	2539	1934	0.76	34	1490	50.5	71.8	92	42	 	 
13:06	12:32	13:06:29	4.3	0.9	36.8	2399	1880	0.78	27	1975	52.9	70.4	97	39	 	 
13:08	12:34	13:06:31	4.3	0.9	29.3	1913	1563	0.82	28	1639	45.3	74.7	100	38	 	 
13:10	12:36	13:06:33	4.5	0.9	28.4	1853	1533	0.83	28	1520	43.0	75.9	98	39	 	 
13:14	12:40	13:06:37	4.3	0.9	16.0	1043	815	0.78	15	1315	20.1	88.7	91	44	 	 
13:16	12:42	13:06:39	4.3	0.9	34.0	2219	1710	0.77	29	1555	44.6	75.0	93	42	 	 
13:19	12:45	13:06:42	4.3	0.9	35.3	2301	1900	0.83	20	2699	55.3	69.1	101	37	 	 
13:21	12:47	13:06:44	4.3	0.9	25.3	1649	1372	0.83	34	1234	42.3	76.4	101	37	 	 
13:23	12:49	13:06:46	4.3	0.9	27.3	1779	1482	0.83	31	1377	42.8	76.1	100	38	 	 
13:27	12:53	13:06:50	4.5	0.9	16.9	1101	862	0.78	15	1355	21.0	88.3	91	44	 	 
13:29	12:55	13:06:52	4.3	0.9	30.0	1957	1528	0.78	31	1330	40.9	77.1	94	41	 	 
13:31	12:57	13:06:54	4.3	0.9	30.4	1980	1574	0.79	30	1521	44.9	74.9	97	40	 	 
13:33	12:59	13:06:56	4.3	0.9	25.5	1661	1373	0.83	27	1521	41.3	76.9	101	37	 	 
13:35	13:01	13:06:58	4.3	0.9	25.9	1691	1417	0.84	29	1441	41.2	77.0	100	38	 	 
13:38	13:04	13:07:01	4.3	0.9	26.0	1695	1459	0.86	22	1948	43.0	76.0	101	38	 	 
13:42	13:08	13:07:05	4.3	0.9	13.5	883	708	0.80	15	1192	17.6	90.2	91	44	 	 
13:44	13:10	13:07:07	4.3	0.9	30.6	1993	1580	0.79	32	1340	43.0	76.0	94	42	 	 
13:46	13:12	13:07:09	4.3	0.9	29.8	1942	1544	0.80	27	1620	43.2	75.8	96	40	 	 
13:50	13:16	13:07:13	4.3	0.9	25.3	1652	1453	0.88	16	2697	42.8	76.1	103	37	 	 
13:54	13:20	13:07:17	4.5	0.9	12.7	826	660	0.80	13	1233	15.9	91.1	88	46	 	 
13:56	13:22	13:07:19	4.5	0.9	32.6	2129	1625	0.76	36	1232	44.3	75.3	91	43	 	 
13:58	13:24	13:07:21	4.3	0.9	28.9	1888	1444	0.76	33	1264	41.4	76.8	94	40	 	 
14:00	13:26	13:07:23	4.3	0.9	27.3	1779	1408	0.79	31	1263	39.7	77.8	97	39	 	 
14:02	13:28	13:07:25	4.3	0.9	26.7	1741	1407	0.81	26	1557	40.8	77.2	99	39	 	 
14:04	13:30	13:07:27	4.3	0.9	24.2	1581	1283	0.81	30	1316	38.9	78.3	99	39	 	 
14:06	13:32	13:07:29	4.3	0.9	24.7	1612	1335	0.83	33	1242	41.4	76.8	100	38	 	 
14:08	13:34	13:07:31	4.3	0.9	23.7	1546	1306	0.84	28	1404	38.6	78.4	101	38	 	 
14:12	13:38	13:07:35	4.3	0.9	14.2	926	747	0.81	14	1310	18.6	89.6	93	43	 	 
14:15	13:41	13:07:38	4.3	0.9	25.2	1646	1264	0.77	23	1313	29.9	83.3	91	43	 	 
14:17	13:43	13:07:40	4.3	0.9	27.8	1814	1438	0.79	29	1428	41.0	77.1	96	40	 	 
14:20	13:46	13:07:43	4.3	0.9	26.7	1740	1413	0.81	25	1683	42.3	76.4	101	38	 	 
14:22	13:48	13:07:45	4.5	0.9	26.4	1724	1446	0.84	27	1593	43.0	75.9	101	37	 	 
14:24	13:50	13:07:47	4.3	0.9	25.1	1638	1393	0.85	29	1445	41.5	76.8	101	38	 	 
14:26	13:52	13:07:49	4.3	0.9	21.7	1416	1217	0.86	26	1420	37.0	79.3	102	38	 	 
14:28	13:54	13:07:51	4.3	0.9	23.9	1558	1367	0.88	27	1542	42.2	76.4	103	37	 	 
14:32	13:58	13:07:55	4.3	0.9	14.3	932	788	0.85	16	1274	19.8	89.0	95	43	 	 
14:34	14:00	13:07:57	4.3	0.9	29.8	1945	1614	0.83	32	1399	44.9	74.9	95	41	 	 
14:36	14:02	13:07:59	4.3	0.9	25.3	1648	1365	0.83	34	1145	38.6	78.4	95	41	 	 
14:38	14:04	13:08:01	4.3	0.9	24.0	1567	1329	0.85	24	1666	39.4	78.0	101	38	 	 
14:40	14:06	13:08:03	4.3	0.9	28.2	1838	1566	0.85	36	1339	47.5	73.4	101	38	 	 
14:42	14:08	13:08:05	4.3	0.9	24.1	1569	1350	0.86	29	1390	39.9	77.7	100	38	 	 
14:47	14:13	13:08:10	4.3	0.9	13.4	874	716	0.82	14	1261	17.4	90.3	91	44	 	 
14:49	14:15	13:08:12	4.3	0.9	27.9	1818	1474	0.81	29	1340	39.4	78.0	94	41	 	 
14:51	14:17	13:08:14	4.3	0.9	26.5	1726	1395	0.81	27	1440	38.9	78.2	98	39	 	 
14:53	14:19	13:08:16	4.3	0.9	26.0	1698	1385	0.82	29	1396	40.9	77.2	98	39	 	 
14:55	14:21	13:08:18	4.3	0.9	24.2	1577	1295	0.82	27	1439	38.2	78.6	100	38	 	 
14:58	14:24	13:08:21	4.3	0.9	20.9	1361	1158	0.85	25	1332	33.4	81.3	100	38	 	 
15:01	14:27	13:08:24	4.3	0.9	26.4	1721	1532	0.89	19	2308	44.5	75.1	103	37	 	 
15:03	14:29	13:08:26	4.3	0.9	17.7	1154	1017	0.88	26	1144	30.1	83.2	102	38	 	 
15:05	14:31	13:08:28	4.3	0.9	20.2	1319	1146	0.87	24	1424	34.3	80.8	102	38	 	 
15:10	14:36	13:08:33	4.3	0.9	12.5	819	660	0.81	12	1280	15.9	91.1	89	45	 	 
15:13	14:39	13:08:36	4.3	0.9	22.9	1492	1087	0.73	21	1186	25.4	85.8	86	45	 	 
15:17	14:43	13:08:40	4.3	0.9	19.3	1256	919	0.73	16	1366	22.0	87.7	87	44	 	 
15:19	14:45	13:08:42	4.3	0.9	33.0	2152	1625	0.76	29	1529	43.9	75.5	92	41	 	 
15:21	14:47	13:08:44	4.3	0.9	27.8	1816	1409	0.78	27	1490	40.6	77.3	95	39	 	 
15:23	14:49	13:08:46	4.3	0.9	24.3	1584	1265	0.80	33	1212	39.9	77.7	99	38	 	 
15:25	14:51	13:08:48	4.3	0.9	27.9	1820	1473	0.81	32	1326	42.8	76.1	99	37	 	 
15:27	14:53	13:08:50	4.3	0.9	22.6	1472	1229	0.84	30	1225	37.1	79.2	100	38	 	 
15:31	14:57	13:08:54	4.3	0.9	17.3	1131	946	0.84	15	1651	24.1	86.5	96	41	 	 
15:33	14:59	13:08:56	4.3	0.9	28.1	1834	1498	0.82	29	1488	43.1	75.9	98	39	 	 
15:35	15:01	13:08:58	4.5	0.9	21.0	1367	1126	0.82	27	1155	31.4	82.5	96	40	 	 
15:37	15:03	13:09:00	4.5	0.9	21.5	1400	1222	0.87	30	1223	36.9	79.4	98	39	 	 
15:39	15:05	13:09:02	4.6	0.9	25.1	1639	1325	0.81	29	1327	38.7	78.4	99	39	 	 
15:42	15:08	13:09:05	4.6	0.9	27.3	1779	1520	0.85	20	2187	44.8	75.0	103	37	 	 
15:44	15:10	13:09:07	4.7	0.9	21.3	1388	1198	0.86	32	1141	36.4	79.6	102	37	 	 
15:46	15:12	13:09:09	4.7	0.9	23.0	1502	1281	0.85	29	1319	38.2	78.6	101	38	 	 
15:48	15:14	13:09:11	4.7	0.9	22.7	1484	1260	0.85	29	1322	37.8	78.9	101	38	 	 
15:52	15:18	13:09:15	4.6	0.9	13.4	876	700	0.80	15	1145	17.0	90.5	91	44	 	 
15:54	15:20	13:09:17	4.8	0.9	28.4	1850	1447	0.78	27	1464	39.4	78.0	95	41	 	 
15:57	15:23	13:09:20	4.6	0.9	28.7	1870	1539	0.82	22	2054	44.5	75.1	99	38	 	 
16:00	15:26	13:09:23	4.8	0.9	24.6	1605	1337	0.83	25	1580	39.0	78.2	101	38	 	 
16:02	15:28	13:09:25	4.7	0.9	26.3	1716	1458	0.85	24	1789	42.1	76.5	100	39	 	 
16:06	15:32	13:09:29	4.7	0.9	13.3	866	700	0.81	15	1216	18.1	89.9	93	43	 	 
16:08	15:34	13:09:31	4.8	0.9	33.5	2188	1737	0.79	32	1528	48.5	72.9	95	40	 	 
16:10	15:36	13:09:33	4.8	0.9	32.8	2142	1744	0.81	28	1745	49.2	72.5	99	38	 	 
16:13	15:39	13:09:36	4.8	0.9	25.9	1690	1389	0.82	25	1701	41.8	76.6	101	37	 	 
16:15	15:41	13:09:38	4.8	0.9	27.2	1776	1464	0.82	24	1711	41.9	76.6	100	38	 	 
16:20	15:46	13:09:43	4.8	0.9	14.2	926	711	0.77	12	1443	17.0	90.5	85	47	 	 
16:22	15:48	13:09:45	5.1	0.9	39.4	2572	1979	0.77	30	1666	50.5	71.8	89	43	 	 
16:24	15:50	13:09:47	5.2	0.9	41.6	2710	2097	0.77	33	1822	59.7	66.6	97	39	 	 
16:27	15:53	13:09:50	5.1	0.9	35.1	2289	1942	0.85	22	2525	55.1	69.2	100	38	 	 
16:30	15:56	13:09:53	5.1	0.9	20.1	1308	1069	0.82	18	1488	26.1	85.4	92	44	 	 
16:33	15:59	13:09:56	5.1	0.9	32.7	2132	1722	0.81	25	1805	45.5	74.6	96	40	 	 
16:34	16:00	13:09:57	5.1	0.9	37.0	2411	1980	0.82	35	1615	56.7	68.3	99	39	 	 
16:38	16:04	13:10:01	5.3	0.9	17.9	1171	918	0.78	15	1423	21.9	87.8	88	45	 	 
16:40	16:06	13:10:03	5.3	0.9	41.9	2734	2188	0.80	26	2196	57.3	68.0	94	41	 	 
16:43	16:09	13:10:06	5.2	0.9	33.4	2176	1857	0.85	21	2567	53.3	70.2	100	38	 	 
16:44	16:10	13:10:07	5.3	0.9	15.9	1039	870	0.84	63	505	31.9	82.2	102	37	 	 
16:46	16:12	13:10:09	5.3	0.9	33.2	2168	1806	0.83	30	1748	51.9	71.0	100	39	 	 
16:48	16:14	13:10:11	5.3	0.9	24.0	1568	1292	0.82	38	1025	39.2	78.1	97	40	 	 
16:50	16:16	13:10:13	5.3	0.9	33.1	2157	1852	0.86	25	2069	51.9	71.0	100	39	 	 
16:54	16:20	13:10:17	5.3	0.9	19.2	1252	990	0.79	17	1410	23.7	86.7	91	44	 	 
16:56	16:22	13:10:19	5.3	0.9	37.9	2472	1980	0.80	32	1568	50.6	71.7	93	42	 	 
16:57	16:23	13:10:20	5.3	0.9	34.5	2251	1803	0.80	35	1519	52.7	70.5	98	39	 	 
16:59	16:25	13:10:22	5.3	0.9	26.2	1710	1336	0.78	33	1174	38.9	78.2	95	41	 	 
17:02	16:28	13:10:25	5.3	0.9	35.9	2340	1908	0.82	23	2253	51.4	71.3	95	41	 	 
17:06	16:32	13:10:29	5.6	0.9	18.6	1215	940	0.77	15	1512	22.6	87.4	88	45	 	 
17:08	16:34	13:10:31	5.5	0.9	42.6	2779	2118	0.76	27	2041	55.2	69.2	92	41	 	 
17:10	16:36	13:10:33	5.5	0.9	34.2	2228	1747	0.78	27	1697	45.0	74.8	94	40	 	 
17:13	16:39	13:10:36	5.6	0.9	34.5	2254	1836	0.81	24	2090	50.8	71.6	98	39	 	 
17:16	16:42	13:10:39	5.6	0.9	23.9	1557	1214	0.78	19	1582	29.8	83.4	90	44	 	 
17:18	16:44	13:10:41	5.6	0.9	39.2	2554	2056	0.80	31	1841	56.6	68.3	96	40	 	 
17:20	16:46	13:10:43	5.6	0.9	41.2	2689	2210	0.82	28	2189	62.2	65.2	98	39	 	 
17:22	16:48	13:10:45	5.8	0.9	31.5	2052	1729	0.84	29	1735	51.0	71.5	100	38	 	 
17:25	16:51	13:10:48	5.7	0.9	33.5	2184	1869	0.86	24	2236	54.3	69.6	101	38	 	 
17:28	16:54	13:10:51	5.7	0.9	17.1	1116	893	0.80	17	1289	22.2	87.6	90	45	 	 
17:30	16:56	13:10:53	5.7	0.9	44.3	2892	2311	0.80	31	1941	59.4	66.8	94	42	 	 
17:34	17:00	13:10:57	5.8	0.9	23.1	1509	1142	0.76	16	1671	27.0	84.9	88	45	 	 
17:36	17:02	13:10:59	5.8	0.9	41.6	2712	2069	0.76	34	1580	54.5	69.5	90	43	 	 
17:37	17:03	13:11:00	5.8	0.9	36.9	2406	1831	0.76	34	1417	48.9	72.7	91	42	 	 
17:40	17:06	13:11:03	5.8	0.9	35.1	2292	1838	0.80	19	2649	51.3	71.3	97	39	 	 
17:42	17:08	13:11:05	5.8	0.9	29.2	1902	1433	0.75	32	1196	38.8	78.3	94	41	 	 
17:44	17:10	13:11:07	5.8	0.9	40.0	2609	2039	0.78	28	2004	57.0	68.1	96	39	 	 
17:47	17:13	13:11:10	5.8	0.9	22.0	1434	1082	0.75	20	1290	25.8	85.6	87	45	 	 
17:49	17:15	13:11:12	5.8	0.9	40.9	2665	2067	0.78	29	1904	54.7	69.4	92	41	 	 
17:52	17:18	13:11:15	6.0	0.9	35.5	2313	1769	0.76	28	1593	45.3	74.7	92	41	 	 
17:54	17:20	13:11:17	6.1	0.9	39.0	2545	2044	0.80	29	1990	56.9	68.2	97	39	 	 
17:56	17:22	13:11:19	5.8	0.9	37.0	2415	1998	0.83	29	1993	58.3	67.4	99	38	 	 
17:58	17:24	13:11:21	6.0	0.9	27.5	1795	1516	0.84	29	1552	45.0	74.9	103	36	 	 
17:59	17:25	13:11:22	6.1	0.9	30.0	1960	1637	0.84	42	1117	46.6	74.0	100	38	 	 
18:01	17:27	13:11:24	6.1	0.9	33.7	2199	1842	0.84	36	1505	53.7	69.9	100	38	 	 
18:04	17:30	13:11:27	6.1	0.9	21.6	1408	1084	0.77	18	1478	26.2	85.4	89	44	 	 
18:06	17:32	13:11:29	5.8	0.9	43.1	2813	2186	0.78	29	1984	57.2	68.0	94	41	 	 
18:08	17:34	13:11:31	6.2	0.9	33.4	2178	1734	0.80	29	1844	52.7	70.6	101	37	 	 
18:11	17:37	13:11:34	6.2	0.9	29.3	1911	1554	0.81	27	1697	46.1	74.2	100	38	 	 
18:12	17:38	13:11:35	6.2	0.9	26.3	1712	1333	0.78	39	920	36.3	79.7	94	41	 	 
18:14	17:40	13:11:37	6.3	0.9	37.9	2471	2016	0.82	30	1947	59.0	67.0	100	37	 	 
18:18	17:44	13:11:41	6.3	0.9	26.3	1718	1321	0.77	17	1853	31.7	82.3	89	44	 	 
18:20	17:46	13:11:43	6.2	0.9	36.8	2400	1857	0.77	29	1765	51.4	71.3	94	40	 	 
18:22	17:48	13:11:45	6.5	0.9	39.8	2596	2005	0.77	31	1865	57.1	68.1	95	40	 	 
18:24	17:50	13:11:47	6.6	0.9	32.3	2106	1654	0.79	34	1374	46.3	74.1	96	39	 	 
18:25	17:51	13:11:48	6.5	0.9	34.1	2227	1795	0.81	30	1729	52.6	70.6	98	38	 	 
18:29	17:55	13:11:52	6.6	0.9	24.2	1578	1193	0.76	18	1591	28.6	84.0	88	44	 	 
18:31	17:57	13:11:54	6.3	0.9	44.4	2898	2235	0.77	28	2064	58.7	67.2	94	41	 	 
18:33	17:59	13:11:56	6.6	0.9	39.0	2545	2009	0.79	29	1924	56.6	68.4	98	39	 	 
18:35	18:01	13:11:58	6.3	0.9	32.6	2126	1724	0.81	36	1404	50.1	72.0	99	38	 	 
18:36	18:02	13:11:59	6.5	0.9	35.0	2283	1830	0.80	43	1268	54.7	69.4	100	37	 	 
18:38	18:04	13:12:01	6.6	0.9	36.8	2397	1952	0.81	31	1716	53.6	70.0	98	39	 	 
18:42	18:08	13:12:05	6.5	0.9	19.8	1291	1014	0.79	15	1695	25.4	85.8	82	48	 	 
18:44	18:10	13:12:07	6.6	0.9	53.8	3507	2556	0.73	33	2057	67.1	62.5	91	41	 	 
18:46	18:12	13:12:09	6.6	0.9	44.3	2888	2272	0.79	24	2653	65.0	63.7	98	38	 	 
18:48	18:14	13:12:11	6.5	0.9	35.7	2327	1786	0.77	46	1134	52.3	70.7	97	39	 	 
18:51	18:17	13:12:14	6.6	0.9	20.5	1337	963	0.72	20	1163	23.4	86.9	85	45	 	 
18:52	18:18	13:12:15	6.6	0.9	47.5	3099	2321	0.75	35	1811	62.8	64.9	94	40	 	 
18:54	18:20	13:12:17	6.6	0.9	48.2	3145	2459	0.78	36	1964	69.7	61.0	97	38	 	 
18:56	18:22	13:12:19	6.8	0.9	37.5	2448	2022	0.83	31	1967	60.8	66.0	102	36	 	 
18:58	18:24	13:12:21	6.9	0.9	38.7	2521	2104	0.83	29	2037	59.3	66.8	99	39	 	 
19:01	18:27	13:12:24	6.8	0.9	23.0	1499	1168	0.78	20	1357	27.7	84.5	91	43	 	 
19:03	18:29	13:12:26	6.9	0.9	44.5	2905	2340	0.81	29	2124	62.5	65.1	96	40	 	 
19:05	18:31	13:12:28	6.8	0.9	49.9	3255	2601	0.80	32	2261	72.9	59.2	98	39	 	 
19:07	18:33	13:12:30	6.9	0.9	38.6	2515	2091	0.83	30	2035	60.1	66.4	101	38	 	 
19:09	18:35	13:12:32	6.9	0.9	38.4	2504	2156	0.86	30	2083	62.2	65.2	101	38	 	 
19:11	18:37	13:12:34	7.0	0.9	40.0	2610	2261	0.87	35	1871	66.1	63.1	102	37	 	 
19:12	18:38	13:12:35	7.0	0.9	34.6	2254	2002	0.89	32	1810	57.8	67.7	103	37	 	 
19:15	18:41	13:12:38	6.9	0.9	22.8	1485	1162	0.78	21	1386	28.8	83.9	90	45	 	 
19:17	18:43	13:12:40	6.9	0.9	44.8	2920	2337	0.80	38	1694	63.5	64.5	94	41	 	 
19:19	18:45	13:12:42	7.1	0.9	45.5	2968	2421	0.82	29	2362	68.1	61.9	99	39	 	 
19:21	18:47	13:12:44	7.1	0.9	35.2	2297	1932	0.84	36	1526	55.5	69.0	99	38	 	 
19:24	18:50	13:12:47	7.0	0.9	24.1	1570	1187	0.76	17	1562	27.2	84.8	87	46	 	 
19:25	18:51	13:12:48	7.1	0.9	46.1	3006	2309	0.77	44	1366	59.8	66.5	94	41	 	 
19:27	18:53	13:12:50	7.0	0.9	46.5	3033	2409	0.79	31	2150	66.5	62.8	96	39	 	 
19:30	18:56	13:12:53	7.0	0.9	36.7	2391	1879	0.79	27	1813	49.7	72.2	97	40	 	 
19:33	18:59	13:12:56	7.1	0.9	29.1	1896	1447	0.76	20	1847	36.7	79.5	93	42	 	 
19:34	19:00	13:12:57	7.0	0.9	38.6	2515	1990	0.79	44	1185	52.3	70.8	95	41	 	 
19:35	19:01	13:12:58	7.1	0.9	49.6	3232	2558	0.79	46	1509	69.6	61.1	95	41	 	 
19:37	19:03	13:13:00	7.4	0.9	45.4	2960	2405	0.81	35	1963	69.3	61.3	100	38	 	 
19:40	19:06	13:13:03	7.1	0.9	28.1	1833	1411	0.77	20	1726	33.7	81.1	91	44	 	 
19:42	19:08	13:13:05	7.4	0.9	34.1	2221	1723	0.78	37	1172	43.4	75.7	91	43	 	 
19:44	19:10	13:13:07	7.1	0.9	50.5	3296	2607	0.79	29	2452	70.7	60.5	96	40	 	 
19:46	19:12	13:13:09	7.3	0.9	40.6	2648	2104	0.79	29	1925	55.3	69.1	97	40	 	 
19:48	19:14	13:13:11	7.3	0.9	39.3	2563	2106	0.82	35	1753	60.8	66.0	101	38	 	 
19:49	19:15	13:13:12	7.1	0.9	39.4	2572	2153	0.84	31	2064	64.2	64.1	101	38	 	 
19:51	19:17	13:13:14	7.3	0.9	34.5	2253	1837	0.82	31	1729	52.9	70.4	99	39	 	 
19:53	19:19	13:13:16	7.5	0.9	40.1	2613	2182	0.84	35	1744	60.8	66.0	99	39	 	 
19:55	19:21	13:13:18	7.5	0.9	39.5	2579	2215	0.86	29	2178	64.0	64.2	103	37	 	 
19:57	19:23	13:13:20	7.6	0.9	43.2	2815	2389	0.85	27	2417	66.2	63.0	98	40	 	 
20:01	19:27	13:13:24	7.4	0.9	25.7	1677	1279	0.76	18	1573	28.5	84.1	86	47	 	 
20:03	19:29	13:13:26	7.4	0.9	49.5	3231	2524	0.78	29	2205	64.8	63.7	92	42	 	 
20:06	19:32	13:13:29	7.3	0.9	39.2	2554	2140	0.84	22	2693	59.0	67.0	99	38	 	 
20:07	19:33	13:13:30	7.6	0.9	43.1	2812	2285	0.81	34	1923	64.8	63.8	98	39	 	 
20:09	19:35	13:13:32	7.6	0.9	45.3	2952	2429	0.82	31	2156	66.0	63.1	97	40	 	 
20:11	19:37	13:13:34	7.5	0.9	39.2	2558	2103	0.82	30	1942	58.3	67.4	98	40	 	 
20:13	19:39	13:13:36	7.6	0.9	40.8	2658	2189	0.82	36	1699	61.4	65.7	98	40	 	 
20:15	19:41	13:13:38	7.6	0.9	41.2	2686	2220	0.83	33	1907	63.6	64.5	100	38	 	 
20:17	19:43	13:13:40	7.5	0.9	39.2	2558	2159	0.84	30	1994	60.4	66.2	99	39	 	 
20:20	19:46	13:13:43	7.5	0.9	28.9	1885	1448	0.77	16	2016	32.9	81.6	86	47	 	 
20:22	19:48	13:13:45	7.8	0.9	45.4	2959	2333	0.79	31	2009	61.8	65.4	95	41	 	 
20:24	19:50	13:13:47	7.8	0.9	46.3	3019	2400	0.80	29	2202	63.2	64.6	95	41	 	 
20:26	19:52	13:13:49	7.6	0.9	49.0	3196	2579	0.81	34	2131	71.8	59.8	98	39	 	 
20:28	19:54	13:13:51	7.6	0.9	40.1	2614	2183	0.83	36	1713	61.9	65.4	99	39	 	 
20:30	19:56	13:13:53	7.6	0.9	41.4	2698	2302	0.85	29	2246	64.2	64.1	98	39	 	 
20:33	19:59	13:13:56	7.9	0.9	26.9	1754	1326	0.76	20	1593	31.9	82.2	89	45	 	 
20:34	20:00	13:13:57	7.6	0.9	53.7	3501	2735	0.78	42	1756	73.2	59.1	94	41	 	 
20:36	20:02	13:13:59	7.9	0.9	48.4	3159	2557	0.81	38	1832	69.6	61.1	97	39	 	 
20:38	20:04	13:14:01	8.0	0.9	47.7	3113	2609	0.84	34	2189	73.8	58.8	100	38	 	 
20:40	20:06	13:14:03	8.1	0.9	48.7	3178	2625	0.83	32	2259	72.9	59.3	99	39	 	 
20:42	20:08	13:14:05	7.9	0.9	41.0	2672	2240	0.84	30	2072	62.5	65.1	98	40	 	 
20:45	20:11	13:14:08	8.1	0.9	29.3	1912	1509	0.79	20	1784	35.2	80.3	88	46	 	 
20:46	20:12	13:14:09	7.9	0.9	54.9	3582	2897	0.81	34	2173	74.1	58.6	95	41	 	 
20:48	20:14	13:14:11	7.9	0.9	50.9	3318	2771	0.84	34	2279	77.3	56.8	100	39	 	 
20:50	20:16	13:14:13	8.1	0.9	49.4	3223	2791	0.87	37	2127	79.3	55.7	101	38	 	 
20:52	20:18	13:14:15	8.1	0.9	46.1	3010	2611	0.87	31	2351	72.3	59.6	100	40	 	 
20:55	20:21	13:14:18	8.0	0.9	29.0	1894	1511	0.80	20	1798	35.3	80.3	90	45	 	 
20:57	20:23	13:14:20	8.1	0.9	54.3	3540	2907	0.82	35	2227	77.3	56.8	97	41	 	 
20:58	20:24	13:14:21	8.1	0.9	48.5	3166	2689	0.85	36	2085	75.4	57.9	100	39	 	 
21:00	20:26	13:14:23	8.1	0.9	46.4	3029	2638	0.87	31	2431	74.8	58.2	101	39	 	 
21:03	20:29	13:14:26	8.1	0.9	29.9	1947	1607	0.83	19	1956	38.1	78.7	93	44	 	 
21:05	20:31	13:14:28	8.0	0.9	46.7	3046	2536	0.83	43	1521	65.2	63.5	97	42	 	 
21:06	20:32	13:14:29	8.1	0.9	54.1	3532	3009	0.85	36	2242	81.5	54.4	99	40	 	 
21:08	20:34	13:14:31	8.3	0.9	51.3	3344	2957	0.88	36	2337	84.0	53.1	102	38	 	 
21:10	20:36	13:14:33	8.1	0.9	47.4	3093	2768	0.90	36	2176	77.7	56.6	102	38	 	 
21:11	20:37	13:14:34	8.3	0.9	44.5	2903	2630	0.91	35	2152	75.5	57.8	103	38	 	 
21:14	20:40	13:14:37	8.3	0.9	27.3	1779	1462	0.82	22	1574	33.8	81.1	91	46	 	 
21:16	20:42	13:14:39	8.4	0.9	61.3	3999	3412	0.85	39	2253	88.9	50.3	96	42	 	 
21:17	20:43	13:14:40	8.1	0.9	53.4	3482	3000	0.86	35	2434	85.9	52.0	101	39	 	 
21:19	20:45	13:14:42	8.1	0.9	47.8	3119	2806	0.90	31	2648	81.1	54.7	103	38	 	 
21:21	20:47	13:14:44	8.1	0.9	47.0	3068	2806	0.91	36	2303	81.8	54.3	103	38	 	 
21:23	20:49	13:14:46	8.4	0.9	40.1	2619	2430	0.93	36	1903	68.4	61.8	105	37	 	 
21:26	20:52	13:14:49	8.4	0.9	26.1	1705	1417	0.83	17	1887	32.0	82.1	89	48	 	 
21:28	20:54	13:14:51	8.5	0.9	65.8	4290	3535	0.82	40	2289	91.6	48.8	96	42	 	 
21:30	20:56	13:14:53	8.5	0.9	52.2	3406	2987	0.88	29	2971	85.7	52.1	102	39	 	 
21:31	20:57	13:14:54	8.5	0.9	47.5	3097	2783	0.90	37	2228	81.5	54.4	103	38	 	 
21:33	20:59	13:14:56	8.4	0.9	43.9	2862	2628	0.92	37	2087	76.8	57.0	103	38	 	 
21:35	21:01	13:14:58	8.5	0.9	41.5	2707	2498	0.92	36	1915	68.8	61.5	103	39	 	 
21:38	21:04	13:15:01	8.8	0.9	34.6	2258	1892	0.84	21	2136	44.2	75.3	93	45	 	 
21:39	21:05	13:15:02	8.7	0.9	56.1	3660	3238	0.88	46	1913	87.6	51.0	98	41	 	 
21:41	21:07	13:15:04	8.6	0.9	54.1	3526	3100	0.88	37	2309	85.0	52.5	99	40	 	 
21:42	21:08	13:15:05	8.7	0.9	53.2	3472	3173	0.91	41	2252	92.6	48.2	105	37	 	 
21:43	21:09	13:15:06	8.6	0.9	45.7	2983	2804	0.94	42	2118	88.2	50.7	108	35	 	 
21:45	21:11	13:15:08	8.7	0.9	44.4	2894	2797	0.97	34	2434	82.5	53.9	105	38	 	 
21:48	21:14	13:15:11	8.6	0.9	28.7	1873	1574	0.84	21	1766	37.3	79.1	94	44	 	 
21:49	21:15	13:15:12	8.7	0.9	59.9	3910	3504	0.90	46	2088	96.4	46.1	101	40	 	 
21:51	21:17	13:15:14	8.7	0.9	52.8	3445	3115	0.90	31	2842	87.9	50.9	100	40	 	 
21:53	21:19	13:15:16	8.9	0.9	52.1	3396	3131	0.92	34	2621	90.4	49.5	103	38	 	 
21:55	21:21	13:15:18	8.7	0.9	46.1	3009	2864	0.95	37	2224	82.4	53.9	105	37	 	 
21:56	21:22	13:15:19	8.8	0.9	48.0	3132	3019	0.96	43	2076	88.3	50.6	106	37	 	 
21:58	21:24	13:15:21	8.7	0.9	46.8	3050	2907	0.95	37	2253	84.0	53.1	104	38	 	 
21:59	21:25	13:15:22	8.8	0.9	46.9	3056	2898	0.95	45	1834	82.1	54.1	104	38	 	 
22:01	21:27	13:15:24	8.7	0.9	46.1	3007	2905	0.97	38	2202	83.1	53.6	104	38	 	 
22:03	21:29	13:15:26	8.7	0.9	50.2	3276	3117	0.95	28	3173	89.0	50.3	105	38	 	 
22:06	21:32	13:15:29	8.9	0.9	26.9	1752	1463	0.84	19	1788	33.2	81.4	89	48	 	 
22:07	21:33	13:15:30	8.8	0.9	65.3	4260	3676	0.86	42	2289	95.4	46.7	98	41	 	 
22:09	21:35	13:15:32	8.7	0.9	57.5	3749	3398	0.91	32	2969	94.8	47.0	101	39	 	 
22:11	21:37	13:15:34	8.8	0.9	57.9	3778	3472	0.92	42	2374	99.6	44.3	104	38	 	 
22:12	21:38	13:15:35	8.7	0.9	49.0	3196	2976	0.93	36	2416	87.3	51.2	105	38	 	 
22:14	21:40	13:15:37	8.9	0.9	48.2	3141	2971	0.95	37	2445	89.5	50.0	104	38	 	 
22:17	21:43	13:15:40	8.8	0.9	33.8	2206	1950	0.88	23	2040	46.4	74.1	95	45	 	 
22:18	21:44	13:15:41	8.9	0.9	58.4	3812	3438	0.90	41	2254	93.3	47.9	100	41	 	 
22:20	21:46	13:15:43	8.7	0.9	56.5	3686	3422	0.93	36	2717	98.2	45.1	104	38	 	 
22:21	21:47	13:15:44	8.7	0.9	50.5	3297	3193	0.97	37	2534	93.3	47.8	104	38	 	 
22:24	21:50	13:15:47	8.8	0.9	35.7	2332	2118	0.91	21	2352	50.0	72.0	98	43	 	 
22:26	21:52	13:15:49	8.8	0.9	57.5	3748	3537	0.94	42	2403	100.1	44.0	104	38	 	 
22:27	21:53	13:15:50	8.9	0.9	57.3	3739	3490	0.93	41	2451	99.4	44.4	103	39	 	 
22:29	21:55	13:15:52	8.7	0.9	51.8	3382	3252	0.96	36	2624	94.9	47.0	105	38	 	 
22:30	21:56	13:15:53	8.9	0.9	49.1	3205	3148	0.98	38	2414	92.2	48.4	106	38	 	 
22:32	21:58	13:15:55	8.7	0.9	52.7	3435	3424	1.00	44	2331	102.1	42.9	108	36	 	 
22:33	21:59	13:15:56	8.8	0.9	47.0	3063	3156	1.03	48	2001	96.8	45.9	108	36	 	 
22:34	22:00	13:15:57	8.8	0.9	51.6	3365	3343	0.99	42	2426	101.8	43.1	107	38	 	 
22:36	22:02	13:15:59	8.9	0.9	50.1	3266	3221	0.99	35	2603	91.9	48.6	107	37	 	 
22:39	22:05	13:16:02	8.8	0.9	28.4	1851	1636	0.88	18	2000	36.6	79.5	92	47	 	 
22:41	22:07	13:16:04	8.7	0.9	65.8	4294	3928	0.91	43	2402	103.7	42.0	99	42	 	 
22:42	22:08	13:16:05	8.7	0.9	58.0	3784	3552	0.94	38	2771	103.9	41.9	104	39	 	 
22:44	22:10	13:16:07	8.8	0.9	47.4	3091	2970	0.96	41	2127	86.8	51.5	106	37	 	 
22:45	22:11	13:16:08	8.8	0.9	41.8	2726	2558	0.94	43	1724	73.9	58.7	105	38	 	 
22:47	22:13	13:16:10	8.7	0.9	51.8	3379	3331	0.99	44	2245	98.3	45.0	106	37	 	 
22:48	22:14	13:16:11	8.7	0.9	54.3	3541	3622	1.02	38	2734	103.2	42.3	107	37	 	 
22:50	22:16	13:16:13	8.8	0.9	36.5	2382	2269	0.95	32	2039	65.4	63.4	107	38	 	 
22:52	22:18	13:16:15	8.7	0.9	33.3	2171	1964	0.90	30	1520	44.9	74.9	95	45	 	 
22:54	22:20	13:16:17	8.9	0.9	58.3	3805	3519	0.92	41	2331	96.4	46.1	101	41	 	 
22:56	22:22	13:16:19	8.9	0.9	53.3	3475	3372	0.97	29	3244	94.0	47.4	105	38	 	 
22:57	22:23	13:16:20	8.7	0.9	47.8	3118	3010	0.97	44	2031	89.6	49.9	106	38	 	 
22:58	22:24	13:16:21	8.9	0.9	45.7	2980	2988	1.00	44	2025	88.7	50.4	108	36	 	 
23:00	22:26	13:16:23	8.7	0.9	52.7	3436	3443	1.00	47	2154	100.2	44.0	105	39	 	 
23:01	22:27	13:16:24	8.8	0.9	54.8	3571	3529	0.99	44	2368	104.5	41.6	107	37	 	 
23:02	22:28	13:16:25	8.9	0.9	35.6	2324	2239	0.96	47	1356	63.6	64.5	104	39	 	 
23:04	22:30	13:16:27	8.7	0.9	53.3	3475	3450	0.99	43	2273	98.8	44.7	107	37	 	 
23:06	22:32	13:16:29	8.9	0.9	37.2	2425	2219	0.91	23	2328	52.7	70.5	98	44	 	 
23:08	22:34	13:16:31	8.7	0.9	51.9	3384	3268	0.97	42	2243	94.1	47.4	105	39	 	 
23:09	22:35	13:16:32	8.9	0.9	57.8	3769	3612	0.96	38	2640	101.5	43.2	104	39	 	 
23:11	22:37	13:16:34	8.8	0.9	47.6	3103	3054	0.98	37	2437	89.7	49.9	105	38	 	 
23:13	22:39	13:16:36	8.9	0.9	45.1	2939	2917	0.99	39	2242	86.8	51.5	107	37	 	 
23:14	22:40	13:16:37	8.8	0.9	50.3	3281	3176	0.97	36	2611	93.2	47.9	105	39	 	 
23:16	22:42	13:16:39	8.7	0.9	48.1	3137	3045	0.97	39	2279	88.2	50.7	105	38	 	 
23:17	22:43	13:16:40	8.9	0.9	50.9	3320	3232	0.97	41	2457	99.6	44.3	107	37	 	 
23:19	22:45	13:16:42	8.7	0.9	52.2	3406	3284	0.96	39	2398	92.8	48.1	104	39	 	 
23:21	22:47	13:16:44	8.7	0.9	49.8	3247	3185	0.98	35	2647	93.4	47.8	106	38	 	 
23:23	22:49	13:16:46	8.9	0.9	34.6	2255	2042	0.91	23	2174	49.0	72.6	98	43	 	 
23:25	22:51	13:16:48	8.8	0.9	54.3	3544	3394	0.96	45	2158	97.3	45.6	103	40	 	 
23:26	22:52	13:16:49	8.7	0.9	54.5	3553	3411	0.96	43	2298	97.8	45.3	105	38	 	 
23:28	22:54	13:16:51	8.8	0.9	50.5	3293	3253	0.99	38	2452	94.3	47.3	105	38	 	 
23:29	22:55	13:16:52	8.8	0.9	48.2	3146	3051	0.97	39	2319	89.8	49.8	106	37	 	 
23:31	22:57	13:16:54	8.8	0.9	47.8	3115	3062	0.98	38	2404	91.3	49.0	107	37	 	 
23:32	22:58	13:16:55	8.7	0.9	47.3	3088	3029	0.98	35	2584	91.2	49.0	107	37	 	 
23:34	23:00	13:16:57	8.8	0.9	46.7	3044	3012	0.99	38	2368	90.5	49.4	105	38	 	 
23:37	23:03	13:17:00	8.8	1.2	27.6	1797	1604	0.89	20	1935	37.9	78.8	95	45	 	 
23:38	23:04	13:17:01	8.7	1.4	64.0	4174	3691	0.88	43	2237	95.2	46.8	97	43	 	 
23:40	23:06	13:17:03	8.9	1.4	56.6	3689	3383	0.92	39	2465	96.7	46.0	102	39	 	 
23:41	23:07	13:17:04	8.7	1.5	59.8	3903	3646	0.93	40	2679	106.5	40.5	104	38	 	 
23:43	23:09	13:17:06	8.8	1.5	51.0	3327	3300	0.99	44	2343	103.4	42.2	108	36	 	 
23:45	23:11	13:17:08	8.7	1.5	38.7	2525	2345	0.93	26	2292	58.5	67.3	102	40	 	 
23:47	23:13	13:17:10	8.8	1.5	56.5	3684	3591	0.97	43	2381	103.5	42.1	105	38	 	 
23:48	23:14	13:17:11	8.7	1.5	47.5	3100	3088	1.00	40	2271	91.5	48.9	106	37	 	 
23:50	23:16	13:17:13	8.9	1.5	50.4	3287	3182	0.97	36	2531	90.9	49.2	106	38	 	 
23:52	23:18	13:17:15	8.9	1.8	36.3	2370	2152	0.91	22	2328	51.0	71.5	98	43	 	 
23:54	23:20	13:17:17	8.7	1.8	62.2	4058	3927	0.97	51	2264	116.1	35.1	105	38	 	 
23:55	23:21	13:17:18	8.8	1.8	60.0	3915	3841	0.98	48	2364	114.4	36.0	106	37	 	 
23:56	23:22	13:17:19	8.9	1.8	50.7	3309	3262	0.99	41	2511	102.5	42.7	109	35	 	 
23:58	23:24	13:17:21	8.7	1.8	49.6	3237	3237	1.00	44	2436	106.7	40.4	110	34	 	 
23:59	23:25	13:17:22	8.8	1.8	44.8	2919	2862	0.98	46	1898	87.6	51.0	108	37	 	 
24:00	23:26	13:17:23	8.7	1.8	49.7	3245	3166	0.98	47	1923	90.1	49.6	105	38	 	 
24:03	23:29	13:17:26	8.9	1.8	37.8	2469	2253	0.91	25	2238	56.9	68.2	100	42	 	 
24:04	23:30	13:17:27	8.8	1.8	56.0	3653	3487	0.95	43	2395	104.1	41.8	105	38	 	 
24:05	23:31	13:17:28	8.9	1.8	53.5	3492	3465	0.99	41	2437	100.9	43.6	106	37	 	 
24:07	23:33	13:17:30	8.7	2.2	53.3	3477	3432	0.99	48	2209	106.0	40.7	108	36	 	 
24:08	23:34	13:17:31	8.8	2.5	54.0	3525	3585	1.02	46	2385	109.2	38.9	108	36	 	 
24:09	23:35	13:17:32	8.8	2.5	49.7	3244	3260	1.01	43	2236	97.2	45.7	107	37	 	 
24:11	23:37	13:17:34	8.7	2.5	46.8	3051	2988	0.98	36	2464	88.5	50.5	106	38	 	 
24:12	23:38	13:17:35	8.8	2.5	50.6	3303	3264	0.99	44	2182	96.3	46.2	106	37	 	 
24:14	23:40	13:17:37	8.7	2.5	52.3	3414	3378	0.99	44	2286	101.6	43.2	107	37	 	 
24:15	23:41	13:17:38	8.8	2.5	50.7	3305	3305	1.00	44	2284	100.8	43.7	108	36	 	 
24:16	23:42	13:17:39	8.8	2.5	45.0	2935	2855	0.97	47	1713	80.3	55.1	104	39	 	 
24:18	23:44	13:17:41	8.7	2.5	53.3	3474	3450	0.99	44	2402	105.2	41.2	105	38	 	 
24:19	23:45	13:17:42	8.8	2.5	55.9	3646	3642	1.00	41	2669	109.7	38.7	109	36	 	 
24:21	23:47	13:17:44	8.9	2.6	47.2	3081	3059	0.99	35	2390	83.9	53.1	107	37	 	 
24:24	23:50	13:17:47	8.7	3.0	40.9	2667	2554	0.96	22	2795	62.3	65.1	102	41	 	 
24:25	23:51	13:17:48	8.8	3.0	55.7	3635	3483	0.96	35	2717	94.2	47.3	103	40	 	 
24:27	23:53	13:17:50	8.7	3.0	55.1	3592	3450	0.96	37	2689	99.6	44.3	105	38	 	 
24:29	23:55	13:17:52	8.7	3.0	53.4	3485	3390	0.97	36	2804	100.1	44.0	105	38	 	 
24:30	23:56	13:17:53	8.9	3.0	49.8	3246	3198	0.99	37	2587	95.2	46.8	106	37	 	 
24:32	23:58	13:17:55	8.7	3.0	56.0	3651	3613	0.99	41	2593	105.1	41.2	106	37	 	 
24:33	23:59	13:17:56	8.7	3.0	51.2	3343	3291	0.98	36	2693	97.9	45.2	106	38	 	 
24:35	24:01	13:17:58	8.8	3.0	51.4	3350	3371	1.01	41	2543	103.8	42.0	109	36	 	 
24:37	24:03	13:18:00	8.9	3.3	32.0	2085	1927	0.92	26	1969	50.5	71.8	103	41	 	 
24:38	24:04	13:18:01	8.8	3.3	64.4	4201	4186	1.00	58	2108	121.6	32.0	106	38	 	 
24:40	24:06	13:18:03	8.8	3.3	60.0	3910	3937	1.01	48	2444	117.3	34.4	106	37	 	 
24:41	24:07	13:18:04	8.7	3.3	54.4	3549	3628	1.02	50	2204	110.2	38.4	108	36	 	 
24:42	24:08	13:18:05	8.9	3.3	53.3	3478	3589	1.03	47	2405	111.9	37.4	109	35	 	 
24:43	24:09	13:18:06	8.7	3.3	53.9	3517	3628	1.03	49	2422	118.2	33.9	110	35	 	 
24:45	24:11	13:18:08	8.8	3.3	52.0	3389	3483	1.03	42	2460	103.2	42.3	108	37	 	 
24:46	24:12	13:18:09	8.8	3.3	51.0	3329	3376	1.01	35	2815	99.4	44.4	108	37	 	 
24:48	24:14	13:18:11	8.7	3.3	51.8	3377	3522	1.04	43	2597	111.3	37.8	109	36	 	 
24:49	24:15	13:18:12	8.9	3.3	49.5	3228	3339	1.03	39	2560	100.4	43.9	108	36	 	 
24:51	24:17	13:18:14	8.7	3.3	52.4	3415	3531	1.03	41	2603	105.5	41.0	108	36	 	 
24:52	24:18	13:18:15	8.9	3.7	49.9	3258	3354	1.03	42	2484	105.0	41.3	109	36	 	 
24:54	24:20	13:18:17	8.8	3.7	45.1	2941	2972	1.01	45	2082	93.2	47.9	110	35	 	 
24:55	24:21	13:18:18	8.7	3.7	56.7	3701	3850	1.04	48	2501	119.1	33.4	108	36	 	 
24:57	24:23	13:18:20	8.9	3.7	32.2	2102	1967	0.94	28	1706	48.5	72.9	101	42	 	 
24:58	24:24	13:18:21	8.8	3.7	59.8	3903	3908	1.00	46	2459	112.6	37.0	105	38	 	 
25:00	24:26	13:18:23	8.7	3.7	57.6	3759	3731	0.99	38	2912	109.2	39.0	105	39	 	 
25:01	24:27	13:18:24	8.8	3.7	51.8	3381	3463	1.02	37	2831	104.2	41.7	108	36	 	 
25:03	24:29	13:18:26	8.7	3.7	52.6	3429	3575	1.04	43	2520	107.3	40.0	109	36	 	 
25:04	24:30	13:18:27	8.7	3.7	52.7	3435	3591	1.05	45	2421	109.2	38.9	108	36	 	 
25:05	24:31	13:18:28	8.8	3.7	53.3	3479	3625	1.04	50	2327	115.4	35.5	110	35	 	 
25:07	24:33	13:18:30	8.9	4.0	55.4	3615	3755	1.04	47	2480	117.1	34.5	109	36	 	 
25:08	24:34	13:18:31	8.8	4.5	54.0	3522	3640	1.03	45	2501	112.0	37.4	108	37	 	 
25:09	24:35	13:18:32	8.9	4.5	51.8	3379	3509	1.04	44	2487	110.5	38.2	109	36	 	 
25:11	24:37	13:18:34	8.7	4.5	49.2	3210	3301	1.03	43	2396	102.7	42.6	110	35	 	 
25:13	24:39	13:18:36	8.7	4.5	37.2	2427	2349	0.97	27	2160	58.1	67.5	101	42	 	 
25:14	24:40	13:18:37	8.9	4.5	64.2	4186	4169	1.00	49	2563	125.0	30.1	107	37	 	 
25:15	24:41	13:18:38	8.7	4.5	57.5	3753	3847	1.02	51	2387	121.4	32.1	109	35	 	 
25:17	24:43	13:18:40	8.9	4.5	45.8	2989	3040	1.02	51	1836	94.2	47.3	109	36	 	 
25:19	24:45	13:18:42	8.9	4.5	37.4	2436	2262	0.93	30	1852	55.0	69.2	99	43	 	 
25:20	24:46	13:18:43	8.7	4.5	71.2	4646	4484	0.97	47	2724	126.7	29.2	103	40	 	 
25:21	24:47	13:18:44	8.7	4.5	57.1	3722	3746	1.01	42	2693	112.2	37.3	108	36	 	 
25:23	24:49	13:18:46	8.8	5.1	55.8	3638	3691	1.01	43	2659	114.8	35.8	108	36	 	 
25:24	24:50	13:18:47	8.8	5.1	50.3	3282	3344	1.02	40	2428	96.5	46.1	107	37	 	 
25:25	24:51	13:18:48	8.7	5.1	55.4	3616	3736	1.03	51	2351	119.5	33.2	110	35	 	 
25:27	24:53	13:18:50	8.7	5.1	55.8	3638	3794	1.04	46	2654	121.6	32.0	110	36	 	 
25:28	24:54	13:18:51	8.7	5.1	50.7	3307	3488	1.05	47	2373	110.4	38.3	110	36	 	 
25:29	24:55	13:18:52	8.9	5.1	51.1	3330	3528	1.06	45	2452	109.8	38.6	110	35	 	 
25:31	24:57	13:18:54	8.9	5.1	60.3	3933	4254	1.08	50	2681	134.1	25.0	111	35	 	 
25:32	24:58	13:18:55	8.9	5.1	48.5	3164	3586	1.13	44	2653	117.1	34.6	111	35	 	 
25:34	25:00	13:18:57	8.8	5.1	33.9	2211	2186	0.99	26	2186	56.3	68.5	104	40	 	 
25:35	25:01	13:18:58	8.8	5.1	69.2	4517	4874	1.08	63	2384	149.0	16.7	109	37	 	 
25:36	25:02	13:18:59	8.7	5.3	54.4	3550	3783	1.07	50	2454	122.7	31.4	111	35	 	 
25:37	25:03	13:19:00	8.9	5.6	45.1	2942	3091	1.05	59	1541	91.5	48.8	108	37	 	 
25:39	25:05	13:19:02	8.7	5.6	66.2	4318	4433	1.03	50	2738	135.8	24.1	108	37	 	 
25:40	25:06	13:19:03	8.8	5.6	54.0	3525	3847	1.09	49	2515	123.7	30.9	110	35	 	 
25:41	25:07	13:19:04	8.7	5.6	54.9	3582	3843	1.07	48	2616	126.6	29.2	112	34	 	 
25:42	25:08	13:19:05	8.7	5.6	56.3	3673	3971	1.08	45	2814	126.9	29.0	111	35	 	 
25:44	25:10	13:19:07	8.8	5.6	49.4	3223	3472	1.08	45	2438	110.8	38.0	111	35	 	 
25:46	25:12	13:19:09	8.7	5.6	36.5	2380	2358	0.99	26	2313	59.6	66.7	102	42	 	 
25:47	25:13	13:19:10	8.8	5.6	67.7	4417	4631	1.05	54	2644	142.9	20.1	109	36	 	 
25:48	25:14	13:19:11	8.7	5.6	50.1	3267	3445	1.05	56	1872	105.0	41.3	110	36	 	 
25:50	25:16	13:19:13	8.8	5.6	64.8	4226	4523	1.07	46	2913	134.4	24.8	109	36	 	 
25:51	25:17	13:19:14	8.9	5.6	53.4	3484	3797	1.09	46	2736	125.3	29.9	112	35	 	 
25:52	25:18	13:19:15	8.7	5.9	47.3	3088	3373	1.09	47	2297	107.7	39.8	110	36	 	 
25:53	25:19	13:19:16	8.7	6.0	55.0	3586	3942	1.10	53	2432	129.1	27.8	112	34	 	 
25:54	25:20	13:19:17	8.9	6.0	46.6	3041	3295	1.08	56	1740	97.6	45.5	110	36	 	 
25:56	25:22	13:19:19	8.7	6.0	57.5	3748	4103	1.09	49	2662	129.9	27.4	110	36	 	 
25:57	25:23	13:19:20	8.7	6.0	53.0	3454	3797	1.10	46	2552	116.9	34.7	111	35	 	 
25:58	25:24	13:19:21	8.7	6.0	59.2	3861	4239	1.10	49	2752	135.4	24.3	111	35	 	 
25:59	25:25	13:19:22	8.8	6.0	51.3	3349	3785	1.13	48	2531	122.5	31.5	112	35	 	 
26:01	25:27	13:19:24	8.7	6.0	54.7	3571	4070	1.14	51	2483	126.3	29.4	111	35	 	 
26:03	25:29	13:19:26	8.7	6.0	32.8	2142	2218	1.04	27	2027	55.5	69.0	104	41	 	 
26:04	25:30	13:19:27	8.8	6.0	67.5	4401	4816	1.09	54	2663	143.9	19.5	108	37	 	 
26:05	25:31	13:19:28	8.7	6.0	56.5	3688	4075	1.10	52	2570	132.9	25.7	112	35	 	 
26:06	25:32	13:19:29	8.9	6.0	54.0	3519	3841	1.09	50	2422	120.1	32.9	110	36	 	 
26:07	25:33	13:19:30	8.7	6.5	59.6	3889	4258	1.10	48	2726	131.9	26.3	109	37	 	 
26:09	25:35	13:19:32	8.9	6.5	54.9	3580	4293	1.20	50	2721	136.0	23.9	111	36	 	 
26:10	25:36	13:19:33	8.8	6.5	49.4	3220	3655	1.14	48	2595	125.6	29.8	114	33	 	 
26:11	25:37	13:19:34	8.7	6.5	53.5	3488	3866	1.11	49	2536	124.7	30.3	112	35	 	 
26:12	25:38	13:19:35	8.8	6.5	53.8	3511	4011	1.14	53	2491	131.1	26.7	113	34	 	 
26:13	25:39	13:19:36	8.7	6.5	48.6	3168	3618	1.14	52	2217	115.7	35.3	112	35	 	 
26:15	25:41	13:19:38	8.8	6.5	54.8	3575	3925	1.10	50	2480	125.0	30.1	111	35	 	 
26:16	25:42	13:19:39	8.7	6.5	51.7	3373	3770	1.12	54	2396	128.3	28.2	114	33	 	 
26:17	25:43	13:19:40	8.8	6.5	54.8	3576	4061	1.14	48	2726	129.8	27.4	112	35	 	 
26:18	25:44	13:19:41	8.7	6.5	51.6	3363	3793	1.13	51	2415	123.8	30.8	113	34	 	 
26:19	25:45	13:19:42	8.9	6.5	56.6	3691	4196	1.14	55	2407	132.5	25.9	112	35	 	 
26:20	25:46	13:19:43	8.7	6.5	50.3	3284	3646	1.11	48	2503	121.1	32.3	113	34	 	 
26:22	25:48	13:19:45	8.9	6.6	53.4	3484	3825	1.10	50	2401	121.0	32.3	111	36	 	 
26:23	25:49	13:19:46	8.7	6.7	55.2	3601	4160	1.16	56	2479	139.0	22.3	113	34	 	 
26:24	25:50	13:19:47	8.8	6.7	53.7	3503	4004	1.14	56	2431	136.3	23.8	114	34	 	 
26:26	25:52	13:19:49	8.8	6.7	35.0	2282	2360	1.03	28	2115	60.1	66.4	105	40	 	 
26:27	25:53	13:19:50	8.7	6.7	66.5	4339	4801	1.11	56	2581	143.4	19.8	109	37	 	 
26:28	25:54	13:19:51	8.8	6.7	57.0	3720	4236	1.14	57	2465	140.9	21.2	113	34	 	 
26:29	25:55	13:19:52	8.8	6.7	51.3	3344	3942	1.18	57	2388	135.2	24.4	114	33	 	 
26:30	25:56	13:19:53	8.8	6.7	55.3	3610	4335	1.20	65	2360	153.9	13.9	116	32	 	 
26:31	25:57	13:19:54	8.7	6.7	52.4	3420	4165	1.22	62	2319	143.4	19.8	114	33	 	 
26:32	25:58	13:19:55	8.8	6.7	52.4	3417	3959	1.16	57	2340	132.5	25.9	114	33	 	 
26:33	25:59	13:19:56	8.7	6.7	44.8	2923	3608	1.23	58	2190	127.6	28.7	115	32	 	 
26:34	26:00	13:19:57	8.7	6.7	47.5	3101	3408	1.10	56	1965	109.2	39.0	112	35	 	 
26:35	26:01	13:19:58	8.7	6.7	61.1	3984	4517	1.13	59	2521	148.3	17.1	113	34	 	 
26:36	26:02	13:19:59	8.7	6.7	53.1	3464	4068	1.17	58	2462	142.1	20.6	114	33	 	 
26:37	26:03	13:20:00	8.7	7.6	55.0	3588	4098	1.14	55	2531	138.1	22.8	115	33	 	 
26:38	26:04	13:20:01	8.7	7.7	47.0	3064	3656	1.19	55	2285	125.8	29.7	115	33	 	 
26:39	26:05	13:20:02	8.9	7.7	55.4	3612	4225	1.17	62	2318	143.4	19.8	114	33	 	 
26:40	26:06	13:20:03	8.8	7.7	54.4	3546	4509	1.27	64	2382	152.1	15.0	115	33	 	 
26:41	26:07	13:20:04	8.9	7.7	53.8	3512	4157	1.18	57	2481	141.8	20.7	115	33	 	 
26:43	26:09	13:20:06	8.8	7.7	53.5	3487	4155	1.19	53	2520	133.8	25.2	114	33	 	 
26:44	26:10	13:20:07	5.2	7.7	50.5	3293	3739	1.14	50	2422	122.1	31.7	113	34	 	 
26:45	26:11	13:20:08	8.9	7.7	46.6	3038	3214	1.06	41	2341	95.5	46.6	110	36	 	 
26:47	26:13	13:20:10	8.8	7.7	40.6	2646	2748	1.04	30	2342	71.0	60.3	106	40	 	 
26:48	26:14	13:20:11	8.8	7.7	69.4	4527	5117	1.13	61	2623	159.0	11.1	111	35	 	 
26:49	26:15	13:20:12	8.8	7.7	61.8	4032	4574	1.13	59	2568	151.0	15.6	113	34	 	 
26:50	26:16	13:20:13	8.7	7.7	53.1	3463	3795	1.10	47	2552	119.6	33.1	110	36	 	 
26:52	26:18	13:20:15	8.7	7.7	59.6	3891	4611	1.19	55	2735	149.2	16.6	113	34	 	 
26:53	26:19	13:20:16	8.7	7.7	56.9	3712	4346	1.17	55	2645	145.6	18.6	115	33	 	 
26:54	26:20	13:20:17	8.8	7.7	55.0	3585	4255	1.19	56	2605	146.1	18.3	116	32	 	 
26:55	26:21	13:20:18	8.7	7.7	52.2	3407	3984	1.17	52	2518	130.3	27.2	114	34	 	 
26:56	26:22	13:20:19	8.9	7.7	52.9	3447	4073	1.18	52	2499	130.4	27.1	113	35	 	 
26:57	26:23	13:20:20	8.7	7.7	55.4	3614	4125	1.14	56	2477	137.6	23.1	114	33	 	 
26:58	26:24	13:20:21	8.8	7.7	53.2	3467	4382	1.26	59	2479	147.3	17.7	115	33	 	 
26:59	26:25	13:20:22	8.7	7.7	49.5	3226	4036	1.25	59	2414	143.4	19.8	117	31	 	 
27:00	26:26	13:20:23	8.7	7.7	57.6	3756	4497	1.20	61	2565	157.0	12.2	116	33	 	 
27:01	26:27	13:20:24	8.9	7.7	49.1	3200	3976	1.24	58	2429	141.5	20.9	116	32	 	 
27:02	26:28	13:20:25	8.7	7.7	43.5	2838	3236	1.14	63	1718	108.5	39.4	113	35	 	 
27:03	26:29	13:20:26	8.7	7.7	51.9	3385	3859	1.14	54	2230	119.5	33.2	112	35	 	 
27:04	26:30	13:20:27	8.8	7.7	58.0	3781	4628	1.22	61	2457	150.4	15.9	113	34	 	 
27:05	26:31	13:20:28	8.7	7.7	59.6	3890	4447	1.14	54	2706	145.0	19.0	114	34	 	 
27:06	26:32	13:20:29	8.7	8.4	48.0	3129	3592	1.15	54	2300	124.3	30.5	115	33	 	 
27:07	26:33	13:20:30	8.8	8.4	57.2	3731	4363	1.17	63	2475	154.7	13.5	116	33	 	 
27:08	26:34	13:20:31	8.8	8.7	55.6	3625	4334	1.20	63	2460	153.8	14.0	116	32	 	 
27:09	26:35	13:20:32	8.7	8.8	52.7	3435	4425	1.29	65	2368	152.8	14.6	115	33	 	 
27:10	26:36	13:20:33	8.7	8.8	51.7	3371	4136	1.23	67	2176	145.1	18.9	117	32	 	 
27:11	26:37	13:20:34	8.9	8.8	52.2	3406	4237	1.24	67	2240	149.3	16.5	116	32	 	 
27:12	26:38	13:20:35	8.9	8.8	48.0	3129	3894	1.24	73	1978	144.7	19.1	118	31	 	 
27:13	26:39	13:20:36	8.7	8.8	51.9	3385	4123	1.22	65	2333	152.2	14.9	117	31	 	 
27:14	26:40	13:20:37	8.8	8.8	50.6	3302	3917	1.19	58	2122	123.6	30.9	113	35	 	 
27:16	26:42	13:20:39	8.7	8.8	34.3	2238	2326	1.04	31	1936	59.9	66.5	104	42	 	 
27:17	26:43	13:20:40	8.9	8.8	67.5	4401	5336	1.21	65	2441	157.5	11.9	111	36	 	 
27:18	26:44	13:20:41	8.7	8.8	64.0	4173	4961	1.19	63	2518	159.0	11.1	113	35	 	 
27:19	26:45	13:20:42	8.7	8.8	57.4	3746	4649	1.24	65	2516	162.3	9.2	115	33	 	 
27:20	26:46	13:20:43	8.7	8.8	53.2	3471	4136	1.19	61	2346	143.7	19.7	115	33	 	 
27:20	26:46	13:20:43	8.7	8.8	54.0	3520	4283	1.22	66	2432	160.4	10.3	117	31	 	 
27:21	26:47	13:20:44	8.7	8.8	52.7	3440	4199	1.22	71	2241	158.2	11.6	118	30	 	 
27:22	26:48	13:20:45	8.8	8.8	57.7	3762	4608	1.22	73	2320	169.8	5.1	117	31	 	 
27:23	26:49	13:20:46	8.9	8.8	54.1	3527	4330	1.23	63	2427	151.7	15.2	116	32	 	 
27:24	26:50	13:20:47	8.7	8.8	52.6	3430	4217	1.23	68	2234	152.3	14.8	117	31	 	 
27:25	26:51	13:20:48	8.7	8.8	52.1	3399	4134	1.22	68	2211	150.7	15.7	118	31	 	 
27:26	26:52	13:20:49	8.8	8.8	61.3	3996	4991	1.25	56	2745	153.9	13.9	113	35	 	 
27:27	26:53	13:20:50	8.8	8.8	52.6	3433	4134	1.20	56	2547	141.5	20.9	116	33	 	 
27:28	26:54	13:20:51	8.7	8.8	56.7	3696	4587	1.24	58	2701	157.3	12.0	115	33	 	 
27:29	26:55	13:20:52	8.8	8.8	47.6	3102	3890	1.25	52	2574	134.3	24.9	117	32	 	 
27:30	26:56	13:20:53	8.7	8.8	58.6	3824	4592	1.20	54	2750	147.3	17.6	113	35	 	 
27:31	26:57	13:20:54	8.9	8.8	54.4	3550	4295	1.21	57	2492	142.4	20.4	114	34	 	 
27:32	26:58	13:20:55	8.7	8.8	55.8	3636	4440	1.22	57	2615	148.0	17.3	115	34	 	 
27:33	26:59	13:20:56	8.7	8.8	47.0	3064	3786	1.24	71	2113	149.1	16.6	119	30	 	 
27:34	27:00	13:20:57	8.9	8.8	56.6	3691	4639	1.26	67	2464	164.3	8.2	116	32	 	 
27:35	27:01	13:20:58	8.9	8.8	53.4	3481	4578	1.32	62	2468	152.6	14.7	115	34	 	 
27:36	27:02	13:20:59	8.7	8.9	51.8	3379	4249	1.26	60	2360	141.6	20.8	115	34	 	 
27:37	27:03	13:21:00	8.9	9.3	55.1	3596	4351	1.21	59	2462	144.8	19.0	114	34	 	 
27:38	27:04	13:21:01	8.7	9.4	53.9	3515	4292	1.22	59	2490	146.5	18.1	115	33	 	 
27:39	27:05	13:21:02	8.9	9.4	55.4	3611	4339	1.20	58	2477	142.9	20.1	114	34	 	 
27:40	27:06	13:21:03	8.7	9.4	55.6	3627	4339	1.20	55	2617	142.8	20.2	114	34	 	 
27:41	27:07	13:21:04	8.7	9.4	56.7	3701	4489	1.21	57	2622	148.4	17.0	114	34	 	 
27:42	27:08	13:21:05	8.9	9.4	51.2	3342	3992	1.19	60	2331	139.9	21.8	116	32	 	 
27:44	27:10	13:21:07	8.9	9.4	37.9	2474	2684	1.08	33	2166	72.2	59.6	108	39	 	 
27:45	27:11	13:21:08	8.7	9.4	65.6	4280	4963	1.16	61	2557	156.6	12.5	113	35	 	 
27:46	27:12	13:21:09	8.9	9.4	62.4	4069	4820	1.18	59	2655	157.7	11.8	113	34	 	 
27:47	27:13	13:21:10	8.9	9.4	55.0	3588	4507	1.26	56	2591	145.3	18.8	114	34	 	 
27:48	27:14	13:21:11	8.7	9.4	55.4	3616	4333	1.20	57	2535	143.5	19.8	115	34	 	 
27:49	27:15	13:21:12	8.7	9.4	57.7	3763	4607	1.22	57	2684	151.9	15.1	114	34	 	 
27:50	27:16	13:21:13	8.8	9.4	55.5	3621	4555	1.26	60	2664	159.8	10.7	116	32	 	 
27:51	27:17	13:21:14	8.7	9.9	52.3	3413	4223	1.24	56	2608	146.2	18.2	116	32	 	 
27:52	27:18	13:21:15	8.7	10.1	53.7	3505	4278	1.22	58	2543	148.1	17.2	116	33	 	 
27:54	27:20	13:21:17	8.7	10.1	54.2	3533	4455	1.26	59	2601	154.5	13.6	116	33	 	 
27:54	27:20	13:21:17	8.9	10.1	52.9	3448	4240	1.23	62	2388	147.7	17.4	117	32	 	 
27:55	27:21	13:21:18	8.9	10.1	56.0	3656	4752	1.30	59	2651	155.9	12.8	114	34	 	 
27:57	27:23	13:21:20	8.7	10.1	52.8	3445	4332	1.26	57	2519	142.6	20.3	115	33	 	 
27:58	27:24	13:21:21	8.9	10.1	48.4	3159	4096	1.30	61	2430	147.3	17.7	117	32	 	 
27:58	27:24	13:21:21	8.7	10.1	54.2	3534	4374	1.24	65	2388	154.1	13.9	116	33	 	 
28:00	27:26	13:21:23	8.9	10.1	49.9	3252	3911	1.20	56	2236	124.2	30.5	114	35	 	 
28:00	27:26	13:21:23	8.7	10.1	54.2	3538	4316	1.22	65	2316	149.4	16.5	115	33	 	 
28:01	27:27	13:21:24	8.7	10.1	57.1	3727	4566	1.22	65	2404	156.8	12.3	115	33	 	 
28:02	27:28	13:21:25	8.8	10.1	52.1	3399	4215	1.24	62	2375	146.9	17.9	117	32	 	 
28:03	27:29	13:21:26	8.7	10.1	57.9	3778	4750	1.26	61	2634	161.2	9.8	115	33	 	 
28:04	27:30	13:21:27	8.8	10.1	55.1	3595	4482	1.25	61	2440	149.4	16.5	115	34	 	 
28:05	27:31	13:21:28	8.7	10.1	49.9	3256	3927	1.21	56	2347	130.4	27.1	115	34	 	 
28:06	27:32	13:21:29	8.7	10.1	52.2	3402	4304	1.27	64	2297	146.6	18.0	116	33	 	 
28:07	27:33	13:21:30	8.9	10.4	53.7	3503	4565	1.30	67	2393	161.3	9.8	117	32	 	 
28:08	27:34	13:21:31	8.7	10.4	55.4	3615	4433	1.23	67	2357	157.1	12.1	117	32	 	 
28:09	27:35	13:21:32	8.9	10.4	55.8	3642	4617	1.27	59	2505	148.8	16.8	114	35	 	 
28:10	27:36	13:21:33	8.7	10.4	53.4	3485	4423	1.27	57	2623	148.5	17.0	116	33	 	 
28:11	27:37	13:21:34	8.8	10.4	52.3	3413	4232	1.24	62	2407	148.9	16.7	116	33	 	 
28:12	27:38	13:21:35	8.8	10.4	53.1	3461	4318	1.25	71	2175	153.6	14.2	117	32	 	 
28:13	27:39	13:21:36	8.7	10.4	53.2	3471	4302	1.24	71	2198	157.0	12.2	117	32	 	 
