Time	Ex Time	Time (Clock)	Speed	Grade	VO2	VO2	VCO2	RER	RR	Vt BTPS	VE BTPS	BR	PETO2	PETCO2	HR	HRR
(min)	(min)	(Clock)	(MPH)	(%)	(mL/kg/min)	(mL/min)	(mL/min)		(br/min)	(mL)	(L/min)	(%)	(mmHg)	(mmHg)	(BPM)	(%)
0:15	 	11:08:32	0.0	0.1	10.5	639	439	0.69	29	534	15.7	87.3	99	34	 	 
0:18	 	11:08:35	0.0	0.1	6.7	411	302	0.74	23	517	11.9	90.4	103	33	 	 
0:22	 	11:08:39	0.0	0.1	4.8	290	221	0.76	14	620	8.7	93.0	105	33	 	 
0:26	 	11:08:43	0.0	0.1	5.0	303	230	0.76	15	551	8.3	93.3	104	34	 	 
0:30	 	11:08:47	0.0	0.1	4.5	277	208	0.75	15	513	7.7	93.8	104	34	 	 
0:34	 	11:08:51	0.0	0.1	4.4	265	198	0.75	13	536	7.2	94.2	103	34	 	 
0:36	 	11:08:53	0.0	0.1	18.4	1118	845	0.76	32	813	26.1	79.0	102	34	 	 
0:38	 	11:08:55	0.0	0.1	4.5	276	248	0.90	33	418	13.8	88.9	112	28	 	 
0:41	 	11:08:58	0.0	0.1	3.5	214	199	0.93	23	374	8.6	93.1	110	30	 	 
0:46	 	11:09:03	0.0	0.1	1.2	71	57	0.81	10	299	3.1	97.5	108	32	 	 
0:51	 	11:09:08	0.0	0.1	6.7	406	294	0.72	12	772	9.2	92.6	97	36	 	 
0:55	 	11:09:12	0.0	0.1	10.6	643	480	0.75	19	857	16.2	86.9	102	34	 	 
0:59	 	11:09:16	0.0	0.1	5.5	333	255	0.77	14	656	9.4	92.4	103	34	 	 
1:03	 	11:09:20	0.0	0.1	2.6	161	126	0.78	15	392	5.8	95.4	107	32	 	 
1:07	 	11:09:24	0.0	0.1	3.4	207	160	0.77	15	456	6.8	94.5	104	34	 	 
1:10	0:00	11:09:27	0.9	0.7	7.6	462	319	0.69	23	391	9.1	92.7	100	35	 	 
1:12	0:02	11:09:29	2.8	0.8	8.1	494	387	0.78	29	505	14.5	88.3	102	34	 	 
1:14	0:04	11:09:31	2.9	0.8	8.4	513	393	0.77	32	481	15.3	87.6	103	33	 	 
1:16	0:06	11:09:33	3.0	0.8	14.3	868	670	0.77	40	624	25.0	79.9	105	32	 	 
1:19	0:09	11:09:36	2.9	0.8	8.8	536	414	0.77	21	710	15.0	87.9	103	34	 	 
1:22	0:12	11:09:39	3.0	0.8	5.3	320	227	0.71	18	460	8.4	93.2	94	37	 	 
1:24	0:14	11:09:41	3.0	0.8	17.3	1056	751	0.71	25	1001	24.6	80.2	99	34	 	 
1:27	0:17	11:09:44	3.0	0.8	15.8	960	667	0.70	25	865	21.6	82.6	99	34	 	 
1:29	0:19	11:09:46	3.0	0.8	10.7	652	451	0.69	30	539	16.1	87.0	98	35	 	 
1:31	0:21	11:09:48	3.0	0.8	12.0	733	527	0.72	28	628	17.8	85.7	97	36	 	 
1:33	0:23	11:09:50	3.0	0.8	13.9	846	587	0.69	31	665	20.8	83.3	99	35	 	 
1:35	0:25	11:09:52	3.0	0.8	13.6	830	620	0.75	25	836	21.0	83.1	101	34	 	 
1:38	0:28	11:09:55	3.0	0.8	5.8	354	268	0.75	19	499	9.4	92.4	102	34	 	 
1:40	0:30	11:09:57	3.0	0.8	14.7	897	648	0.72	30	705	20.8	83.2	98	36	 	 
1:42	0:32	11:09:59	3.0	0.8	16.6	1012	728	0.72	32	740	23.7	80.9	99	35	 	 
1:44	0:34	11:10:01	2.9	0.8	13.7	835	630	0.75	30	733	21.8	82.4	103	34	 	 
1:47	0:37	11:10:04	3.0	0.8	7.1	434	350	0.81	20	621	12.3	90.1	101	35	 	 
1:52	0:42	11:10:09	3.0	0.8	4.2	256	199	0.78	16	512	7.9	93.6	104	33	 	 
1:54	0:44	11:10:11	2.9	0.8	16.8	1022	682	0.67	37	603	22.3	82.0	93	37	 	 
1:56	0:46	11:10:13	2.9	0.8	13.1	800	536	0.67	29	636	18.4	85.2	95	36	 	 
1:58	0:48	11:10:15	2.9	0.8	16.3	990	668	0.67	29	753	21.9	82.3	94	36	 	 
2:00	0:50	11:10:17	2.9	0.8	14.5	885	609	0.69	31	673	20.9	83.1	96	35	 	 
2:02	0:52	11:10:19	3.0	0.8	11.1	675	453	0.67	26	629	16.2	87.0	97	35	 	 
2:05	0:55	11:10:22	2.9	0.8	18.9	1149	763	0.66	22	1002	22.2	82.1	91	37	 	 
2:06	0:56	11:10:23	3.0	0.8	9.2	561	406	0.72	36	488	17.4	86.0	100	33	 	 
2:08	0:58	11:10:25	2.9	0.8	16.0	977	688	0.70	35	686	24.1	80.6	100	34	 	 
2:10	1:00	11:10:27	3.0	0.8	13.9	847	602	0.71	30	682	20.6	83.4	98	35	 	 
2:12	1:02	11:10:29	4.7	0.8	2.5	155	128	0.82	39	213	8.4	93.3	109	28	 	 
2:13	1:03	11:10:30	5.8	0.8	28.9	1758	1173	0.67	42	920	38.9	68.7	96	35	 	 
2:14	1:04	11:10:31	5.8	0.8	27.2	1657	1192	0.72	44	906	40.0	67.8	99	34	 	 
2:16	1:06	11:10:33	5.8	0.8	23.1	1407	1046	0.74	36	1002	36.4	70.6	104	32	 	 
2:17	1:07	11:10:34	5.8	0.8	21.3	1296	995	0.77	42	863	36.5	70.6	104	33	 	 
2:19	1:09	11:10:36	5.8	0.8	20.1	1224	973	0.79	37	902	33.0	73.4	105	33	 	 
2:21	1:11	11:10:38	5.8	0.8	15.9	970	748	0.77	38	810	31.1	74.9	108	31	 	 
2:23	1:13	11:10:40	5.7	0.8	23.5	1429	1256	0.88	23	1934	44.1	64.4	111	30	 	 
2:25	1:15	11:10:42	5.8	0.8	15.4	938	725	0.77	35	761	26.4	78.7	104	34	 	 
2:27	1:17	11:10:44	5.7	0.8	19.7	1198	923	0.77	37	956	35.2	71.6	105	33	 	 
2:28	1:18	11:10:45	5.8	0.8	18.7	1136	915	0.81	45	763	34.2	72.5	104	33	 	 
2:30	1:20	11:10:47	5.8	0.8	19.0	1158	962	0.83	38	948	35.8	71.2	104	33	 	 
2:31	1:21	11:10:48	5.7	0.8	17.2	1046	808	0.77	40	792	31.7	74.5	105	32	 	 
2:33	1:23	11:10:50	5.7	0.8	27.0	1643	1186	0.72	40	1017	40.7	67.2	100	34	 	 
2:34	1:24	11:10:51	5.8	0.8	21.2	1289	946	0.73	36	918	33.0	73.4	101	34	 	 
2:36	1:26	11:10:53	5.7	0.8	20.3	1234	819	0.66	30	913	27.8	77.6	95	36	 	 
2:38	1:28	11:10:55	5.7	0.8	25.8	1569	1061	0.68	38	963	36.1	70.9	98	34	 	 
2:39	1:29	11:10:56	5.8	0.8	26.6	1623	1113	0.69	43	935	40.4	67.5	97	35	 	 
2:41	1:31	11:10:58	5.8	0.8	31.9	1943	1343	0.69	31	1437	45.2	63.6	100	33	 	 
2:43	1:33	11:11:00	5.8	0.8	27.6	1681	1199	0.71	36	1154	41.2	66.8	98	35	 	 
2:44	1:34	11:11:01	5.7	0.8	22.0	1341	950	0.71	43	822	35.0	71.8	100	34	 	 
2:46	1:36	11:11:03	5.7	0.8	25.9	1578	1068	0.68	39	979	38.4	69.1	99	34	 	 
2:47	1:37	11:11:04	5.8	0.8	25.7	1565	1065	0.68	39	979	37.9	69.4	99	34	 	 
2:49	1:39	11:11:06	5.7	0.8	34.4	2093	1468	0.70	34	1372	46.8	62.3	98	35	 	 
2:51	1:41	11:11:08	5.8	0.8	28.6	1744	1209	0.69	43	968	41.2	66.8	100	34	 	 
2:52	1:42	11:11:09	5.8	0.8	30.1	1832	1291	0.70	38	1096	41.1	66.9	98	35	 	 
2:54	1:44	11:11:11	5.8	0.8	24.5	1492	1028	0.69	37	985	36.5	70.6	100	34	 	 
2:55	1:45	11:11:12	5.7	0.8	25.9	1577	1119	0.71	39	983	38.3	69.1	98	35	 	 
2:57	1:47	11:11:14	5.8	0.8	37.8	2303	1656	0.72	34	1473	50.2	59.5	97	36	 	 
2:59	1:49	11:11:16	5.7	0.8	26.3	1603	1179	0.74	37	1123	41.1	66.9	102	34	 	 
3:00	1:50	11:11:17	5.7	0.8	32.5	1979	1424	0.72	44	1072	47.7	61.6	99	35	 	 
3:01	1:51	11:11:18	5.8	0.8	30.3	1848	1340	0.72	46	1001	45.9	63.0	99	35	 	 
3:03	1:53	11:11:20	5.7	0.8	33.6	2044	1546	0.76	45	1105	49.5	60.1	99	35	 	 
3:04	1:54	11:11:21	5.8	0.8	31.0	1890	1405	0.74	45	1023	46.1	62.8	100	35	 	 
3:06	1:56	11:11:23	5.8	0.8	35.3	2147	1618	0.75	37	1404	52.0	58.1	100	36	 	 
3:07	1:57	11:11:24	5.8	0.8	28.1	1710	1356	0.79	38	1186	45.3	63.5	105	33	 	 
3:09	1:59	11:11:26	5.7	0.8	34.3	2091	1663	0.80	33	1540	51.1	58.8	102	35	 	 
3:11	2:01	11:11:28	5.8	0.8	26.2	1596	1254	0.79	38	1163	43.6	64.8	104	34	 	 
3:12	2:02	11:11:29	5.7	0.8	26.6	1619	1241	0.77	45	984	44.0	64.5	106	33	 	 
3:13	2:03	11:11:30	5.8	0.8	33.1	2015	1550	0.77	44	1135	50.5	59.3	101	36	 	 
3:15	2:05	11:11:32	5.8	0.8	36.0	2196	1748	0.80	30	1719	52.1	58.0	101	36	 	 
3:17	2:07	11:11:34	5.8	0.8	22.7	1384	1005	0.73	31	1097	34.3	72.4	101	36	 	 
3:19	2:09	11:11:36	5.7	0.8	35.4	2157	1754	0.81	26	2039	53.2	57.1	103	35	 	 
3:21	2:11	11:11:38	5.8	0.8	34.9	2125	1673	0.79	43	1230	52.7	57.5	102	36	 	 
3:22	2:12	11:11:39	5.7	0.8	31.2	1902	1532	0.81	45	1098	49.2	60.4	102	36	 	 
3:24	2:14	11:11:41	5.8	0.8	32.2	1962	1592	0.81	43	1207	52.1	58.0	104	35	 	 
3:25	2:15	11:11:42	5.8	0.8	34.8	2121	1729	0.81	38	1457	55.0	55.7	103	35	 	 
3:27	2:17	11:11:44	5.7	0.8	30.6	1864	1562	0.84	44	1148	51.0	58.9	105	35	 	 
3:28	2:18	11:11:45	5.8	0.8	27.7	1690	1489	0.88	44	1108	48.9	60.6	105	35	 	 
3:30	2:20	11:11:47	5.8	0.8	31.7	1928	1586	0.82	37	1311	48.0	61.3	102	36	 	 
3:32	2:22	11:11:49	5.8	0.8	20.8	1264	952	0.75	28	1044	29.6	76.2	99	38	 	 
3:34	2:24	11:11:51	5.8	0.8	37.4	2277	1862	0.82	30	1858	56.3	54.6	103	36	 	 
3:35	2:25	11:11:52	5.8	0.8	37.1	2261	1866	0.83	40	1422	56.5	54.5	102	36	 	 
3:37	2:27	11:11:54	5.8	0.8	31.9	1941	1626	0.84	43	1162	50.5	59.3	105	35	 	 
3:38	2:28	11:11:55	5.7	0.8	33.7	2051	1736	0.85	47	1173	55.0	55.7	105	35	 	 
3:39	2:29	11:11:56	5.8	0.8	34.1	2079	1771	0.85	47	1242	57.8	53.4	106	35	 	 
3:40	2:30	11:11:57	5.8	0.8	31.6	1923	1661	0.86	45	1203	54.3	56.3	106	35	 	 
3:42	2:32	11:11:59	5.8	0.8	31.5	1916	1666	0.87	45	1179	53.6	56.8	106	35	 	 
3:43	2:33	11:12:00	5.8	0.8	32.2	1962	1688	0.86	35	1462	51.6	58.4	105	36	 	 
3:45	2:35	11:12:02	5.8	0.8	33.1	2018	1756	0.87	38	1459	55.4	55.4	105	36	 	 
3:46	2:36	11:12:03	5.8	0.8	31.9	1945	1682	0.86	44	1245	55.3	55.4	105	36	 	 
3:48	2:38	11:12:05	5.8	0.8	31.5	1919	1700	0.89	45	1206	54.4	56.1	106	35	 	 
3:49	2:39	11:12:06	5.8	0.8	28.5	1735	1525	0.88	41	1203	49.8	59.9	106	35	 	 
3:51	2:41	11:12:08	5.8	0.8	34.5	2101	1849	0.88	28	2031	57.2	53.9	107	35	 	 
3:53	2:43	11:12:10	5.8	0.8	29.6	1806	1487	0.82	35	1228	42.8	65.5	101	38	 	 
3:54	2:44	11:12:11	5.7	0.8	35.7	2174	1849	0.85	46	1229	56.7	54.3	104	36	 	 
3:56	2:46	11:12:13	5.8	0.8	35.7	2177	1865	0.86	46	1320	60.9	50.9	105	36	 	 
3:57	2:47	11:12:14	5.8	0.8	33.3	2026	1838	0.91	46	1324	60.7	51.1	106	35	 	 
3:59	2:49	11:12:16	5.8	0.8	34.7	2116	1895	0.90	36	1579	57.1	54.0	105	36	 	 
4:00	2:50	11:12:17	5.7	0.8	28.5	1733	1566	0.90	41	1258	52.0	58.1	108	35	 	 
4:02	2:52	11:12:19	5.7	0.8	33.2	2022	1796	0.89	40	1404	56.5	54.4	105	36	 	 
4:03	2:53	11:12:20	5.8	0.8	33.1	2019	1778	0.88	45	1305	58.4	52.9	106	35	 	 
4:04	2:54	11:12:21	5.7	0.8	33.7	2054	1853	0.90	45	1315	59.3	52.2	106	35	 	 
4:06	2:56	11:12:23	5.8	0.8	31.9	1940	1749	0.90	45	1251	56.8	54.2	107	35	 	 
4:08	2:58	11:12:25	5.7	0.8	31.1	1892	1762	0.93	23	2446	56.0	54.9	107	35	 	 
4:10	3:00	11:12:27	5.8	0.8	30.7	1868	1630	0.87	43	1199	51.7	58.3	105	36	 	 
4:11	3:01	11:12:28	5.7	0.8	36.4	2217	1942	0.88	47	1244	58.8	52.6	104	37	 	 
4:12	3:02	11:12:29	5.8	0.8	35.5	2163	1910	0.88	45	1332	60.5	51.2	106	35	 	 
4:14	3:04	11:12:31	5.7	0.8	29.3	1786	1610	0.90	42	1255	52.3	57.8	108	34	 	 
4:15	3:05	11:12:32	5.8	0.8	33.0	2010	1781	0.89	40	1396	56.2	54.7	107	34	 	 
4:17	3:07	11:12:34	5.8	0.8	33.6	2045	1784	0.87	42	1350	57.0	54.0	106	35	 	 
4:18	3:08	11:12:35	5.7	0.8	32.4	1971	1749	0.89	44	1276	56.3	54.6	107	35	 	 
4:19	3:09	11:12:36	5.7	0.8	32.5	1981	1819	0.92	44	1302	57.9	53.4	108	34	 	 
4:21	3:11	11:12:38	5.7	0.8	27.0	1642	1547	0.94	38	1247	47.1	62.1	106	36	 	 
4:22	3:12	11:12:39	5.7	0.8	32.0	1949	1729	0.89	41	1247	51.3	58.7	104	36	 	 
4:24	3:14	11:12:41	5.8	0.8	39.7	2418	2121	0.88	40	1546	61.9	50.1	103	37	 	 
4:25	3:15	11:12:42	5.8	0.8	38.8	2361	2169	0.92	37	1874	69.4	44.1	108	35	 	 
4:27	3:17	11:12:44	5.7	0.8	32.5	1979	1808	0.91	45	1355	60.7	51.1	107	35	 	 
4:28	3:18	11:12:45	5.7	0.8	30.5	1857	1687	0.91	46	1245	57.0	54.0	108	35	 	 
4:29	3:19	11:12:46	5.7	0.8	33.9	2068	1889	0.91	46	1358	62.2	49.9	106	36	 	 
4:31	3:21	11:12:48	5.7	0.8	32.9	2004	1858	0.93	43	1381	59.6	52.0	108	35	 	 
4:33	3:23	11:12:50	5.7	0.8	25.6	1557	1281	0.82	26	1232	32.4	73.9	98	40	 	 
4:34	3:24	11:12:51	5.8	0.8	37.8	2302	2003	0.87	43	1398	60.8	51.0	104	36	 	 
4:36	3:26	11:12:53	5.8	0.8	39.7	2417	2235	0.92	37	1900	70.8	42.9	108	35	 	 
4:37	3:27	11:12:54	5.8	0.8	34.8	2118	1985	0.94	45	1449	65.8	46.9	109	34	 	 
4:39	3:29	11:12:56	5.7	0.8	30.7	1872	1749	0.93	46	1320	60.5	51.3	109	34	 	 
4:40	3:30	11:12:57	5.8	0.8	31.7	1931	1858	0.96	45	1365	61.1	50.7	108	35	 	 
4:41	3:31	11:12:58	5.7	0.8	29.4	1792	1672	0.93	43	1258	54.7	55.9	108	35	 	 
4:43	3:33	11:13:00	5.8	0.8	33.2	2022	1844	0.91	39	1432	56.5	54.4	105	36	 	 
4:44	3:34	11:13:01	5.7	0.8	36.7	2237	2032	0.91	42	1505	63.6	48.7	106	36	 	 
4:46	3:36	11:13:03	5.8	0.8	34.2	2084	1916	0.92	44	1382	61.4	50.5	108	35	 	 
4:47	3:37	11:13:04	5.7	0.8	32.5	1982	1879	0.95	38	1621	60.8	51.0	108	35	 	 
4:49	3:39	11:13:06	5.8	0.8	30.1	1834	1755	0.96	45	1307	59.0	52.5	108	35	 	 
4:50	3:40	11:13:07	5.7	0.8	29.0	1768	1680	0.95	42	1266	53.5	56.9	106	36	 	 
4:52	3:42	11:13:09	5.8	0.8	33.2	2021	1791	0.89	37	1456	53.6	56.8	103	37	 	 
4:53	3:43	11:13:10	5.7	0.8	35.5	2163	1967	0.91	43	1443	62.3	49.8	107	35	 	 
4:55	3:45	11:13:12	5.7	0.8	29.2	1778	1604	0.90	38	1402	53.9	56.5	109	34	 	 
4:56	3:46	11:13:13	5.7	0.8	33.0	2008	1758	0.88	44	1284	57.1	54.0	105	36	 	 
4:57	3:47	11:13:14	5.7	0.8	33.8	2060	1885	0.92	45	1356	60.7	51.1	105	36	 	 
4:59	3:49	11:13:16	5.7	0.8	34.9	2127	1924	0.90	44	1369	60.0	51.7	106	35	 	 
5:00	3:50	11:13:17	5.8	0.8	35.6	2170	1953	0.90	44	1375	61.1	50.7	106	35	 	 
5:02	3:52	11:13:19	5.8	0.8	35.1	2141	1960	0.92	31	2111	65.6	47.1	110	34	 	 
5:03	3:53	11:13:20	5.8	0.8	33.2	2022	1876	0.93	43	1373	59.7	51.9	107	35	 	 
5:05	3:55	11:13:22	5.7	0.8	29.9	1821	1686	0.93	44	1260	55.2	55.5	108	35	 	 
5:06	3:56	11:13:23	5.8	0.8	33.0	2011	1761	0.88	38	1336	50.1	59.6	103	37	 	 
5:08	3:58	11:13:25	5.8	0.8	30.7	1867	1656	0.89	37	1405	52.0	58.1	107	35	 	 
5:09	3:59	11:13:26	5.8	0.8	35.7	2176	1898	0.87	44	1378	61.3	50.6	105	36	 	 
5:11	4:01	11:13:28	5.8	0.8	33.4	2035	1805	0.89	41	1409	57.9	53.3	107	35	 	 
5:12	4:02	11:13:29	5.7	0.8	36.5	2225	1996	0.90	40	1545	62.2	49.8	105	36	 	 
5:14	4:04	11:13:31	5.7	0.8	32.5	1978	1795	0.91	40	1456	58.6	52.8	108	34	 	 
5:15	4:05	11:13:32	5.7	0.8	28.5	1734	1585	0.91	40	1335	53.0	57.2	109	34	 	 
5:17	4:07	11:13:34	5.8	0.8	37.6	2289	1998	0.87	44	1430	62.6	49.5	104	36	 	 
5:18	4:08	11:13:35	5.8	0.8	32.0	1947	1720	0.88	36	1554	55.8	55.0	106	36	 	 
5:21	4:11	11:13:38	5.8	0.8	26.2	1598	1236	0.77	22	1391	31.3	74.8	93	43	 	 
5:22	4:12	11:13:39	5.8	0.8	41.3	2514	2107	0.84	42	1501	63.4	48.9	103	36	 	 
5:24	4:14	11:13:41	5.8	0.8	41.5	2528	2232	0.88	38	1877	71.3	42.6	107	35	 	 
5:25	4:15	11:13:42	5.8	0.8	35.2	2144	2015	0.94	45	1496	68.0	45.2	108	35	 	 
5:27	4:17	11:13:44	5.7	0.8	27.6	1683	1583	0.94	45	1320	59.1	52.4	113	32	 	 
5:28	4:18	11:13:45	5.8	0.8	30.7	1871	1693	0.90	45	1328	60.4	51.3	111	33	 	 
5:29	4:19	11:13:46	5.7	0.8	34.1	2080	1899	0.91	44	1399	61.7	50.3	106	35	 	 
5:31	4:21	11:13:48	5.7	0.8	34.4	2095	1864	0.89	45	1368	61.2	50.6	105	36	 	 
5:32	4:22	11:13:49	5.8	0.8	33.6	2044	1823	0.89	46	1346	61.6	50.3	107	35	 	 
5:33	4:23	11:13:50	5.8	0.8	34.3	2088	1895	0.91	43	1436	61.1	50.8	106	35	 	 
5:35	4:25	11:13:52	5.8	0.8	35.6	2171	2141	0.99	29	2357	68.0	45.2	109	34	 	 
5:37	4:27	11:13:54	5.7	0.8	30.4	1851	1701	0.92	38	1375	51.9	58.2	106	36	 	 
5:39	4:29	11:13:56	5.7	0.8	29.6	1801	1503	0.83	37	1217	44.5	64.1	102	38	 	 
5:40	4:30	11:13:57	5.8	0.8	37.1	2259	1942	0.86	45	1365	61.1	50.7	105	36	 	 
5:41	4:31	11:13:58	5.7	0.8	37.6	2288	2087	0.91	44	1452	64.1	48.4	106	36	 	 
5:43	4:33	11:14:00	5.8	0.8	36.6	2229	2062	0.93	45	1466	66.1	46.7	107	35	 	 
5:44	4:34	11:14:01	5.7	0.8	35.1	2136	1960	0.92	46	1434	65.7	47.1	108	35	 	 
5:45	4:35	11:14:02	5.8	0.8	33.2	2025	1900	0.94	45	1422	64.6	47.9	108	34	 	 
5:47	4:37	11:14:04	5.8	0.8	32.2	1963	1863	0.95	44	1376	61.1	50.7	108	35	 	 
5:48	4:38	11:14:05	5.8	0.8	33.0	2011	1882	0.94	45	1352	60.5	51.2	107	36	 	 
5:49	4:39	11:14:06	5.8	0.8	31.4	1914	1814	0.95	46	1284	58.8	52.6	107	35	 	 
5:51	4:41	11:14:08	5.7	0.8	35.4	2155	1987	0.92	37	1649	61.1	50.8	106	36	 	 
5:52	4:42	11:14:09	5.8	0.8	36.0	2191	2011	0.92	43	1465	63.2	49.0	107	36	 	 
5:54	4:44	11:14:11	5.7	0.8	32.7	1991	1850	0.93	41	1450	59.2	52.3	109	34	 	 
5:55	4:45	11:14:12	5.8	0.8	32.9	2004	1876	0.94	47	1306	61.2	50.7	109	34	 	 
5:57	4:47	11:14:14	5.8	0.8	36.6	2231	2090	0.94	38	1706	64.8	47.8	107	36	 	 
5:58	4:48	11:14:15	5.8	0.8	32.8	1999	1852	0.93	46	1334	61.1	50.8	108	35	 	 
5:59	4:49	11:14:16	5.8	0.8	31.5	1918	1774	0.92	43	1334	57.2	53.9	108	35	 	 
6:01	4:51	11:14:18	5.8	0.8	32.4	1971	1801	0.91	40	1441	57.3	53.8	108	35	 	 
6:02	4:52	11:14:19	5.7	0.8	39.0	2377	2147	0.90	43	1540	66.5	46.4	106	36	 	 
6:04	4:54	11:14:21	5.7	0.8	35.9	2186	2055	0.94	45	1462	66.0	46.8	108	35	 	 
6:05	4:55	11:14:22	5.7	0.8	33.2	2022	1878	0.93	37	1609	60.0	51.7	107	36	 	 
6:07	4:57	11:14:24	5.8	0.8	32.2	1964	1899	0.97	44	1413	61.9	50.1	109	34	 	 
6:09	4:59	11:14:26	5.7	0.8	25.3	1538	1238	0.81	23	1361	30.8	75.2	95	42	 	 
6:11	5:01	11:14:28	5.8	0.8	42.6	2596	2187	0.84	45	1464	65.6	47.1	102	38	 	 
6:12	5:02	11:14:29	5.7	0.8	39.3	2392	2111	0.88	42	1567	65.3	47.4	107	35	 	 
6:14	5:04	11:14:31	5.7	0.8	38.5	2344	2318	0.99	30	2531	74.8	39.7	110	34	 	 
6:15	5:05	11:14:32	5.8	0.8	31.2	1902	1819	0.96	48	1257	59.9	51.8	109	35	 	 
6:17	5:07	11:14:34	5.8	0.8	27.6	1682	1829	1.09	47	1290	60.0	51.6	107	35	 	 
6:18	5:08	11:14:35	5.7	0.8	31.2	1900	1737	0.91	46	1262	57.8	53.4	106	36	 	 
6:19	5:09	11:14:36	5.8	0.8	35.2	2146	1917	0.89	45	1360	61.8	50.2	105	36	 	 
6:21	5:11	11:14:38	5.8	0.8	35.6	2166	2001	0.92	46	1437	66.3	46.5	106	35	 	 
6:22	5:12	11:14:39	5.8	0.8	30.8	1878	1744	0.93	43	1348	58.6	52.8	107	35	 	 
6:23	5:13	11:14:40	5.7	0.8	31.3	1909	1790	0.94	41	1411	57.6	53.6	107	35	 	 
6:25	5:15	11:14:42	5.8	0.8	34.0	2070	1838	0.89	38	1427	54.9	55.8	104	37	 	 
6:26	5:16	11:14:43	5.7	0.8	34.9	2123	1904	0.90	44	1354	60.2	51.5	106	36	 	 
6:28	5:18	11:14:45	5.8	0.8	28.8	1752	1584	0.90	38	1346	51.8	58.3	107	35	 	 
6:29	5:19	11:14:46	5.7	0.8	36.9	2250	1983	0.88	42	1445	61.1	50.8	105	36	 	 
6:31	5:21	11:14:48	5.8	0.8	37.0	2252	2030	0.90	45	1414	63.8	48.6	106	36	 	 
6:32	5:22	11:14:49	5.7	0.8	35.2	2143	1970	0.92	44	1428	63.0	49.2	108	35	 	 
6:33	5:23	11:14:50	5.8	0.8	34.9	2124	1974	0.93	45	1392	62.3	49.7	107	35	 	 
6:35	5:25	11:14:52	5.7	0.8	31.5	1918	1734	0.90	48	1247	59.4	52.1	108	35	 	 
6:36	5:26	11:14:53	5.8	0.8	36.8	2244	2044	0.91	45	1453	66.1	46.8	106	36	 	 
6:37	5:27	11:14:54	5.7	0.8	32.9	2007	1831	0.91	46	1360	62.3	49.8	106	36	 	 
6:39	5:29	11:14:56	5.8	0.8	32.1	1957	1774	0.91	44	1346	58.9	52.5	107	35	 	 
6:40	5:30	11:14:57	5.7	0.8	35.7	2177	1954	0.90	45	1388	63.1	49.1	106	36	 	 
6:41	5:31	11:14:58	5.8	0.8	33.3	2026	1896	0.94	44	1382	60.5	51.2	106	36	 	 
6:43	5:33	11:15:00	5.8	0.8	32.8	2000	1813	0.91	45	1289	57.7	53.5	107	35	 	 
6:44	5:34	11:15:01	5.8	0.8	35.2	2142	1935	0.90	47	1373	63.9	48.5	106	36	 	 
6:45	5:35	11:15:02	5.7	0.8	34.4	2093	1888	0.90	44	1422	62.3	49.8	106	36	 	 
6:47	5:37	11:15:04	5.8	0.8	32.3	1970	1845	0.94	45	1363	61.0	50.8	108	35	 	 
6:48	5:38	11:15:05	5.7	0.8	34.7	2116	1922	0.91	46	1381	63.3	49.0	106	36	 	 
6:49	5:39	11:15:06	5.8	0.8	32.1	1954	1851	0.95	44	1380	61.3	50.6	107	35	 	 
6:51	5:41	11:15:08	5.8	0.8	34.1	2078	1935	0.93	45	1385	62.9	49.3	106	36	 	 
6:52	5:42	11:15:09	5.8	0.8	34.2	2085	1922	0.92	45	1407	63.0	49.2	106	36	 	 
6:53	5:43	11:15:10	5.7	0.8	34.7	2113	1910	0.90	42	1429	60.4	51.3	106	36	 	 
6:55	5:45	11:15:12	5.8	0.8	31.5	1921	1792	0.93	41	1414	57.7	53.5	108	34	 	 
6:56	5:46	11:15:13	5.7	0.8	33.9	2066	1879	0.91	40	1461	58.4	52.9	105	37	 	 
6:58	5:48	11:15:15	5.7	0.8	35.2	2145	1943	0.91	42	1450	60.9	51.0	106	36	 	 
7:00	5:50	11:15:17	5.8	0.8	26.8	1630	1417	0.87	32	1393	44.5	64.2	106	36	 	 
7:01	5:51	11:15:18	5.8	0.8	31.9	1941	1572	0.81	35	1277	44.3	64.3	98	40	 	 
7:03	5:53	11:15:20	5.7	0.8	41.6	2537	2142	0.84	45	1425	64.8	47.8	103	37	 	 
7:04	5:54	11:15:21	5.8	0.8	42.0	2560	2232	0.87	44	1579	70.2	43.4	105	36	 	 
7:05	5:55	11:15:22	5.8	0.8	35.3	2149	1947	0.91	44	1415	62.0	50.0	107	35	 	 
7:07	5:57	11:15:24	5.8	0.8	31.5	1921	1838	0.96	47	1346	62.6	49.6	108	35	 	 
7:08	5:58	11:15:25	5.8	0.8	31.7	1931	1835	0.95	45	1354	61.1	50.8	107	35	 	 
7:09	5:59	11:15:26	5.7	0.8	32.4	1972	1813	0.92	45	1371	61.9	50.1	109	33	 	 
7:11	6:01	11:15:28	4.0	0.8	33.0	2009	1841	0.92	41	1400	57.9	53.3	105	36	 	 
7:12	6:02	11:15:29	3.0	0.8	26.5	1615	1509	0.93	36	1291	45.8	63.0	106	36	 	 
7:15	6:05	11:15:32	2.2	0.8	28.6	1745	1708	0.98	22	2343	52.3	57.9	107	35	 	 
7:17	6:07	11:15:34	2.2	0.8	19.5	1190	1017	0.85	32	963	30.6	75.4	101	39	 	 
7:19	6:09	11:15:36	2.3	0.8	29.4	1792	1612	0.90	38	1242	46.6	62.5	101	39	 	 
7:20	6:10	11:15:37	2.3	0.8	31.4	1910	1712	0.90	38	1320	49.5	60.1	103	38	 	 
7:22	6:12	11:15:39	2.2	0.8	29.9	1824	1660	0.91	35	1393	48.3	61.1	103	38	 	 
7:25	6:15	11:15:42	2.3	0.8	14.8	902	857	0.95	21	1210	25.6	79.4	106	36	 	 
7:26	6:16	11:15:43	2.3	0.8	36.7	2237	1855	0.83	38	1295	48.6	60.9	95	42	 	 
7:28	6:18	11:15:45	2.3	0.8	39.2	2387	2052	0.86	36	1584	56.3	54.7	100	38	 	 
7:30	6:20	11:15:47	2.3	0.8	30.7	1868	1730	0.93	36	1449	51.4	58.5	105	36	 	 
7:32	6:22	11:15:49	2.3	0.8	24.5	1491	1426	0.96	29	1409	41.4	66.6	105	37	 	 
7:34	6:24	11:15:51	2.3	0.8	22.0	1339	1248	0.93	26	1331	35.2	71.6	102	39	 	 
7:36	6:26	11:15:53	2.2	0.8	27.4	1672	1530	0.92	32	1298	41.9	66.2	102	40	 	 
7:38	6:28	11:15:55	2.3	0.8	26.1	1590	1528	0.96	32	1344	42.9	65.4	104	38	 	 
7:40	6:30	11:15:57	2.2	0.8	27.8	1697	1667	0.98	33	1404	46.8	62.3	105	38	 	 
7:41	6:31	11:15:58	2.2	0.8	24.4	1485	1514	1.02	36	1201	43.2	65.2	106	38	 	 
7:43	6:33	11:16:00	2.3	0.8	23.6	1439	1488	1.03	35	1265	43.9	64.6	108	37	 	 
7:45	6:35	11:16:02	2.3	0.8	21.4	1306	1380	1.06	31	1303	40.3	67.5	108	38	 	 
7:48	6:38	11:16:05	2.2	0.8	16.1	979	946	0.97	18	1306	23.9	80.7	101	43	 	 
7:50	6:40	11:16:07	2.3	0.8	27.5	1673	1765	1.05	35	1411	49.8	59.9	107	38	 	 
7:52	6:42	11:16:09	2.2	0.8	24.2	1474	1675	1.14	31	1652	50.8	59.0	111	36	 	 
7:54	6:44	11:16:11	2.3	0.8	17.0	1037	1252	1.21	31	1242	38.8	68.7	113	36	 	 
7:56	6:46	11:16:13	2.2	0.8	14.1	861	1063	1.23	30	1113	33.0	73.4	114	35	 	 
7:59	6:49	11:16:16	2.3	0.8	13.8	844	916	1.09	20	1136	22.6	81.7	106	41	 	 
8:01	6:51	11:16:18	2.3	0.8	21.0	1282	1487	1.16	33	1284	42.8	65.5	111	37	 	 
8:04	6:54	11:16:21	2.2	0.8	13.2	801	933	1.16	18	1428	26.3	78.8	110	39	 	 
8:07	6:57	11:16:24	2.2	0.8	11.8	718	759	1.06	20	913	18.5	85.1	105	41	 	 
8:09	6:59	11:16:26	2.3	0.8	20.6	1257	1406	1.12	32	1249	40.3	67.5	109	38	 	 
8:11	7:01	11:16:28	2.2	0.8	19.8	1204	1449	1.20	31	1446	45.4	63.4	114	35	 	 
8:12	7:02	11:16:29	2.3	0.8	15.9	967	1211	1.25	34	1129	38.7	68.8	115	34	 	 
8:14	7:04	11:16:31	2.2	0.8	13.5	824	1050	1.28	32	1059	33.4	73.1	115	35	 	 
8:16	7:06	11:16:33	2.3	0.8	13.1	800	1020	1.27	33	994	32.4	73.9	115	34	 	 
8:18	7:08	11:16:35	2.3	0.8	12.9	783	994	1.27	31	1002	31.3	74.8	115	34	 	 
8:20	7:10	11:16:37	2.3	0.8	13.1	800	1020	1.27	30	1086	32.4	73.9	115	35	 	 
8:22	7:12	11:16:39	2.3	0.8	11.5	703	892	1.27	29	981	28.4	77.1	115	35	 	 
8:24	7:14	11:16:41	2.2	0.8	13.3	808	985	1.22	29	1035	30.4	75.5	113	35	 	 
8:26	7:16	11:16:43	2.3	0.8	12.9	783	947	1.21	30	1005	29.7	76.1	113	35	 	 
8:29	7:19	11:16:46	2.2	0.8	9.7	589	706	1.20	25	905	22.4	82.0	114	35	 	 
8:31	7:21	11:16:48	2.3	0.8	12.4	754	835	1.11	27	949	25.2	79.7	111	37	 	 
8:33	7:23	11:16:50	2.3	0.8	14.2	867	987	1.14	29	1042	30.5	75.4	112	35	 	 
8:35	7:25	11:16:52	2.3	0.8	13.8	839	979	1.17	30	1039	30.7	75.2	113	35	 	 
8:38	7:28	11:16:55	2.3	0.8	11.1	674	770	1.14	24	1006	24.2	80.5	112	36	 	 
8:40	7:30	11:16:57	2.3	0.8	12.2	745	870	1.17	28	961	27.3	78.0	113	35	 	 
8:42	7:32	11:16:59	2.2	0.8	11.8	717	827	1.15	29	914	26.2	78.9	113	35	 	 
8:45	7:35	11:17:02	2.2	0.8	7.1	431	520	1.21	20	873	17.3	86.0	115	33	 	 
8:47	7:37	11:17:04	2.3	0.8	16.0	977	1057	1.08	31	1026	31.4	74.7	109	36	 	 
8:49	7:39	11:17:06	2.2	0.8	12.1	740	832	1.12	28	942	26.2	78.9	112	35	 	 
8:51	7:41	11:17:08	2.3	0.8	12.0	733	822	1.12	29	912	26.3	78.8	112	34	 	 
8:53	7:43	11:17:10	2.3	0.8	10.3	630	702	1.11	30	748	22.8	81.6	112	35	 	 
8:55	7:45	11:17:12	2.3	0.8	11.8	717	792	1.10	29	873	25.1	79.8	112	35	 	 
8:57	7:47	11:17:14	2.2	0.8	11.9	724	807	1.11	30	860	25.8	79.2	112	35	 	 
8:59	7:49	11:17:16	2.3	0.8	12.2	743	829	1.12	28	930	26.2	78.9	112	34	 	 
9:02	7:52	11:17:19	2.3	0.8	7.7	468	511	1.09	24	723	17.1	86.2	111	35	 	 
9:04	7:54	11:17:21	2.3	0.8	12.1	735	787	1.07	28	848	24.0	80.7	110	35	 	 
9:06	7:56	11:17:23	2.3	0.8	10.9	662	701	1.06	28	790	22.3	82.1	110	35	 	 
9:08	7:58	11:17:25	2.3	0.8	12.7	772	807	1.05	29	849	25.0	79.9	110	35	 	 
9:10	8:00	11:17:27	2.3	0.8	8.9	542	533	0.98	25	690	17.0	86.3	108	37	 	 
9:12	8:02	11:17:29	2.2	0.8	12.6	769	800	1.04	30	848	25.1	79.8	109	35	 	 
9:17	8:07	11:17:34	2.2	0.8	5.6	340	359	1.06	14	843	12.0	90.3	110	35	 	 
9:19	8:09	11:17:36	2.3	0.8	19.3	1174	1073	0.91	32	968	30.6	75.4	102	38	 	 
9:22	8:12	11:17:39	2.3	0.8	16.5	1004	1067	1.06	16	2268	35.5	71.4	114	32	 	 
9:25	8:15	11:17:42	2.2	0.8	10.4	631	674	1.07	28	814	22.8	81.6	112	34	 	 
9:27	8:17	11:17:44	2.3	0.8	10.1	618	671	1.09	30	737	22.1	82.2	112	34	 	 
9:29	8:19	11:17:46	2.2	0.8	9.7	594	630	1.06	28	745	20.7	83.3	112	34	 	 
9:31	8:21	11:17:48	2.3	0.8	11.5	701	726	1.03	30	777	23.4	81.1	110	34	 	 
9:33	8:23	11:17:50	2.3	0.8	12.1	738	761	1.03	29	839	24.1	80.6	111	34	 	 
9:35	8:25	11:17:52	2.2	0.8	9.2	559	553	0.99	24	741	17.9	85.6	109	36	 	 
9:37	8:27	11:17:54	2.3	0.8	12.4	756	766	1.01	29	831	24.5	80.3	109	35	 	 
9:40	8:30	11:17:57	2.3	0.8	11.4	693	715	1.03	27	858	23.1	81.4	111	34	 	 
9:42	8:32	11:17:59	2.3	0.8	11.5	702	719	1.02	29	807	23.1	81.4	110	34	 	 
9:44	8:34	11:18:01	2.3	0.8	10.2	621	639	1.03	26	781	20.7	83.4	111	34	 	 
9:46	8:36	11:18:03	2.2	0.8	12.9	789	788	1.00	28	868	24.6	80.2	109	35	 	 
9:48	8:38	11:18:05	2.3	0.8	11.6	708	706	1.00	28	832	23.1	81.4	109	35	 	 
9:51	8:41	11:18:08	2.2	0.8	9.1	556	566	1.02	24	773	18.3	85.2	110	34	 	 
9:53	8:43	11:18:10	2.3	0.8	11.3	689	675	0.98	27	784	21.4	82.8	108	35	 	 
9:55	8:45	11:18:12	2.3	0.8	11.8	722	725	1.01	29	803	23.5	81.1	110	34	 	 
9:57	8:47	11:18:14	2.3	0.8	10.7	651	664	1.02	25	870	21.5	82.7	110	35	 	 
10:00	8:50	11:18:17	2.3	0.8	11.8	718	718	1.00	25	911	22.9	81.6	109	35	 	 
10:03	8:53	11:18:20	2.3	0.8	8.0	490	461	0.94	19	738	13.9	88.8	103	38	 	 
10:06	8:56	11:18:23	2.3	0.8	8.9	544	492	0.91	17	831	14.4	88.4	101	39	 	 
10:09	8:59	11:18:26	2.2	0.8	13.3	807	732	0.91	28	802	22.1	82.2	105	36	 	 
10:10	9:00	11:18:27	2.5	0.8	22.0	1339	1243	0.93	41	916	37.6	69.7	106	35	 	 
10:12	9:02	11:18:29	4.0	0.8	14.9	908	855	0.94	35	836	29.5	76.2	110	33	 	 
10:13	9:03	11:18:30	4.8	0.8	21.6	1319	1331	1.01	46	971	44.8	63.9	112	32	 	 
10:14	9:04	11:18:31	4.8	0.8	17.3	1055	1112	1.05	44	921	40.6	67.3	112	33	 	 
10:16	9:06	11:18:33	4.8	0.8	16.1	980	1052	1.07	40	966	38.6	68.9	114	32	 	 
10:18	9:08	11:18:35	4.8	0.8	15.5	943	1055	1.12	37	966	36.0	71.0	115	33	 	 
10:19	9:09	11:18:36	4.8	0.8	15.5	943	1033	1.10	34	974	33.6	72.9	113	34	 	 
10:21	9:11	11:18:38	4.8	0.8	16.3	992	1132	1.14	36	1041	37.6	69.7	116	32	 	 
10:23	9:13	11:18:40	4.8	0.8	12.1	739	844	1.14	37	866	31.7	74.5	116	32	 	 
10:24	9:14	11:18:41	4.8	0.8	14.5	882	972	1.10	41	838	34.4	72.2	114	33	 	 
10:26	9:16	11:18:43	4.8	0.8	17.7	1078	1176	1.09	31	1189	37.0	70.2	112	35	 	 
10:28	9:18	11:18:45	4.8	0.8	19.3	1177	1276	1.08	34	1229	41.9	66.2	113	33	 	 
10:30	9:20	11:18:47	4.8	0.8	15.8	962	1012	1.05	26	1256	32.8	73.6	113	33	 	 
10:32	9:22	11:18:49	5.0	0.8	17.8	1082	1126	1.04	29	1293	37.8	69.5	113	33	 	 
10:34	9:24	11:18:51	4.8	0.8	16.1	980	966	0.99	36	980	35.0	71.8	112	33	 	 
10:35	9:25	11:18:52	4.8	0.8	18.4	1118	1027	0.92	36	924	33.2	73.3	107	35	 	 
10:38	9:28	11:18:55	5.0	0.8	23.0	1400	1328	0.95	22	1983	44.4	64.2	110	33	 	 
10:40	9:30	11:18:57	4.8	0.8	22.1	1347	1171	0.87	30	1254	37.1	70.1	107	34	 	 
10:42	9:32	11:18:59	4.8	0.8	20.0	1217	988	0.81	29	1073	31.6	74.6	104	34	 	 
10:44	9:34	11:19:01	4.8	0.8	24.2	1477	1173	0.79	35	1064	37.3	69.9	103	35	 	 
10:46	9:36	11:19:03	4.8	0.8	25.5	1556	1221	0.78	36	1076	38.9	68.7	102	35	 	 
10:48	9:38	11:19:05	5.0	0.8	24.2	1474	1172	0.80	30	1218	36.9	70.3	102	35	 	 
10:50	9:40	11:19:07	4.8	0.8	30.3	1848	1556	0.84	22	2331	50.7	59.1	107	33	 	 
10:53	9:43	11:19:10	4.8	0.8	19.6	1192	868	0.73	20	1156	22.9	81.5	95	38	 	 
10:55	9:45	11:19:12	4.8	0.8	29.2	1777	1273	0.72	30	1328	40.5	67.4	100	35	 	 
10:57	9:47	11:19:14	5.0	0.8	30.9	1884	1452	0.77	35	1296	45.7	63.1	101	35	 	 
10:59	9:49	11:19:16	5.0	0.8	27.6	1678	1298	0.77	36	1221	43.6	64.9	105	33	 	 
11:01	9:51	11:19:18	4.8	0.8	26.5	1612	1262	0.78	29	1365	39.9	67.8	103	34	 	 
11:02	9:52	11:19:19	4.8	0.8	23.2	1414	1108	0.78	36	1012	36.8	70.3	103	34	 	 
11:04	9:54	11:19:21	4.8	0.8	26.6	1622	1221	0.75	36	1079	39.2	68.4	101	35	 	 
11:05	9:55	11:19:22	4.8	0.8	28.0	1703	1324	0.78	43	1011	43.6	64.8	101	35	 	 
11:07	9:57	11:19:24	4.8	0.8	28.8	1752	1324	0.76	36	1177	42.8	65.5	100	36	 	 
11:09	9:59	11:19:26	4.8	0.8	26.9	1640	1269	0.77	36	1219	43.5	64.9	105	33	 	 
11:10	10:00	11:19:27	4.8	0.8	25.6	1560	1226	0.79	40	1042	41.9	66.2	103	34	 	 
11:12	10:02	11:19:29	5.0	0.8	31.0	1891	1455	0.77	39	1160	45.5	63.3	101	36	 	 
11:13	10:03	11:19:30	4.8	0.8	30.2	1838	1468	0.80	36	1306	47.5	61.7	104	33	 	 
11:15	10:05	11:19:32	4.8	0.8	29.7	1807	1445	0.80	36	1318	47.1	62.0	103	34	 	 
11:17	10:07	11:19:34	4.8	0.8	27.1	1651	1344	0.81	36	1254	44.5	64.1	106	33	 	 
11:18	10:08	11:19:35	4.8	0.8	25.4	1550	1259	0.81	41	1068	43.9	64.6	105	34	 	 
11:20	10:10	11:19:37	5.0	0.8	26.2	1596	1262	0.79	39	1043	40.4	67.5	102	35	 	 
11:22	10:12	11:19:39	4.8	0.8	28.2	1715	1352	0.79	36	1214	43.1	65.3	103	35	 	 
11:23	10:13	11:19:40	4.8	0.8	27.4	1671	1299	0.78	35	1227	43.3	65.1	103	35	 	 
11:25	10:15	11:19:42	4.8	0.8	22.3	1361	1054	0.77	36	1061	37.7	69.6	104	34	 	 
11:28	10:18	11:19:45	4.8	0.8	34.4	2095	1786	0.85	22	2628	57.3	53.8	105	34	 	 
11:30	10:20	11:19:47	4.8	0.8	24.8	1513	1182	0.78	26	1409	36.3	70.8	101	36	 	 
11:31	10:21	11:19:48	4.8	0.8	26.5	1613	1246	0.77	42	985	41.0	66.9	101	36	 	 
11:33	10:23	11:19:50	4.8	0.8	31.2	1899	1484	0.78	38	1215	45.6	63.3	100	36	 	 
11:35	10:25	11:19:52	4.8	0.8	26.0	1585	1312	0.83	36	1221	43.9	64.6	104	34	 	 
11:36	10:26	11:19:53	4.8	0.8	26.1	1593	1251	0.79	38	1126	42.7	65.5	103	34	 	 
11:38	10:28	11:19:55	4.8	0.8	31.4	1913	1500	0.78	39	1212	47.5	61.7	101	36	 	 
11:39	10:29	11:19:56	4.8	0.8	29.0	1769	1384	0.78	37	1201	43.9	64.6	101	36	 	 
11:41	10:31	11:19:58	5.0	0.8	29.0	1768	1379	0.78	30	1411	42.3	65.9	102	35	 	 
11:43	10:33	11:20:00	4.8	0.8	28.0	1703	1305	0.77	35	1232	43.5	64.9	103	35	 	 
11:45	10:35	11:20:02	4.8	0.8	35.1	2137	1689	0.79	43	1221	52.7	57.5	100	36	 	 
11:46	10:36	11:20:03	4.8	0.8	30.0	1826	1465	0.80	36	1247	44.8	63.9	100	36	 	 
11:48	10:38	11:20:05	4.8	0.8	28.3	1723	1396	0.81	35	1252	44.2	64.4	102	35	 	 
11:49	10:39	11:20:06	4.8	0.8	26.9	1638	1337	0.82	40	1079	43.1	65.2	103	35	 	 
11:51	10:41	11:20:08	4.8	0.8	31.4	1913	1550	0.81	39	1214	47.3	61.9	101	36	 	 
11:53	10:43	11:20:10	4.8	0.8	25.4	1549	1278	0.83	36	1190	43.0	65.3	105	35	 	 
11:54	10:44	11:20:11	5.0	0.8	34.3	2091	1694	0.81	43	1254	53.3	57.0	102	36	 	 
11:55	10:45	11:20:12	4.8	0.8	33.1	2014	1658	0.82	44	1205	53.6	56.8	104	35	 	 
11:57	10:47	11:20:14	4.8	0.8	27.1	1649	1368	0.83	35	1215	42.4	65.8	102	36	 	 
11:59	10:49	11:20:16	4.8	0.8	27.8	1694	1344	0.79	30	1304	38.9	68.6	100	37	 	 
12:02	10:52	11:20:19	4.8	0.8	32.5	1982	1736	0.88	25	2085	52.6	57.6	104	36	 	 
12:03	10:53	11:20:20	4.8	0.8	25.8	1574	1330	0.84	36	1207	43.1	65.3	106	34	 	 
12:05	10:55	11:20:22	4.8	0.8	27.2	1659	1398	0.84	30	1459	44.2	64.4	104	36	 	 
12:07	10:57	11:20:24	4.8	0.8	31.4	1914	1578	0.82	35	1390	49.1	60.5	102	36	 	 
12:08	10:58	11:20:25	4.8	0.8	24.7	1503	1259	0.84	38	1101	41.5	66.5	105	35	 	 
12:10	11:00	11:20:27	4.8	0.8	32.2	1960	1615	0.82	40	1230	49.5	60.1	102	36	 	 
12:12	11:02	11:20:29	5.0	0.8	26.6	1623	1360	0.84	36	1206	43.3	65.1	105	35	 	 
12:13	11:03	11:20:30	4.8	0.8	24.6	1496	1283	0.86	38	1125	42.2	66.0	105	35	 	 
12:15	11:05	11:20:32	4.8	0.8	31.1	1895	1541	0.81	39	1218	47.5	61.7	102	36	 	 
12:16	11:06	11:20:33	4.8	0.8	31.9	1945	1653	0.85	36	1424	51.5	58.5	103	36	 	 
12:18	11:08	11:20:35	4.8	0.8	32.1	1956	1660	0.85	43	1258	54.3	56.2	105	35	 	 
12:19	11:09	11:20:36	4.8	0.8	26.9	1640	1414	0.86	39	1211	47.5	61.7	106	34	 	 
12:21	11:11	11:20:38	4.8	0.8	29.8	1813	1538	0.85	39	1246	48.9	60.6	104	35	 	 
12:22	11:12	11:20:39	4.8	0.8	21.8	1326	1161	0.88	37	1082	40.3	67.5	106	34	 	 
12:25	11:15	11:20:42	4.8	0.8	33.9	2063	1817	0.88	27	2054	55.8	55.0	105	36	 	 
12:26	11:16	11:20:43	4.8	0.8	28.4	1732	1454	0.84	38	1204	45.5	63.4	103	36	 	 
12:28	11:18	11:20:45	4.8	0.8	27.0	1647	1405	0.85	36	1222	44.4	64.2	104	35	 	 
12:29	11:19	11:20:46	4.8	0.8	25.9	1577	1330	0.84	39	1102	43.2	65.2	104	36	 	 
12:31	11:21	11:20:48	4.8	0.8	28.7	1747	1445	0.83	39	1134	44.5	64.2	102	37	 	 
12:33	11:23	11:20:50	4.8	0.8	29.4	1792	1496	0.83	35	1386	48.1	61.3	105	34	 	 
12:34	11:24	11:20:51	4.8	0.8	27.2	1656	1358	0.82	36	1198	43.3	65.1	105	35	 	 
12:36	11:26	11:20:53	4.8	0.8	29.1	1773	1461	0.82	42	1116	46.8	62.3	103	36	 	 
12:37	11:27	11:20:54	4.8	0.8	30.3	1848	1557	0.84	36	1385	50.4	59.4	106	34	 	 
12:39	11:29	11:20:56	4.8	0.8	28.2	1720	1422	0.83	36	1325	47.1	62.1	105	35	 	 
12:41	11:31	11:20:58	5.0	0.8	27.5	1677	1364	0.81	41	1040	42.7	65.6	102	36	 	 
12:42	11:32	11:20:59	4.8	0.8	28.0	1707	1428	0.84	37	1220	45.5	63.4	105	35	 	 
12:44	11:34	11:21:01	5.0	0.8	30.8	1877	1496	0.80	35	1193	41.6	66.5	99	38	 	 
12:46	11:36	11:21:03	4.8	0.8	32.6	1987	1713	0.86	25	2154	53.6	56.8	106	35	 	 
12:48	11:38	11:21:05	4.8	0.8	28.3	1723	1473	0.86	44	1067	47.1	62.1	104	35	 	 
12:49	11:39	11:21:06	4.8	0.8	26.7	1624	1387	0.85	36	1267	45.5	63.3	106	35	 	 
12:52	11:42	11:21:09	4.8	0.8	32.2	1962	1800	0.92	22	2534	55.3	55.4	104	36	 	 
12:54	11:44	11:21:11	5.0	0.8	27.3	1663	1467	0.88	43	1131	48.1	61.2	106	35	 	 
12:55	11:45	11:21:12	4.8	0.8	21.4	1306	1129	0.86	40	971	38.6	68.9	105	35	 	 
12:57	11:47	11:21:14	4.8	0.8	33.3	2029	1740	0.86	41	1281	51.9	58.1	102	37	 	 
12:58	11:48	11:21:15	4.8	0.8	27.7	1687	1429	0.85	42	1120	46.7	62.4	104	35	 	 
13:00	11:50	11:21:17	4.8	0.8	27.4	1666	1381	0.83	37	1157	43.1	65.2	101	37	 	 
13:01	11:51	11:21:18	4.8	0.8	26.9	1636	1372	0.84	35	1238	43.2	65.2	103	36	 	 
13:03	11:53	11:21:20	4.8	0.8	30.6	1867	1549	0.83	35	1290	45.3	63.5	101	37	 	 
13:04	11:54	11:21:21	4.8	0.8	28.6	1740	1471	0.85	42	1138	47.7	61.5	105	35	 	 
13:06	11:56	11:21:23	4.8	0.8	29.0	1765	1530	0.87	42	1156	48.5	60.9	105	35	 	 
13:07	11:57	11:21:24	4.8	0.8	20.2	1229	1066	0.87	48	813	39.3	68.3	108	33	 	 
13:09	11:59	11:21:26	4.8	0.8	26.1	1593	1260	0.79	30	1197	35.4	71.5	96	40	 	 
13:10	12:00	11:21:27	4.3	0.8	21.6	1317	1082	0.82	46	761	35.1	71.7	101	37	 	 
13:12	12:02	11:21:29	3.5	0.8	29.0	1770	1412	0.80	41	1044	42.3	65.9	97	38	 	 
13:14	12:04	11:21:31	3.5	0.8	31.0	1886	1598	0.85	34	1397	47.9	61.4	100	37	 	 
13:15	12:05	11:21:32	3.5	0.8	28.6	1745	1472	0.84	39	1186	46.2	62.7	103	35	 	 
13:17	12:07	11:21:34	3.5	0.8	18.6	1132	986	0.87	27	1110	30.0	75.8	104	35	 	 
13:19	12:09	11:21:36	3.4	0.8	30.6	1866	1518	0.81	35	1213	42.6	65.7	99	38	 	 
13:21	12:11	11:21:38	3.4	0.8	28.0	1708	1425	0.83	34	1234	41.6	66.5	101	37	 	 
13:24	12:14	11:21:41	3.5	0.8	19.7	1199	1088	0.91	17	1979	33.5	73.0	97	41	 	 
13:27	12:17	11:21:44	3.5	0.8	33.8	2059	1718	0.83	28	1691	47.0	62.1	98	39	 	 
13:29	12:19	11:21:46	3.5	0.8	25.4	1546	1296	0.84	32	1215	39.4	68.2	101	37	 	 
13:30	12:20	11:21:47	3.5	0.8	26.0	1583	1345	0.85	36	1111	39.7	68.0	101	37	 	 
13:32	12:22	11:21:49	3.5	0.8	22.4	1364	1165	0.85	33	1050	35.0	71.8	102	37	 	 
13:34	12:24	11:21:51	3.4	0.8	22.5	1372	1176	0.86	26	1246	32.8	73.6	101	38	 	 
13:36	12:26	11:21:53	3.5	0.8	28.0	1703	1445	0.85	29	1405	41.1	66.9	101	38	 	 
13:38	12:28	11:21:55	3.5	0.8	22.7	1385	1225	0.88	29	1242	36.0	71.0	101	38	 	 
13:41	12:31	11:21:58	3.4	0.8	28.0	1707	1622	0.95	21	2342	49.0	60.5	107	35	 	 
13:44	12:34	11:22:01	3.4	0.8	12.2	744	607	0.82	19	870	16.2	86.9	95	43	 	 
13:46	12:36	11:22:03	3.4	0.8	27.7	1690	1452	0.86	34	1164	39.9	67.8	97	40	 	 
13:48	12:38	11:22:05	3.5	0.8	27.2	1654	1453	0.88	33	1253	41.8	66.3	101	38	 	 
13:50	12:40	11:22:07	3.5	0.8	22.7	1381	1250	0.91	31	1256	38.5	69.0	105	36	 	 
13:52	12:42	11:22:09	3.5	0.8	22.4	1366	1249	0.91	29	1303	37.4	69.9	105	37	 	 
13:54	12:44	11:22:11	3.5	0.8	18.6	1135	1094	0.96	27	1242	33.4	73.1	107	36	 	 
13:57	12:47	11:22:14	3.5	0.8	17.4	1059	961	0.91	27	1023	27.9	77.5	104	38	 	 
13:58	12:48	11:22:15	3.5	0.8	20.7	1259	1187	0.94	34	1056	36.0	71.0	105	37	 	 
14:00	12:50	11:22:17	3.5	0.8	19.6	1194	1118	0.94	30	1156	35.0	71.8	106	36	 	 
14:02	12:52	11:22:19	3.5	0.8	18.0	1095	1044	0.95	30	1073	32.4	73.9	105	37	 	 
14:04	12:54	11:22:21	3.5	0.8	19.0	1159	1103	0.95	29	1127	33.2	73.3	105	37	 	 
14:06	12:56	11:22:23	3.5	0.8	19.4	1181	1104	0.93	31	1085	34.1	72.5	105	36	 	 
14:09	12:59	11:22:26	3.5	0.8	15.0	914	857	0.94	26	1007	25.9	79.1	106	36	 	 
14:10	13:00	11:22:27	3.5	0.8	20.5	1251	1170	0.94	31	1111	34.7	72.0	105	37	 	 
14:12	13:02	11:22:29	3.5	0.8	17.2	1050	992	0.94	32	974	31.1	74.9	106	36	 	 
14:14	13:04	11:22:31	3.5	0.8	17.6	1070	1008	0.94	30	1046	30.9	75.1	104	37	 	 
14:16	13:06	11:22:33	3.5	0.8	17.8	1086	1028	0.95	32	981	31.5	74.6	105	36	 	 
14:18	13:08	11:22:35	3.5	0.8	15.6	953	896	0.94	30	934	27.9	77.5	106	36	 	 
14:22	13:12	11:22:39	3.5	0.8	16.4	1000	859	0.86	18	1170	21.5	82.6	99	40	 	 
14:24	13:14	11:22:41	3.4	0.8	22.8	1389	1236	0.89	24	1478	35.3	71.5	102	38	 	 
14:26	13:16	11:22:43	3.4	0.8	17.4	1059	973	0.92	30	1013	30.9	75.1	106	36	 	 
14:28	13:18	11:22:45	3.4	0.8	17.1	1042	986	0.95	31	973	30.4	75.5	106	36	 	 
14:30	13:20	11:22:47	3.5	0.8	17.9	1088	1000	0.92	29	1078	31.6	74.6	105	36	 	 
14:33	13:23	11:22:50	3.4	0.8	12.7	773	719	0.93	23	948	22.1	82.2	104	37	 	 
14:35	13:25	11:22:52	3.4	0.8	18.2	1110	1065	0.96	30	1099	32.8	73.5	107	35	 	 
14:37	13:27	11:22:54	3.5	0.8	17.2	1050	998	0.95	24	1249	29.6	76.1	107	36	 	 
14:39	13:29	11:22:56	3.5	0.8	16.7	1020	925	0.91	31	897	27.5	77.9	102	38	 	 
14:41	13:31	11:22:58	3.5	0.8	21.3	1300	1194	0.92	32	1139	36.4	70.7	105	36	 	 
14:43	13:33	11:23:00	3.5	0.8	20.5	1251	1195	0.96	28	1323	37.1	70.1	106	36	 	 
14:46	13:36	11:23:03	3.5	0.8	13.9	849	758	0.89	19	1059	20.2	83.7	102	39	 	 
14:48	13:38	11:23:05	3.5	0.8	18.9	1153	1076	0.93	35	930	32.3	74.0	104	37	 	 
14:50	13:40	11:23:07	3.4	0.8	19.3	1176	1097	0.93	34	974	33.6	72.9	105	36	 	 
14:51	13:41	11:23:08	3.5	0.8	17.8	1081	1043	0.96	33	984	32.8	73.6	107	35	 	 
14:53	13:43	11:23:10	3.4	0.8	16.9	1027	1008	0.98	34	954	32.0	74.2	107	35	 	 
14:55	13:45	11:23:12	3.5	0.8	18.1	1104	1085	0.98	28	1281	35.3	71.6	109	35	 	 
14:58	13:48	11:23:15	3.4	0.8	14.8	901	892	0.99	26	1060	28.0	77.4	107	36	 	 
15:00	13:50	11:23:17	3.5	0.8	13.1	798	792	0.99	25	997	24.9	79.9	108	35	 	 
15:02	13:52	11:23:19	3.4	0.8	16.8	1025	946	0.92	32	907	28.6	76.9	104	37	 	 
15:04	13:54	11:23:21	3.5	0.8	15.1	921	839	0.91	30	879	26.5	78.6	104	36	 	 
15:07	13:57	11:23:24	3.5	0.8	12.8	780	715	0.92	24	933	22.0	82.2	104	36	 	 
15:09	13:59	11:23:26	3.5	0.8	20.7	1263	1094	0.87	30	1052	31.6	74.6	101	38	 	 
15:12	14:02	11:23:29	3.5	0.8	15.0	914	765	0.84	19	1067	20.3	83.7	100	38	 	 
15:16	14:06	11:23:33	3.3	0.8	18.8	1144	1118	0.98	16	2223	34.8	71.9	105	36	 	 
15:19	14:09	11:23:36	3.5	0.8	10.9	662	552	0.83	15	988	15.2	87.8	94	42	 	 
15:21	14:11	11:23:38	3.5	0.8	28.3	1726	1408	0.82	34	1191	40.4	67.5	100	38	 	 
15:23	14:13	11:23:40	3.5	0.8	25.1	1527	1322	0.87	33	1223	40.8	67.1	104	36	 	 
15:25	14:15	11:23:42	3.5	0.8	18.8	1146	1045	0.91	31	1102	33.7	72.8	107	34	 	 
15:27	14:17	11:23:44	3.4	0.8	13.8	841	747	0.89	27	870	23.7	80.9	104	36	 	 
15:29	14:19	11:23:46	3.4	0.8	21.8	1330	1192	0.90	33	1091	36.4	70.7	103	36	 	 
15:31	14:21	11:23:48	3.4	0.8	20.0	1216	1121	0.92	36	984	35.4	71.5	106	35	 	 
15:32	14:22	11:23:49	3.4	0.8	15.7	956	896	0.94	34	831	28.3	77.2	106	35	 	 
15:34	14:24	11:23:51	3.5	0.8	17.6	1071	982	0.92	34	919	30.8	75.2	105	35	 	 
15:36	14:26	11:23:53	3.5	0.8	14.0	851	787	0.93	26	932	24.6	80.1	105	36	 	 
15:38	14:28	11:23:55	3.5	0.8	18.7	1138	1009	0.89	33	976	31.8	74.4	103	36	 	 
15:40	14:30	11:23:57	3.4	0.8	17.2	1045	955	0.91	30	1004	30.1	75.7	105	36	 	 
15:43	14:33	11:24:00	3.5	0.8	17.2	1048	993	0.95	27	1148	31.3	74.8	107	35	 	 
15:45	14:35	11:24:02	3.5	0.8	16.1	978	894	0.91	25	1118	28.0	77.5	106	36	 	 
15:47	14:37	11:24:04	3.5	0.8	13.0	792	757	0.96	28	879	24.2	80.5	108	34	 	 
15:49	14:39	11:24:06	3.5	0.8	16.4	998	892	0.89	28	936	26.3	78.8	102	37	 	 
15:51	14:41	11:24:08	3.5	0.8	19.6	1192	1056	0.89	32	980	31.8	74.4	103	36	 	 
15:53	14:43	11:24:10	3.4	0.8	19.9	1212	1078	0.89	36	931	33.1	73.4	104	36	 	 
15:55	14:45	11:24:12	3.5	0.8	13.2	806	747	0.93	25	927	23.6	81.0	106	35	 	 
15:59	14:49	11:24:16	3.5	0.8	10.2	622	485	0.78	18	811	14.3	88.5	95	41	 	 
16:00	14:50	11:24:17	3.5	0.8	25.7	1566	1251	0.80	35	1029	36.1	70.9	98	38	 	 
16:02	14:52	11:24:19	3.5	0.8	21.1	1283	1107	0.86	36	982	34.9	71.9	104	35	 	 
16:04	14:54	11:24:21	3.5	0.8	19.5	1186	1067	0.90	37	936	34.7	72.1	105	35	 	 
16:05	14:55	11:24:22	3.5	0.8	23.5	1433	1348	0.94	41	1018	41.8	66.3	106	34	 	 
16:07	14:57	11:24:24	3.5	0.8	13.8	841	790	0.94	32	837	26.9	78.4	108	34	 	 
16:09	14:59	11:24:26	3.5	0.8	14.3	870	827	0.95	28	944	26.8	78.4	107	34	 	 
16:11	15:01	11:24:28	3.5	0.8	15.9	969	922	0.95	37	835	30.5	75.4	107	35	 	 
16:13	15:03	11:24:30	3.5	0.8	20.6	1252	1081	0.86	27	1181	31.6	74.5	100	39	 	 
16:15	15:05	11:24:32	3.5	0.8	11.6	706	634	0.90	25	809	20.5	83.5	104	36	 	 
16:17	15:07	11:24:34	3.7	0.8	16.0	974	872	0.90	33	823	27.1	78.1	105	35	 	 
16:19	15:09	11:24:36	3.5	0.8	16.7	1016	901	0.89	36	809	28.9	76.7	104	36	 	 
16:20	15:10	11:24:37	3.5	0.8	17.0	1037	925	0.89	36	854	30.3	75.6	105	35	 	 
16:22	15:12	11:24:39	3.5	0.8	17.8	1085	983	0.91	34	904	31.0	75.0	105	35	 	 
16:24	15:14	11:24:41	3.7	0.8	15.1	918	826	0.90	34	816	27.4	77.9	106	35	 	 
16:26	15:16	11:24:43	3.5	0.8	17.5	1069	930	0.87	25	1083	27.4	77.9	103	37	 	 
16:29	15:19	11:24:46	3.5	0.8	18.1	1100	980	0.89	27	1154	30.9	75.1	105	35	 	 
16:31	15:21	11:24:48	3.7	0.8	12.7	776	661	0.85	26	762	20.0	83.8	102	37	 	 
16:33	15:23	11:24:50	3.5	0.8	17.2	1049	928	0.88	36	814	29.2	76.4	104	35	 	 
16:35	15:25	11:24:52	3.7	0.8	20.3	1237	1081	0.87	30	1131	34.3	72.4	105	35	 	 
16:38	15:28	11:24:55	3.5	0.8	20.1	1225	1192	0.97	18	2145	39.6	68.1	110	33	 	 
16:40	15:30	11:24:57	3.7	0.8	17.4	1062	997	0.94	32	973	31.6	74.6	107	35	 	 
16:42	15:32	11:24:59	3.9	0.8	12.2	746	665	0.89	29	825	24.3	80.4	106	35	 	 
16:44	15:34	11:25:01	3.9	0.8	16.5	1006	877	0.87	32	880	28.1	77.4	103	36	 	 
16:46	15:36	11:25:03	3.8	0.8	21.5	1307	1245	0.95	22	1818	40.7	67.2	109	33	 	 
16:50	15:40	11:25:07	4.0	0.8	11.0	670	564	0.84	19	899	16.7	86.6	98	39	 	 
16:51	15:41	11:25:08	3.8	0.8	14.8	902	720	0.80	32	742	23.9	80.7	100	37	 	 
16:53	15:43	11:25:10	3.8	0.8	23.1	1407	1144	0.81	34	1037	35.8	71.2	102	36	 	 
16:55	15:45	11:25:12	3.9	0.8	18.6	1131	950	0.84	35	860	29.8	76.0	102	35	 	 
16:57	15:47	11:25:14	4.0	0.8	19.1	1161	984	0.85	29	1086	31.3	74.7	104	35	 	 
16:59	15:49	11:25:16	3.9	0.8	14.8	901	744	0.83	30	818	24.4	80.3	103	35	 	 
17:01	15:51	11:25:18	4.0	0.8	15.9	971	801	0.83	29	840	24.5	80.3	100	37	 	 
17:03	15:53	11:25:20	4.0	0.8	19.6	1193	960	0.80	33	895	29.5	76.2	100	36	 	 
17:05	15:55	11:25:22	4.0	0.8	20.2	1232	974	0.79	30	964	29.2	76.4	99	37	 	 
17:07	15:57	11:25:24	4.0	0.8	19.3	1174	931	0.79	32	915	29.2	76.5	100	36	 	 
17:09	15:59	11:25:26	3.8	0.8	18.6	1135	901	0.79	31	914	28.7	76.9	101	36	 	 
17:10	16:00	11:25:27	4.0	0.8	21.0	1279	1014	0.79	32	1000	32.3	74.0	101	36	 	 
17:12	16:02	11:25:29	4.2	0.8	19.0	1156	941	0.81	32	916	29.1	76.6	100	36	 	 
17:14	16:04	11:25:31	4.2	0.8	19.1	1164	933	0.80	32	917	29.4	76.3	101	36	 	 
17:16	16:06	11:25:33	4.0	0.8	17.9	1089	880	0.81	31	857	26.4	78.8	100	36	 	 
17:19	16:09	11:25:36	4.0	0.8	15.7	959	710	0.74	24	957	22.8	81.6	98	38	 	 
17:20	16:10	11:25:37	4.0	0.8	23.3	1422	1125	0.79	34	1000	34.5	72.2	100	36	 	 
17:22	16:12	11:25:39	4.0	0.8	22.7	1383	1153	0.83	35	1028	35.6	71.3	101	35	 	 
17:24	16:14	11:25:41	3.9	0.8	21.3	1298	1072	0.83	33	1022	33.5	73.0	101	36	 	 
17:26	16:16	11:25:43	4.0	0.8	18.5	1128	968	0.86	35	915	31.9	74.3	104	34	 	 
17:27	16:17	11:25:44	4.2	0.8	24.0	1464	1237	0.85	36	1047	38.1	69.3	103	36	 	 
17:29	16:19	11:25:46	4.0	0.8	27.0	1646	1408	0.86	35	1280	44.6	64.0	103	35	 	 
17:31	16:21	11:25:48	4.3	0.8	21.6	1315	1229	0.93	31	1337	41.1	66.8	108	33	 	 
17:33	16:23	11:25:50	4.0	0.8	19.0	1160	1041	0.90	34	1075	36.9	70.3	107	34	 	 
17:34	16:24	11:25:51	4.2	0.8	22.4	1366	1226	0.90	36	1166	41.6	66.4	108	33	 	 
17:36	16:26	11:25:53	4.2	0.8	24.9	1518	1391	0.92	33	1354	45.1	63.6	108	33	 	 
17:39	16:29	11:25:56	4.2	0.8	15.4	940	758	0.81	20	1097	22.4	82.0	98	39	 	 
17:42	16:32	11:25:59	4.3	0.8	29.9	1821	1692	0.93	20	2682	54.9	55.7	107	34	 	 
17:44	16:34	11:26:01	4.3	0.8	24.0	1460	1293	0.89	36	1171	42.3	65.9	105	35	 	 
17:45	16:35	11:26:02	4.5	0.8	21.0	1280	1124	0.88	35	1050	37.1	70.1	109	33	 	 
17:47	16:37	11:26:04	4.3	0.8	19.4	1180	1040	0.88	31	1085	33.2	73.2	104	35	 	 
17:50	16:40	11:26:07	4.3	0.8	18.5	1126	936	0.83	28	1052	29.1	76.5	101	37	 	 
17:51	16:41	11:26:08	4.3	0.8	33.0	2008	1582	0.79	32	1395	45.0	63.7	98	37	 	 
17:53	16:43	11:26:10	4.3	0.8	26.6	1619	1342	0.83	36	1172	41.9	66.3	102	35	 	 
17:55	16:45	11:26:12	4.3	0.8	26.6	1619	1330	0.82	36	1130	41.1	66.9	102	35	 	 
17:57	16:47	11:26:14	4.5	0.8	25.5	1551	1300	0.84	35	1192	42.1	66.1	103	35	 	 
17:58	16:48	11:26:15	4.3	0.8	24.7	1503	1287	0.86	36	1184	42.5	65.7	107	33	 	 
18:01	16:51	11:26:18	4.5	0.8	27.7	1690	1525	0.90	22	2126	47.8	61.5	107	34	 	 
18:03	16:53	11:26:20	4.5	0.8	20.7	1263	1069	0.85	30	1128	33.8	72.7	105	35	 	 
18:05	16:55	11:26:22	4.5	0.8	25.0	1522	1292	0.85	36	1148	41.7	66.4	104	35	 	 
18:06	16:56	11:26:23	4.3	0.8	24.2	1474	1257	0.85	36	1127	40.0	67.7	104	35	 	 
18:08	16:58	11:26:25	4.5	0.8	28.3	1722	1447	0.84	36	1261	45.9	63.0	103	36	 	 
18:10	17:00	11:26:27	4.5	0.8	26.1	1591	1363	0.86	36	1312	46.9	62.2	108	32	 	 
18:11	17:01	11:26:28	4.5	0.8	24.4	1487	1263	0.85	36	1163	42.0	66.1	104	35	 	 
18:13	17:03	11:26:30	4.6	0.8	18.3	1117	1049	0.94	37	1042	38.8	68.7	106	34	 	 
18:14	17:04	11:26:31	4.5	0.8	24.9	1518	1256	0.83	42	1004	42.1	66.1	104	35	 	 
18:16	17:06	11:26:33	4.6	0.8	31.5	1917	1586	0.83	36	1404	50.7	59.1	104	35	 	 
18:18	17:08	11:26:35	4.6	0.8	23.9	1459	1235	0.85	37	1128	41.3	66.7	106	33	 	 
18:20	17:10	11:26:37	4.5	0.8	15.8	964	726	0.75	26	886	22.8	81.6	97	38	 	 
18:21	17:11	11:26:38	4.5	0.8	27.5	1673	1331	0.80	45	967	43.6	64.8	98	37	 	 
18:23	17:13	11:26:40	4.6	0.8	36.0	2191	1657	0.76	45	1186	53.1	57.2	99	36	 	 
18:24	17:14	11:26:41	4.6	0.8	26.3	1599	1247	0.78	37	1242	45.4	63.4	104	34	 	 
18:26	17:16	11:26:43	4.8	0.8	30.3	1844	1499	0.81	43	1139	49.5	60.1	103	35	 	 
18:27	17:17	11:26:44	4.8	0.8	22.7	1380	1102	0.80	37	1077	39.9	67.8	105	34	 	 
18:29	17:19	11:26:46	4.8	0.8	26.0	1587	1285	0.81	36	1239	44.3	64.3	103	35	 	 
18:31	17:21	11:26:48	4.8	0.8	25.4	1550	1206	0.78	36	1170	42.0	66.1	103	34	 	 
18:32	17:22	11:26:49	4.7	0.8	30.3	1846	1479	0.80	36	1336	47.4	61.8	102	35	 	 
18:34	17:24	11:26:51	4.8	0.8	23.7	1442	1066	0.74	30	1143	34.8	71.9	101	36	 	 
18:36	17:26	11:26:53	4.8	0.8	30.3	1848	1516	0.82	34	1413	47.4	61.8	103	35	 	 
18:38	17:28	11:26:55	4.8	0.8	31.0	1888	1573	0.83	38	1352	51.0	58.9	104	34	 	 
18:39	17:29	11:26:56	4.8	0.8	25.8	1574	1347	0.86	36	1176	42.5	65.7	104	35	 	 
18:41	17:31	11:26:58	4.8	0.8	23.4	1427	1201	0.84	39	1033	40.5	67.4	105	34	 	 
18:43	17:33	11:27:00	4.8	0.8	20.9	1275	998	0.78	22	1233	27.1	78.2	97	38	 	 
18:45	17:35	11:27:02	4.8	0.8	36.0	2192	1741	0.79	44	1202	53.0	57.3	99	37	 	 
18:46	17:36	11:27:03	4.8	0.8	32.0	1952	1575	0.81	37	1352	49.8	59.9	102	35	 	 
18:48	17:38	11:27:05	4.8	0.8	30.0	1829	1520	0.83	41	1258	51.0	58.9	105	34	 	 
18:50	17:40	11:27:07	4.8	0.8	28.8	1754	1526	0.87	38	1275	49.0	60.5	105	34	 	 
18:51	17:41	11:27:08	4.8	0.8	27.9	1698	1485	0.87	36	1289	46.3	62.7	103	35	 	 
18:54	17:44	11:27:11	4.8	0.8	31.8	1938	1824	0.94	22	2632	58.9	52.5	108	34	 	 
18:56	17:46	11:27:13	5.0	0.8	13.7	835	741	0.89	25	949	23.3	81.2	101	37	 	 
18:58	17:48	11:27:15	5.0	0.8	39.0	2378	1906	0.80	40	1349	54.3	56.2	98	38	 	 
18:59	17:49	11:27:16	5.0	0.8	37.1	2262	1861	0.82	44	1353	59.7	51.9	104	35	 	 
19:01	17:51	11:27:18	4.8	0.8	28.9	1763	1538	0.87	37	1410	52.2	57.9	108	33	 	 
19:02	17:52	11:27:19	5.0	0.8	28.1	1712	1494	0.87	36	1374	49.1	60.4	105	34	 	 
19:04	17:54	11:27:21	5.0	0.8	25.7	1564	1302	0.83	36	1218	44.0	64.5	106	34	 	 
19:05	17:55	11:27:22	4.8	0.8	28.0	1704	1544	0.91	44	1148	50.7	59.2	105	35	 	 
19:07	17:57	11:27:24	5.0	0.8	25.6	1556	1305	0.84	38	1204	45.7	63.2	105	34	 	 
19:09	17:59	11:27:26	4.8	0.8	27.2	1657	1365	0.82	35	1229	42.6	65.7	100	37	 	 
19:12	18:02	11:27:29	5.2	0.8	20.4	1241	943	0.76	21	1155	24.6	80.2	95	39	 	 
19:13	18:03	11:27:30	5.2	0.8	39.3	2394	1894	0.79	41	1364	55.7	55.1	98	37	 	 
19:21	18:11	11:27:38	5.3	0.8	33.6	2047	1849	0.90	35	1662	58.0	53.3	106	34	 	 
19:22	18:12	11:27:39	5.3	0.8	26.4	1611	1436	0.89	44	1118	49.0	60.5	107	34	 	 
19:25	18:15	11:27:42	5.1	0.8	17.1	1039	835	0.80	23	1099	25.4	79.5	94	41	 	 
19:26	18:16	11:27:43	5.2	0.8	37.2	2266	1782	0.79	47	1160	53.9	56.5	99	37	 	 
19:27	18:17	11:27:44	5.1	0.8	36.6	2227	1844	0.83	43	1371	58.3	53.0	104	35	 	 
19:29	18:19	11:27:46	5.3	0.8	34.4	2097	1813	0.86	37	1524	56.8	54.2	104	35	 	 
19:31	18:21	11:27:48	5.3	0.8	27.0	1645	1428	0.87	38	1328	49.8	59.9	108	33	 	 
19:32	18:22	11:27:49	5.2	0.8	25.9	1579	1353	0.86	37	1273	46.6	62.5	105	35	 	 
19:34	18:24	11:27:51	5.3	0.8	27.7	1688	1420	0.84	36	1326	47.4	61.8	105	35	 	 
19:36	18:26	11:27:53	5.3	0.8	30.0	1825	1561	0.86	37	1395	51.4	58.6	106	34	 	 
19:37	18:27	11:27:54	5.2	0.8	35.8	2179	1872	0.86	42	1405	58.5	52.8	104	35	 	 
19:39	18:29	11:27:56	5.2	0.8	30.9	1883	1653	0.88	37	1413	52.7	57.6	104	35	 	 
19:40	18:30	11:27:57	5.3	0.8	27.7	1689	1502	0.89	37	1304	48.3	61.1	105	35	 	 
19:42	18:32	11:27:59	5.2	0.8	32.9	2003	1827	0.91	29	1982	58.3	53.0	106	35	 	 
19:44	18:34	11:28:01	5.5	0.8	27.9	1701	1533	0.90	38	1319	50.7	59.1	107	34	 	 
19:46	18:36	11:28:03	5.3	0.8	27.1	1650	1395	0.85	34	1191	40.6	67.3	102	37	 	 
19:48	18:38	11:28:05	5.5	0.8	33.9	2067	1921	0.93	27	2393	63.5	48.8	109	33	 	 
19:49	18:39	11:28:06	5.3	0.8	28.6	1742	1576	0.91	44	1183	51.8	58.2	105	35	 	 
19:51	18:41	11:28:08	5.3	0.8	28.1	1712	1460	0.85	37	1285	47.9	61.4	105	35	 	 
19:52	18:42	11:28:09	5.3	0.8	30.8	1874	1607	0.86	43	1229	53.1	57.2	105	35	 	 
19:54	18:44	11:28:11	5.3	0.8	32.3	1968	1722	0.88	38	1457	55.3	55.4	105	35	 	 
19:55	18:45	11:28:12	5.3	0.8	24.9	1519	1362	0.90	37	1262	47.0	62.1	107	34	 	 
19:57	18:47	11:28:14	5.3	0.8	32.7	1990	1734	0.87	43	1304	56.3	54.6	104	35	 	 
19:58	18:48	11:28:15	5.5	0.8	30.0	1826	1542	0.84	37	1410	52.5	57.7	107	34	 	 
20:00	18:50	11:28:17	5.6	0.8	32.2	1963	1720	0.88	45	1256	56.2	54.7	105	35	 	 
20:01	18:51	11:28:18	5.5	0.8	24.5	1490	1401	0.94	37	1279	47.4	61.8	105	35	 	 
20:03	18:53	11:28:20	5.6	0.8	27.3	1663	1319	0.79	30	1277	38.1	69.3	99	38	 	 
20:06	18:56	11:28:23	5.6	0.8	37.5	2286	2105	0.92	25	2615	66.2	46.6	107	34	 	 
20:07	18:57	11:28:24	5.5	0.8	29.5	1799	1557	0.87	37	1299	48.1	61.2	104	36	 	 
20:09	18:59	11:28:26	5.6	0.8	26.9	1636	1401	0.86	37	1308	48.1	61.2	106	34	 	 
20:11	19:01	11:28:28	5.5	0.8	29.2	1781	1532	0.86	40	1241	49.6	60.0	104	35	 	 
20:12	19:02	11:28:29	5.6	0.8	33.3	2031	1694	0.83	41	1289	52.3	57.9	102	36	 	 
20:14	19:04	11:28:31	5.7	0.8	28.1	1710	1565	0.92	38	1384	52.9	57.4	105	34	 	 
20:15	19:05	11:28:32	5.7	0.8	34.3	2087	1816	0.87	42	1392	58.0	53.3	105	35	 	 
20:17	19:07	11:28:34	5.7	0.8	32.2	1964	1702	0.87	38	1429	53.6	56.8	104	35	 	 
20:18	19:08	11:28:35	5.7	0.8	29.7	1807	1519	0.84	36	1390	50.6	59.2	106	34	 	 
20:21	19:11	11:28:38	5.7	0.8	20.9	1275	983	0.77	26	1108	28.5	77.0	93	41	 	 
20:22	19:12	11:28:39	5.7	0.8	39.3	2394	1900	0.79	45	1266	57.6	53.6	99	37	 	 
20:23	19:13	11:28:40	5.7	0.8	35.3	2152	1827	0.85	43	1361	59.2	52.3	104	35	 	 
20:25	19:15	11:28:42	5.7	0.8	34.7	2117	1821	0.86	38	1499	56.6	54.4	104	35	 	 
20:26	19:16	11:28:43	5.7	0.8	28.8	1754	1537	0.88	40	1273	50.9	58.9	106	34	 	 
20:28	19:18	11:28:45	5.7	0.8	32.1	1955	1646	0.84	39	1305	51.5	58.5	103	35	 	 
20:30	19:20	11:28:47	5.7	0.8	31.4	1914	1684	0.88	38	1437	54.2	56.3	104	35	 	 
20:31	19:21	11:28:48	5.7	0.8	30.4	1855	1603	0.86	36	1379	49.3	60.3	103	36	 	 
20:33	19:23	11:28:50	5.8	0.8	29.1	1774	1504	0.85	37	1354	49.8	59.8	106	34	 	 
20:34	19:24	11:28:51	5.7	0.8	31.5	1918	1627	0.85	45	1173	52.5	57.7	103	36	 	 
20:36	19:26	11:28:53	5.7	0.8	27.5	1675	1398	0.83	38	1246	47.9	61.4	105	35	 	 
20:37	19:27	11:28:54	5.7	0.8	34.0	2070	1710	0.83	44	1231	54.7	55.9	102	36	 	 
20:39	19:29	11:28:56	5.7	0.8	34.3	2090	1858	0.89	29	2122	60.6	51.1	105	35	 	 
20:41	19:31	11:28:58	5.8	0.8	31.5	1921	1673	0.87	46	1170	54.0	56.5	105	34	 	 
20:42	19:32	11:28:59	5.8	0.8	30.8	1878	1587	0.85	38	1397	53.4	57.0	106	34	 	 
20:43	19:33	11:29:00	6.1	0.8	32.3	1969	1698	0.86	46	1235	56.5	54.4	104	35	 	 
20:45	19:35	11:29:02	6.0	0.8	28.9	1762	1516	0.86	45	1137	51.7	58.3	104	34	 	 
20:46	19:36	11:29:03	6.0	0.8	33.5	2040	1715	0.84	46	1201	55.4	55.3	103	35	 	 
20:47	19:37	11:29:04	6.0	0.8	32.3	1970	1666	0.85	43	1255	54.6	56.0	104	35	 	 
20:49	19:39	11:29:06	6.0	0.8	37.1	2262	1889	0.84	38	1534	58.2	53.1	102	36	 	 
20:50	19:40	11:29:07	5.8	0.8	31.3	1904	1641	0.86	41	1343	54.4	56.1	106	34	 	 
20:53	19:43	11:29:10	5.8	0.8	26.3	1602	1248	0.78	27	1208	33.1	73.3	96	39	 	 
20:54	19:44	11:29:11	6.0	0.8	37.8	2300	1919	0.83	38	1554	59.0	52.4	103	35	 	 
20:56	19:46	11:29:13	6.0	0.8	43.3	2635	2299	0.87	36	2038	72.8	41.3	105	34	 	 
20:57	19:47	11:29:14	5.8	0.8	31.9	1945	1741	0.90	44	1320	58.7	52.7	106	34	 	 
20:59	19:49	11:29:16	6.1	0.8	32.5	1979	1768	0.89	43	1358	58.6	52.7	106	34	 	 
21:00	19:50	11:29:17	6.0	0.8	34.8	2122	1865	0.88	47	1306	61.2	50.7	106	34	 	 
21:02	19:52	11:29:19	6.1	0.8	37.6	2291	2078	0.91	37	1839	67.3	45.8	106	34	 	 
21:03	19:53	11:29:20	6.0	0.8	31.6	1928	1797	0.93	46	1311	60.5	51.2	108	34	 	 
21:04	19:54	11:29:21	6.1	0.8	33.1	2014	1817	0.90	47	1295	60.2	51.5	106	35	 	 
21:06	19:56	11:29:23	6.1	0.8	33.9	2062	1870	0.91	46	1343	61.5	50.4	106	34	 	 
21:07	19:57	11:29:24	6.0	0.8	33.5	2044	1856	0.91	44	1396	61.6	50.3	107	34	 	 
21:09	19:59	11:29:26	6.0	0.8	35.4	2157	2082	0.97	37	1905	69.7	43.8	109	33	 	 
21:10	20:00	11:29:27	6.1	0.8	28.2	1719	1587	0.92	37	1419	52.9	57.4	106	35	 	 
21:12	20:02	11:29:29	6.0	0.8	32.5	1982	1703	0.86	36	1579	57.4	53.7	106	35	 	 
21:14	20:04	11:29:31	6.1	0.8	27.4	1669	1297	0.78	26	1292	33.4	73.1	96	40	 	 
21:16	20:06	11:29:33	6.2	0.8	44.2	2690	2422	0.90	30	2461	75.0	39.6	105	35	 	 
21:17	20:07	11:29:34	6.2	0.8	33.9	2068	1868	0.90	43	1447	62.5	49.7	107	34	 	 
21:19	20:09	11:29:36	6.2	0.8	33.1	2014	1794	0.89	47	1284	60.2	51.5	106	34	 	 
21:20	20:10	11:29:37	6.1	0.8	32.2	1964	1759	0.90	45	1312	59.2	52.3	107	34	 	 
21:22	20:12	11:29:39	6.2	0.8	21.0	1278	1104	0.86	31	1150	35.2	71.6	100	37	 	 
21:23	20:13	11:29:40	6.2	0.8	40.8	2486	2000	0.80	46	1335	61.1	50.7	100	37	 	 
21:25	20:15	11:29:42	6.2	0.8	40.2	2451	2083	0.85	44	1491	65.8	47.0	103	35	 	 
21:26	20:16	11:29:43	6.2	0.8	36.2	2206	1834	0.83	39	1528	59.1	52.3	103	35	 	 
21:28	20:18	11:29:45	6.1	0.8	34.3	2089	1853	0.89	45	1365	62.1	50.0	105	34	 	 
21:29	20:19	11:29:46	6.3	0.8	34.7	2112	1868	0.88	45	1352	61.5	50.4	104	35	 	 
21:30	20:20	11:29:47	6.3	0.8	30.4	1853	1614	0.87	38	1448	54.3	56.2	106	34	 	 
21:33	20:23	11:29:50	6.3	0.8	38.8	2365	2075	0.88	26	2437	64.1	48.3	103	36	 	 
21:34	20:24	11:29:51	6.3	0.8	33.8	2057	1780	0.87	47	1328	62.3	49.8	108	33	 	 
21:35	20:25	11:29:52	6.3	0.8	36.7	2233	1896	0.85	46	1355	62.1	50.0	103	35	 	 
21:37	20:27	11:29:54	6.3	0.8	39.0	2375	2078	0.87	45	1511	68.2	45.1	105	35	 	 
21:38	20:28	11:29:55	6.3	0.8	36.2	2206	1936	0.88	47	1351	62.8	49.4	106	34	 	 
21:40	20:30	11:29:57	6.3	0.8	37.3	2272	2134	0.94	39	1790	69.7	43.8	107	34	 	 
21:41	20:31	11:29:58	6.3	0.8	35.1	2137	1953	0.91	43	1474	63.2	49.1	105	35	 	 
21:42	20:32	11:29:59	6.3	0.8	34.9	2127	1890	0.89	38	1588	61.1	50.8	105	35	 	 
21:44	20:34	11:30:01	6.6	0.8	39.3	2394	2253	0.94	31	2391	73.6	40.7	107	34	 	 
21:46	20:36	11:30:03	6.3	0.8	32.3	1965	1924	0.98	46	1414	65.3	47.4	110	32	 	 
21:47	20:37	11:30:04	6.5	0.8	39.2	2390	2104	0.88	46	1527	70.5	43.2	105	35	 	 
21:48	20:38	11:30:05	6.5	0.8	37.5	2282	2055	0.90	45	1517	67.9	45.3	106	34	 	 
21:50	20:40	11:30:07	6.3	0.8	37.5	2282	2068	0.91	46	1476	67.6	45.5	107	34	 	 
21:51	20:41	11:30:08	6.6	0.8	37.7	2294	2094	0.91	45	1530	68.5	44.8	107	34	 	 
21:53	20:43	11:30:10	6.3	0.8	35.4	2156	2066	0.96	29	2296	65.9	46.9	108	34	 	 
21:54	20:44	11:30:11	6.3	0.8	31.6	1925	1821	0.95	45	1295	58.4	52.9	108	34	 	 
21:56	20:46	11:30:13	6.3	0.8	35.1	2137	1935	0.91	47	1311	61.0	50.8	106	34	 	 
21:57	20:47	11:30:14	6.6	0.8	34.3	2088	1699	0.81	35	1414	49.3	60.2	99	38	 	 
21:59	20:49	11:30:16	6.6	0.8	44.3	2700	2344	0.87	45	1655	74.1	40.3	103	35	 	 
22:00	20:50	11:30:17	6.6	0.8	41.5	2528	2217	0.88	47	1586	74.3	40.1	105	34	 	 
22:01	20:51	11:30:18	6.6	0.8	39.0	2377	2209	0.93	45	1644	74.2	40.2	108	33	 	 
22:03	20:53	11:30:20	6.6	0.8	37.1	2259	2097	0.93	47	1541	72.8	41.3	108	34	 	 
22:05	20:55	11:30:22	6.6	0.8	33.5	2038	2047	1.00	27	2528	68.0	45.2	110	33	 	 
22:06	20:56	11:30:23	6.6	0.8	31.3	1904	1740	0.91	48	1207	58.4	52.9	108	34	 	 
22:07	20:57	11:30:24	6.6	0.8	37.3	2273	2080	0.92	45	1404	63.8	48.6	105	35	 	 
22:09	20:59	11:30:26	6.5	0.8	41.1	2503	2134	0.85	44	1533	67.6	45.5	103	36	 	 
22:10	21:00	11:30:27	6.6	0.8	42.1	2567	2292	0.89	44	1666	73.0	41.2	106	34	 	 
22:11	21:01	11:30:28	6.5	0.8	40.9	2490	2322	0.93	46	1651	76.2	38.6	107	34	 	 
22:13	21:03	11:30:30	6.5	0.8	38.8	2363	2227	0.94	47	1619	75.3	39.3	109	33	 	 
22:14	21:04	11:30:31	6.8	0.8	38.4	2340	2273	0.97	47	1649	77.9	37.2	110	33	 	 
22:15	21:05	11:30:32	6.9	0.8	35.9	2185	2128	0.97	48	1549	73.8	40.5	110	33	 	 
22:17	21:07	11:30:34	6.6	0.8	36.2	2202	2124	0.96	46	1555	71.2	42.6	109	33	 	 
22:18	21:08	11:30:35	6.6	0.8	20.1	1225	1207	0.98	54	872	47.2	62.0	113	30	 	 
22:19	21:09	11:30:36	6.6	0.8	39.2	2389	2223	0.93	73	1041	76.2	38.6	107	34	 	 
22:20	21:10	11:30:37	6.8	0.8	28.6	1745	1439	0.82	49	921	45.3	63.5	98	39	 	 
22:21	21:11	11:30:38	6.6	0.8	46.1	2808	2392	0.85	47	1583	74.8	39.7	103	36	 	 
22:22	21:12	11:30:39	6.6	0.8	43.9	2675	2420	0.90	46	1728	79.7	35.7	107	34	 	 
22:24	21:14	11:30:41	6.8	0.8	39.6	2415	2306	0.95	46	1708	78.2	37.0	108	33	 	 
22:25	21:15	11:30:42	6.9	0.8	36.2	2207	2088	0.95	46	1552	71.1	42.7	109	33	 	 
22:26	21:16	11:30:43	6.6	0.8	36.3	2212	2089	0.94	47	1511	70.8	42.9	108	34	 	 
22:27	21:17	11:30:44	6.8	0.8	34.4	2093	1989	0.95	48	1402	67.8	45.3	108	34	 	 
22:29	21:19	11:30:46	6.9	0.8	37.5	2287	2129	0.93	47	1516	71.6	42.3	108	34	 	 
22:30	21:20	11:30:47	6.8	0.8	36.0	2194	2043	0.93	47	1452	67.5	45.6	107	34	 	 
22:31	21:21	11:30:48	6.9	0.8	36.0	2192	2029	0.93	46	1468	67.2	45.8	107	34	 	 
22:33	21:23	11:30:50	6.8	0.8	29.0	1766	1495	0.85	31	1336	42.0	66.2	100	38	 	 
22:35	21:25	11:30:52	6.9	0.8	45.5	2769	2548	0.92	37	2191	80.6	35.0	106	34	 	 
22:36	21:26	11:30:53	7.0	0.8	39.2	2390	2195	0.92	47	1536	72.6	41.5	108	34	 	 
22:37	21:27	11:30:54	6.8	0.8	39.2	2391	2240	0.94	48	1600	76.8	38.1	107	34	 	 
22:39	21:29	11:30:56	6.9	0.8	34.6	2109	2099	1.00	53	1397	74.2	40.2	111	32	 	 
22:40	21:30	11:30:57	6.9	0.8	40.6	2475	2304	0.93	42	1793	75.8	38.9	107	34	 	 
22:42	21:32	11:30:59	6.8	0.8	40.4	2459	2362	0.96	31	2566	79.0	36.4	110	33	 	 
22:44	21:34	11:31:01	7.0	0.8	26.4	1610	1310	0.81	31	1126	34.6	72.1	98	39	 	 
22:45	21:35	11:31:02	7.0	0.8	46.0	2805	2474	0.88	48	1598	76.1	38.7	104	35	 	 
22:46	21:36	11:31:03	7.0	0.8	44.8	2726	2467	0.90	48	1654	80.1	35.5	106	34	 	 
22:48	21:38	11:31:05	6.9	0.8	36.1	2200	2153	0.98	50	1525	75.6	39.1	108	33	 	 
22:49	21:39	11:31:06	7.0	0.8	39.4	2403	2230	0.93	46	1645	75.9	38.8	107	34	 	 
22:50	21:40	11:31:07	7.1	0.8	35.8	2182	2043	0.94	47	1529	71.7	42.2	108	34	 	 
22:51	21:41	11:31:08	6.9	0.8	35.6	2168	2092	0.97	48	1522	72.5	41.6	108	34	 	 
22:52	21:42	11:31:09	7.0	0.8	38.8	2363	2305	0.98	58	1390	81.0	34.7	110	32	 	 
22:54	21:44	11:31:11	6.9	0.8	37.5	2287	2222	0.97	38	1904	72.8	41.3	108	34	 	 
22:56	21:46	11:31:13	7.0	0.8	38.6	2350	2320	0.99	36	2141	76.9	38.0	109	33	 	 
22:57	21:47	11:31:14	6.9	0.8	38.3	2335	2213	0.95	51	1490	76.4	38.4	109	34	 	 
22:58	21:48	11:31:15	7.0	0.8	35.1	2136	2012	0.94	48	1444	69.3	44.1	107	34	 	 
22:59	21:49	11:31:16	7.1	0.8	36.5	2224	2067	0.93	48	1449	69.0	44.4	106	35	 	 
23:01	21:51	11:31:18	7.1	0.8	39.2	2389	2188	0.92	47	1543	72.9	41.2	106	34	 	 
23:02	21:52	11:31:19	7.3	0.8	36.7	2233	2062	0.92	49	1466	71.5	42.4	107	34	 	 
23:03	21:53	11:31:20	7.1	0.8	41.0	2499	2313	0.93	46	1681	77.0	37.9	107	34	 	 
23:04	21:54	11:31:21	7.1	0.8	36.2	2206	2078	0.94	48	1501	72.1	41.9	107	34	 	 
23:06	21:56	11:31:23	7.1	0.8	40.8	2483	2421	0.98	38	2166	82.2	33.7	108	33	 	 
23:07	21:57	11:31:24	7.1	0.8	38.3	2334	2308	0.99	59	1403	82.5	33.5	111	32	 	 
23:08	21:58	11:31:25	7.1	0.8	36.1	2198	2093	0.95	45	1566	71.2	42.6	109	33	 	 
23:10	22:00	11:31:27	7.3	0.8	34.9	2124	2028	0.95	44	1543	68.1	45.1	109	33	 	 
23:11	22:01	11:31:28	7.1	0.8	44.4	2702	2602	0.96	36	2425	86.1	30.6	107	34	 	 
23:13	22:03	11:31:30	7.1	0.8	38.6	2349	2256	0.96	48	1642	78.2	37.0	108	34	 	 
23:14	22:04	11:31:31	7.3	0.8	37.8	2300	2140	0.93	47	1525	72.0	41.9	107	34	 	 
23:15	22:05	11:31:32	7.3	0.8	40.4	2463	2255	0.92	48	1574	76.1	38.6	107	34	 	 
23:17	22:07	11:31:34	7.4	0.8	41.2	2507	2448	0.98	31	2519	79.1	36.2	107	34	 	 
23:18	22:08	11:31:35	7.4	0.8	36.0	2193	2106	0.96	48	1497	71.3	42.6	107	34	 	 
23:20	22:10	11:31:37	7.1	0.8	38.3	2333	2149	0.92	48	1519	72.9	41.2	106	35	 	 
23:21	22:11	11:31:38	7.1	0.8	41.2	2507	2278	0.91	48	1582	75.9	38.8	106	35	 	 
23:22	22:12	11:31:39	7.4	0.8	43.2	2631	2413	0.92	47	1689	79.2	36.2	106	34	 	 
23:23	22:13	11:31:40	7.3	0.8	32.2	1960	2018	1.03	51	1343	68.9	44.5	111	32	 	 
23:24	22:14	11:31:41	7.1	0.8	36.6	2227	2279	1.02	69	1146	79.0	36.3	112	31	 	 
23:25	22:15	11:31:42	7.1	0.8	31.6	1922	1790	0.93	46	1200	55.0	55.7	104	36	 	 
23:27	22:17	11:31:44	7.1	0.8	49.8	3035	2632	0.87	46	1803	82.6	33.4	102	36	 	 
23:29	22:19	11:31:46	7.5	0.8	43.9	2675	2523	0.94	31	2602	81.7	34.1	107	34	 	 
23:30	22:20	11:31:47	7.5	0.8	33.6	2048	1978	0.97	48	1482	71.1	42.7	109	33	 	 
23:31	22:21	11:31:48	7.5	0.8	46.0	2800	2536	0.91	59	1429	84.9	31.6	107	34	 	 
23:32	22:22	11:31:49	7.3	0.8	41.7	2538	2352	0.93	47	1667	78.7	36.5	108	33	 	 
23:33	22:23	11:31:50	7.4	0.8	41.2	2507	2357	0.94	50	1568	79.1	36.3	108	34	 	 
23:35	22:25	11:31:52	7.4	0.8	37.2	2264	2202	0.97	50	1533	76.0	38.7	109	33	 	 
23:36	22:26	11:31:53	7.4	0.8	41.8	2548	2366	0.93	47	1661	77.8	37.3	107	34	 	 
23:37	22:27	11:31:54	7.3	0.8	40.9	2492	2388	0.96	47	1695	80.1	35.5	108	34	 	 
23:38	22:28	11:31:55	7.3	0.8	38.5	2344	2234	0.95	48	1574	75.0	39.6	108	33	 	 
23:40	22:30	11:31:57	7.3	0.8	39.0	2376	2244	0.94	45	1637	73.8	40.5	108	34	 	 
23:41	22:31	11:31:58	7.3	0.8	38.3	2331	2372	1.02	36	2144	77.0	37.9	110	32	 	 
23:43	22:33	11:32:00	7.4	0.8	35.3	2148	2115	0.98	45	1501	67.2	45.8	108	34	 	 
23:44	22:34	11:32:01	7.6	0.8	43.1	2628	2508	0.95	58	1401	80.8	34.8	106	35	 	 
23:46	22:36	11:32:03	7.6	0.8	33.0	2012	1608	0.80	33	1429	47.4	61.8	100	38	 	 
23:47	22:37	11:32:04	7.6	0.8	51.5	3138	2938	0.94	38	2455	92.6	25.3	107	34	 	 
23:48	22:38	11:32:05	7.6	0.8	44.6	2715	2641	0.97	49	1866	91.0	26.7	109	33	 	 
23:50	22:40	11:32:07	7.6	0.8	39.3	2393	2393	1.00	48	1709	82.7	33.4	109	33	 	 
23:51	22:41	11:32:08	7.6	0.8	36.9	2246	2271	1.01	49	1533	75.4	39.2	110	32	 	 
23:52	22:42	11:32:09	7.5	0.8	39.6	2414	2351	0.97	52	1488	77.6	37.4	109	33	 	 
23:53	22:43	11:32:10	7.5	0.8	47.9	2920	2817	0.96	54	1755	94.0	24.2	109	33	 	 
23:55	22:45	11:32:12	7.5	0.8	45.3	2759	2740	0.99	40	2316	93.3	24.8	109	33	 	 
23:56	22:46	11:32:13	7.6	0.8	38.8	2364	2296	0.97	48	1663	79.8	35.6	109	34	 	 
23:57	22:47	11:32:14	7.6	0.8	37.9	2311	2276	0.98	50	1574	78.0	37.1	108	34	 	 
23:58	22:48	11:32:15	7.6	0.8	43.5	2649	2526	0.95	49	1723	84.0	32.3	107	34	 	 
24:00	22:50	11:32:17	7.6	0.8	42.0	2559	2559	1.00	49	1769	87.0	29.9	108	33	 	 
24:01	22:51	11:32:18	7.6	0.8	45.5	2769	2720	0.98	46	1979	90.7	26.9	109	33	 	 
24:02	22:52	11:32:19	7.6	0.8	42.3	2574	2636	1.02	46	1993	91.3	26.4	112	32	 	 
24:03	22:53	11:32:20	7.6	0.8	41.8	2548	2601	1.02	50	1785	90.0	27.5	111	32	 	 
24:05	22:55	11:32:22	7.6	0.8	41.4	2519	2528	1.00	51	1740	88.5	28.7	109	33	 	 
24:06	22:56	11:32:23	7.6	0.8	38.7	2360	2433	1.03	60	1403	84.2	32.1	111	32	 	 
24:07	22:57	11:32:24	7.8	0.8	39.2	2389	2407	1.01	35	2264	79.0	36.3	110	33	 	 
24:09	22:59	11:32:26	7.6	0.8	43.9	2676	2555	0.95	45	1830	83.2	33.0	107	35	 	 
24:10	23:00	11:32:27	7.6	0.8	38.4	2337	2406	1.03	49	1624	79.2	36.1	108	33	 	 
24:11	23:01	11:32:28	7.8	0.8	43.5	2652	2592	0.98	42	2040	85.6	31.0	109	33	 	 
24:13	23:03	11:32:30	7.8	0.8	47.5	2896	2919	1.01	41	2401	98.7	20.5	111	32	 	 
24:14	23:04	11:32:31	7.8	1.2	38.0	2313	2381	1.03	51	1638	83.3	32.9	111	33	 	 
24:15	23:05	11:32:32	7.6	1.3	36.9	2250	2324	1.03	59	1395	82.1	33.9	111	32	 	 
24:16	23:06	11:32:33	7.6	1.3	44.7	2722	2725	1.00	52	1709	89.2	28.1	109	34	 	 
24:18	23:08	11:32:35	7.6	1.3	46.5	2834	2880	1.02	39	2411	93.3	24.8	109	34	 	 
24:19	23:09	11:32:36	7.6	1.3	41.2	2507	2554	1.02	49	1802	88.6	28.5	111	33	 	 
24:20	23:10	11:32:37	7.8	1.3	38.5	2348	2468	1.05	49	1757	86.4	30.4	111	32	 	 
24:21	23:11	11:32:38	7.6	1.3	36.0	2195	2194	1.00	49	1516	74.6	39.9	107	34	 	 
24:23	23:13	11:32:40	7.6	1.3	31.0	1888	1601	0.85	38	1297	49.3	60.3	103	37	 	 
24:24	23:14	11:32:41	7.6	1.3	50.4	3067	3057	1.00	67	1465	97.7	21.3	106	35	 	 
24:25	23:15	11:32:42	7.6	1.3	45.4	2766	2758	1.00	51	1735	88.2	28.9	106	35	 	 
24:26	23:16	11:32:43	7.6	1.3	40.0	2437	2549	1.05	50	1720	85.3	31.3	108	33	 	 
24:27	23:17	11:32:44	7.6	1.3	39.1	2381	2493	1.05	48	1734	83.3	32.9	107	34	 	 
24:29	23:19	11:32:46	7.6	1.3	37.7	2298	2358	1.03	51	1526	78.2	36.9	111	32	 	 
24:30	23:20	11:32:47	7.6	1.7	48.0	2923	2734	0.94	59	1544	90.8	26.8	108	34	 	 
24:31	23:21	11:32:48	7.6	1.8	45.0	2741	2708	0.99	50	1858	92.9	25.1	108	34	 	 
24:32	23:22	11:32:49	7.6	1.8	45.7	2782	2847	1.02	60	1696	101.7	18.0	112	32	 	 
24:33	23:23	11:32:50	7.6	1.8	40.9	2493	2671	1.07	50	1853	93.4	24.7	111	32	 	 
24:34	23:24	11:32:51	7.8	1.8	42.9	2616	2694	1.03	50	1910	94.7	23.7	111	32	 	 
24:35	23:25	11:32:52	7.6	1.8	39.4	2401	2537	1.06	49	1828	89.2	28.1	110	33	 	 
24:37	23:27	11:32:54	7.6	1.8	42.4	2585	2693	1.04	48	1968	94.5	23.9	111	32	 	 
24:38	23:28	11:32:55	7.6	1.8	40.7	2482	2616	1.05	49	1861	91.5	26.2	110	33	 	 
24:40	23:30	11:32:57	7.6	1.8	42.7	2600	2772	1.07	37	2559	93.6	24.5	111	32	 	 
24:41	23:31	11:32:58	7.6	1.8	34.0	2069	2197	1.06	56	1410	79.1	36.3	114	31	 	 
24:42	23:32	11:32:59	7.6	1.8	45.6	2776	2831	1.02	58	1660	96.7	22.1	110	33	 	 
24:43	23:33	11:33:00	7.6	1.8	35.8	2180	2227	1.02	53	1497	79.5	35.9	112	31	 	 
24:44	23:34	11:33:01	7.6	2.0	44.4	2703	2638	0.98	58	1550	90.3	27.2	109	34	 	 
24:45	23:35	11:33:02	7.6	2.3	46.2	2816	2785	0.99	60	1622	97.3	21.6	110	33	 	 
24:46	23:36	11:33:03	7.6	2.3	46.1	2808	2783	0.99	52	1822	94.2	24.1	109	34	 	 
24:47	23:37	11:33:04	7.6	2.3	39.4	2399	2583	1.08	55	1623	88.5	28.7	113	31	 	 
24:48	23:38	11:33:05	7.6	2.3	48.6	2959	2987	1.01	57	1812	102.6	17.3	110	33	 	 
24:49	23:39	11:33:06	7.8	2.3	40.0	2439	2565	1.05	57	1651	93.4	24.7	113	31	 	 
24:50	23:40	11:33:07	7.6	2.3	42.5	2587	2767	1.07	52	1880	98.1	20.9	113	31	 	 
24:52	23:42	11:33:09	7.6	2.3	42.9	2613	2710	1.04	50	1874	93.7	24.5	111	32	 	 
24:53	23:43	11:33:10	7.6	2.3	40.5	2469	2577	1.04	49	1815	89.3	28.0	110	34	 	 
24:54	23:44	11:33:11	7.6	2.3	40.3	2457	2751	1.12	58	1647	96.0	22.7	112	32	 	 
24:56	23:46	11:33:13	7.6	2.3	32.5	1979	1758	0.89	28	1617	45.3	63.5	100	40	 	 
24:57	23:47	11:33:14	7.6	2.3	53.9	3282	3181	0.97	50	1984	98.4	20.7	105	36	 	 
24:59	23:49	11:33:16	7.6	2.7	49.8	3033	3121	1.03	45	2323	104.0	16.2	111	32	 	 
25:00	23:50	11:33:17	7.6	2.9	43.3	2640	2776	1.05	53	1831	96.4	22.3	111	33	 	 
25:01	23:51	11:33:18	7.6	2.9	44.5	2710	2920	1.08	59	1713	101.8	18.0	112	32	 	 
25:02	23:52	11:33:19	7.8	2.9	43.3	2635	2698	1.02	52	1798	93.0	25.0	110	33	 	 
25:03	23:53	11:33:20	7.8	2.9	44.0	2683	2917	1.09	59	1746	102.7	17.2	112	32	 	 
25:04	23:54	11:33:21	7.6	2.9	46.1	2808	2983	1.06	49	2099	102.4	17.5	111	33	 	 
25:05	23:55	11:33:22	7.6	2.9	43.2	2632	2874	1.09	47	2112	99.8	19.6	113	32	 	 
25:07	23:57	11:33:24	7.6	2.9	42.5	2590	2823	1.09	50	2004	101.0	18.6	113	32	 	 
25:08	23:58	11:33:25	7.6	2.9	42.2	2568	2819	1.10	49	2018	99.3	20.0	112	33	 	 
25:09	23:59	11:33:26	7.6	2.9	40.6	2473	2690	1.09	43	2199	94.9	23.5	114	31	 	 
25:10	24:00	11:33:27	7.6	2.9	46.7	2842	3082	1.08	53	2006	106.5	14.1	112	32	 	 
25:11	24:01	11:33:28	7.6	2.9	36.7	2235	2644	1.18	52	1769	92.3	25.6	113	32	 	 
25:12	24:02	11:33:29	7.6	2.9	44.8	2728	2883	1.06	61	1698	104.0	16.2	113	32	 	 
25:14	24:04	11:33:31	7.8	2.9	43.4	2645	2952	1.12	41	2436	99.4	19.8	112	32	 	 
25:15	24:05	11:33:32	7.6	3.5	43.5	2649	2986	1.13	56	1910	106.1	14.5	114	31	 	 
25:16	24:06	11:33:33	7.6	3.5	39.5	2404	2624	1.09	54	1756	94.1	24.2	112	32	 	 
25:17	24:07	11:33:34	7.6	3.5	43.7	2663	3002	1.13	61	1714	104.9	15.4	112	32	 	 
25:18	24:08	11:33:35	7.6	3.5	42.9	2615	2879	1.10	62	1689	104.5	15.8	114	31	 	 
25:19	24:09	11:33:36	7.6	3.5	41.2	2508	2851	1.14	54	1862	99.8	19.6	112	32	 	 
25:20	24:10	11:33:37	7.6	3.5	47.8	2911	3167	1.09	58	1951	112.6	9.3	113	31	 	 
25:21	24:11	11:33:38	7.6	3.5	44.3	2702	2855	1.06	50	2026	100.4	19.0	112	32	 	 
25:23	24:13	11:33:40	7.6	3.5	39.6	2414	2684	1.11	50	1858	93.7	24.5	112	32	 	 
25:24	24:14	11:33:41	7.6	3.5	46.5	2831	2963	1.05	45	2205	100.2	19.2	111	33	 	 
25:26	24:16	11:33:43	7.6	3.5	32.5	1978	1809	0.91	38	1393	52.9	57.4	105	37	 	 
25:27	24:17	11:33:44	7.6	3.5	52.7	3209	3242	1.01	38	2678	102.3	17.5	108	34	 	 
25:28	24:18	11:33:45	7.6	3.9	48.8	2973	3065	1.03	50	2102	104.3	16.0	110	33	 	 
25:29	24:19	11:33:46	7.6	4.1	43.3	2636	2997	1.14	63	1745	109.1	12.1	113	31	 	 
25:30	24:20	11:33:47	7.6	4.1	45.5	2771	3131	1.13	65	1769	114.1	8.0	113	31	 	 
25:31	24:21	11:33:48	7.6	4.1	40.1	2443	2899	1.19	63	1724	108.9	12.2	115	30	 	 
25:32	24:22	11:33:49	7.6	4.1	47.3	2879	3228	1.12	63	1871	118.2	4.8	115	30	 	 
25:33	24:23	11:33:50	7.6	4.1	43.9	2672	3025	1.13	48	2281	109.5	11.8	114	31	 	 
25:34	24:24	11:33:51	7.6	4.1	44.5	2708	3003	1.11	52	2043	106.6	14.1	113	32	 	 
25:36	24:26	11:33:53	7.6	4.1	42.4	2583	2805	1.09	59	1781	104.8	15.6	114	31	 	 
25:37	24:27	11:33:54	7.6	4.1	41.2	2511	3044	1.21	58	1831	105.6	14.9	114	31	 	 
25:38	24:28	11:33:55	7.6	4.1	46.2	2814	3137	1.12	49	2154	105.1	15.3	113	32	 	 
25:39	24:29	11:33:56	7.6	4.1	51.2	3121	3361	1.08	55	2093	115.2	7.1	112	33	 	 
25:40	24:30	11:33:57	7.6	4.1	40.4	2460	2886	1.17	54	1825	98.6	20.5	113	31	 	 
25:41	24:31	11:33:58	7.6	4.1	49.1	2994	3238	1.08	45	2402	109.2	12.0	111	33	 	 
25:42	24:32	11:33:59	7.6	4.1	42.6	2597	2899	1.12	50	1961	98.9	20.3	112	32	 	 
25:44	24:34	11:34:01	7.6	4.1	47.2	2875	3095	1.08	59	1865	110.8	10.7	112	32	 	 
25:44	24:34	11:34:01	7.6	4.7	48.2	2938	3228	1.10	64	1861	118.8	4.3	114	31	 	 
25:46	24:36	11:34:03	7.6	4.9	45.1	2744	3062	1.12	52	2045	106.7	14.0	112	32	 	 
25:47	24:37	11:34:04	7.6	4.9	46.2	2813	3154	1.12	47	2381	110.8	10.7	112	32	 	 
25:48	24:38	11:34:05	7.6	4.9	41.7	2541	2940	1.16	52	1919	100.1	19.3	113	31	 	 
25:49	24:39	11:34:06	7.6	4.9	45.9	2796	3100	1.11	59	1868	111.0	10.6	113	32	 	 
25:50	24:40	11:34:07	7.8	4.9	43.7	2665	3045	1.14	51	2089	106.2	14.4	113	32	 	 
25:51	24:41	11:34:08	7.6	4.9	48.9	2978	3260	1.09	59	1937	115.1	7.2	113	32	 	 
25:52	24:42	11:34:09	7.8	4.9	40.9	2493	2910	1.17	52	1915	99.9	19.5	113	31	 	 
25:54	24:44	11:34:11	7.6	4.9	45.0	2740	3058	1.12	48	2095	101.4	18.3	112	32	 	 
25:55	24:45	11:34:12	7.6	4.9	48.0	2924	3197	1.09	58	1972	114.8	7.4	112	32	 	 
25:56	24:46	11:34:13	7.6	4.9	48.1	2929	3304	1.13	62	1920	118.8	4.3	113	31	 	 
25:57	24:47	11:34:14	7.6	4.9	43.9	2677	3090	1.15	52	2145	111.0	10.6	113	32	 	 
25:58	24:48	11:34:15	7.6	4.9	46.7	2842	3183	1.12	61	1930	117.0	5.7	114	31	 	 
25:59	24:49	11:34:16	7.6	4.9	41.7	2539	2803	1.10	50	1995	99.7	19.6	112	32	 	 
26:00	24:50	11:34:17	7.6	4.9	47.9	2916	3397	1.17	63	1947	121.7	1.9	114	31	 	 
26:01	24:51	11:34:18	7.6	4.9	43.3	2638	3009	1.14	59	1852	110.0	11.3	115	31	 	 
26:02	24:52	11:34:19	7.6	4.9	48.3	2940	3182	1.08	53	2130	112.1	9.6	112	33	 	 
26:03	24:53	11:34:20	7.6	4.9	45.4	2766	3015	1.09	48	2175	105.3	15.2	112	33	 	 
26:04	24:54	11:34:21	7.6	4.9	46.1	2807	3131	1.12	59	1868	110.9	10.6	113	32	 	 
26:06	24:56	11:34:23	7.6	4.9	47.4	2885	3194	1.11	50	2219	110.0	11.3	113	32	 	 
26:07	24:57	11:34:24	7.6	4.9	41.5	2526	2924	1.16	54	1935	103.7	16.4	114	31	 	 
26:08	24:58	11:34:25	7.6	4.9	48.4	2949	3359	1.14	58	2034	118.5	4.5	113	32	 	 
26:09	24:59	11:34:26	7.8	4.9	41.9	2552	3061	1.20	61	1845	111.8	9.9	115	31	 	 
26:10	25:00	11:34:27	7.6	4.9	45.3	2757	3082	1.12	50	2123	107.0	13.7	113	32	 	 
26:11	25:01	11:34:28	7.6	4.9	40.3	2453	2905	1.18	58	1821	106.1	14.5	115	30	 	 
26:12	25:02	11:34:29	7.6	4.9	47.0	2863	3243	1.13	67	1767	119.1	4.0	114	31	 	 
26:13	25:03	11:34:30	7.6	4.9	41.4	2521	3051	1.21	57	1851	104.8	15.5	114	31	 	 
26:14	25:04	11:34:31	7.6	5.7	44.4	2706	3034	1.12	61	1801	109.1	12.0	113	32	 	 
26:15	25:05	11:34:32	7.6	5.7	49.6	3024	3339	1.10	61	1929	116.9	5.8	112	32	 	 
26:16	25:06	11:34:33	7.6	5.8	48.0	2926	3289	1.12	62	1908	118.0	4.9	114	31	 	 
26:17	25:07	11:34:34	7.6	5.8	45.2	2756	3072	1.11	40	2611	104.4	15.8	112	33	 	 
26:18	25:08	11:34:35	7.6	5.8	48.2	2939	3290	1.12	62	1921	118.8	4.2	114	31	 	 
26:19	25:09	11:34:36	7.6	5.8	47.7	2904	3316	1.14	62	1951	120.7	2.7	114	31	 	 
26:20	25:10	11:34:37	7.6	5.8	41.9	2552	2969	1.16	63	1801	112.6	9.3	116	30	 	 
26:21	25:11	11:34:38	7.6	5.8	41.7	2541	3016	1.19	58	1868	108.8	12.3	116	30	 	 
26:22	25:12	11:34:39	7.6	5.8	47.8	2912	3360	1.15	63	1872	118.2	4.7	114	32	 	 
26:23	25:13	11:34:40	7.8	5.8	47.9	2921	3300	1.13	62	1926	119.2	4.0	113	32	 	 
26:25	25:15	11:34:42	7.8	5.8	36.1	2201	2121	0.96	32	1849	58.4	52.9	104	38	 	 
26:26	25:16	11:34:43	7.8	5.8	54.4	3316	3794	1.14	63	2040	127.5	-2.8	112	33	 	 
26:27	25:17	11:34:44	7.6	5.8	51.8	3156	3503	1.11	52	2331	121.6	2.0	112	33	 	 
26:28	25:18	11:34:45	7.6	5.8	48.6	2962	3415	1.15	59	2095	124.5	-0.3	115	31	 	 
26:29	25:19	11:34:46	7.6	5.8	49.4	3006	3462	1.15	65	1941	126.6	-2.1	115	31	 	 
26:30	25:20	11:34:47	7.6	5.8	46.0	2804	3196	1.14	65	1861	120.1	3.2	115	31	 	 
26:31	25:21	11:34:48	7.6	5.8	48.6	2959	3472	1.17	65	1936	126.3	-1.8	115	31	 	 
26:32	25:22	11:34:49	7.6	5.8	47.2	2878	3264	1.13	47	2374	111.3	10.3	114	32	 	 
26:33	25:23	11:34:50	7.6	5.8	45.9	2794	3261	1.17	62	1942	120.1	3.2	116	30	 	 
26:34	25:24	11:34:51	7.8	5.8	45.7	2784	3357	1.21	64	1971	125.8	-1.4	116	30	 	 
26:35	25:25	11:34:52	7.6	5.8	48.3	2945	3375	1.15	69	1844	127.2	-2.5	116	30	 	 
26:36	25:26	11:34:53	7.6	5.8	47.2	2876	3589	1.25	69	1932	133.3	-7.4	115	31	 	 
26:37	25:27	11:34:54	7.6	5.8	44.7	2725	3353	1.23	65	1947	125.6	-1.2	116	30	 	 
26:38	25:28	11:34:55	7.8	5.8	48.5	2953	3480	1.18	66	1960	129.3	-4.2	115	31	 	 
26:39	25:29	11:34:56	7.6	5.8	46.6	2840	3280	1.16	63	1966	124.1	-0.1	116	30	 	 
26:40	25:30	11:34:57	7.6	5.8	49.1	2990	3533	1.18	65	2013	131.3	-5.8	115	31	 	 
26:41	25:31	11:34:58	7.6	5.8	43.6	2654	3243	1.22	58	2028	117.0	5.7	116	30	 	 
26:42	25:32	11:34:59	7.6	5.8	47.6	2901	3304	1.14	56	2128	118.2	4.7	114	32	 	 
26:43	25:33	11:35:00	7.6	5.8	47.7	2904	3489	1.20	63	2034	127.1	-2.5	115	31	 	 
26:44	25:34	11:35:01	7.6	6.5	47.1	2866	3315	1.16	65	1928	124.4	-0.3	116	30	 	 
26:45	25:35	11:35:02	7.6	6.5	48.4	2949	3551	1.20	65	2012	129.8	-4.6	115	31	 	 
26:45	25:35	11:35:02	7.6	6.7	46.1	2806	3273	1.17	64	1910	121.9	1.7	116	30	 	 
26:46	25:36	11:35:03	7.6	6.7	48.3	2940	3446	1.17	66	1933	127.5	-2.7	115	31	 	 
26:48	25:38	11:35:05	7.6	6.7	47.2	2878	3274	1.14	50	2322	116.1	6.4	114	32	 	 
26:49	25:39	11:35:06	7.6	6.7	45.2	2754	3239	1.18	54	2100	113.5	8.5	115	31	 	 
26:50	25:40	11:35:07	7.8	6.7	50.2	3056	3485	1.14	56	2209	123.9	0.2	114	32	 	 
26:51	25:41	11:35:08	7.6	6.7	49.3	3001	3570	1.19	62	2080	128.7	-3.7	115	31	 	 
26:52	25:42	11:35:09	7.6	6.7	43.9	2675	3219	1.20	60	1981	118.9	4.2	117	29	 	 
26:53	25:43	11:35:10	7.6	6.7	46.8	2849	3418	1.20	65	1909	123.2	0.7	116	30	 	 
26:54	25:44	11:35:11	7.8	6.7	48.4	2951	3489	1.18	59	2104	123.7	0.3	115	31	 	 
26:55	25:45	11:35:12	7.6	6.7	50.0	3044	3471	1.14	60	2098	125.9	-1.4	115	31	 	 
26:56	25:46	11:35:13	7.6	6.7	44.1	2686	3263	1.22	58	2033	118.4	4.5	116	30	 	 
26:57	25:47	11:35:14	7.6	6.7	46.0	2803	3463	1.24	61	1994	122.1	1.6	116	31	 	 
26:58	25:48	11:35:15	7.6	6.7	50.6	3081	3519	1.14	58	2172	125.3	-1.0	114	32	 	 
26:59	25:49	11:35:16	7.6	6.7	50.9	3102	3639	1.17	62	2095	129.6	-4.4	115	31	 	 
27:00	25:50	11:35:17	7.6	6.7	43.5	2649	3277	1.24	64	1948	124.3	-0.2	117	30	 	 
27:01	25:51	11:35:18	7.6	6.7	48.9	2981	3642	1.22	70	1944	135.6	-9.3	116	31	 	 
27:01	25:51	11:35:18	7.6	6.7	45.2	2752	3296	1.20	66	1893	124.8	-0.6	116	31	 	 
27:02	25:52	11:35:19	7.8	6.7	48.3	2942	3518	1.20	65	2002	130.5	-5.2	116	31	 	 
27:03	25:53	11:35:20	7.8	6.7	47.5	2892	3453	1.19	63	2065	129.1	-4.0	117	30	 	 
27:04	25:54	11:35:21	7.8	6.7	49.0	2987	3590	1.20	64	2107	134.5	-8.4	117	30	 	 
27:06	25:56	11:35:23	7.6	6.7	47.3	2880	3296	1.14	41	2701	111.8	9.9	112	33	 	 
27:07	25:57	11:35:24	7.6	6.7	49.4	3011	3515	1.17	61	2037	124.7	-0.5	115	31	 	 
27:08	25:58	11:35:25	7.6	6.7	48.6	2958	3585	1.21	65	2023	131.9	-6.3	116	31	 	 
27:09	25:59	11:35:26	7.6	6.7	46.3	2818	3566	1.27	67	1978	131.9	-6.3	116	30	 	 
27:09	25:59	11:35:26	7.8	6.7	48.8	2970	3532	1.19	65	2020	131.8	-6.2	116	30	 	 
27:10	26:00	11:35:27	7.8	6.7	48.9	2976	3574	1.20	65	2086	134.6	-8.5	117	30	 	 
27:11	26:01	11:35:28	7.8	6.7	47.3	2880	3521	1.22	65	2025	132.0	-6.4	117	29	 	 
27:12	26:02	11:35:29	7.6	6.7	47.5	2895	3524	1.22	66	1983	130.8	-5.4	116	30	 	 
27:13	26:03	11:35:30	7.6	6.7	46.0	2803	3320	1.18	61	2089	127.9	-3.1	118	29	 	 
27:14	26:04	11:35:31	7.6	7.0	46.3	2818	3665	1.30	68	2010	137.0	-10.4	117	30	 	 
27:15	26:05	11:35:32	7.6	7.2	44.2	2695	3312	1.23	67	1897	126.5	-1.9	117	30	 	 
27:16	26:06	11:35:33	7.6	7.2	46.5	2830	3497	1.24	66	1992	131.3	-5.9	116	30	 	 
27:17	26:07	11:35:34	7.6	7.2	46.3	2818	3407	1.21	65	1988	128.2	-3.4	116	30	 	 
27:18	26:08	11:35:35	7.6	7.2	49.3	3004	3598	1.20	65	2066	133.3	-7.4	116	30	 	 
27:19	26:09	11:35:36	7.6	7.2	46.2	2812	3385	1.20	65	1982	129.2	-4.2	117	29	 	 
27:20	26:10	11:35:37	7.6	7.2	43.1	2626	3305	1.26	68	1847	126.0	-1.5	116	30	 	 
27:20	26:10	11:35:37	7.6	7.2	47.9	2918	3480	1.19	63	2052	129.6	-4.5	116	30	 	 
27:21	26:11	11:35:38	7.6	7.2	47.0	2862	3389	1.18	60	2173	130.4	-5.1	118	29	 	 
27:22	26:12	11:35:39	7.6	7.2	47.5	2894	3550	1.23	63	2121	132.6	-6.9	117	30	 	 
27:23	26:13	11:35:40	7.8	7.2	46.0	2803	3342	1.19	67	1895	127.8	-3.0	117	30	 	 
27:24	26:14	11:35:41	7.8	7.3	44.4	2707	3425	1.27	61	2037	123.5	0.5	116	30	 	 
27:25	26:15	11:35:42	7.6	7.3	47.8	2913	3544	1.22	67	1945	131.1	-5.7	117	30	 	 
27:26	26:16	11:35:43	7.6	7.3	47.0	2866	3332	1.16	55	2204	120.2	3.1	115	31	 	 
27:27	26:17	11:35:44	7.6	7.3	49.2	2997	3488	1.16	62	2055	127.1	-2.4	115	31	 	 
27:28	26:18	11:35:45	7.6	7.3	48.9	2976	3573	1.20	65	2027	132.2	-6.5	116	31	 	 
27:29	26:19	11:35:46	7.6	7.8	44.5	2709	3174	1.17	65	1875	121.0	2.5	116	31	 	 
27:30	26:20	11:35:47	7.6	7.9	35.6	2172	2437	1.12	55	1546	84.3	32.0	114	32	 	 
27:32	26:22	11:35:49	7.6	7.9	40.2	2451	2737	1.12	39	2349	92.1	25.7	113	32	 	 
