Time	Ex Time	Time (Clock)	Speed	Grade	VO2	VO2	VCO2	RER	RR	Vt BTPS	VE BTPS	BR	PETO2	PETCO2	HR	HRR
(min)	(min)	(Clock)	(MPH)	(%)	(mL/kg/min)	(mL/min)	(mL/min)		(br/min)	(mL)	(L/min)	(%)	(mmHg)	(mmHg)	(BPM)	(%)
0:16	 	08:10:47	0.0	0.0	6.1	499	368	0.74	19	600	11.5	93.5	96	39	 	 
0:25	 	08:10:56	0.0	0.0	5.8	473	388	0.82	7	1519	10.6	94.0	98	40	 	 
0:29	 	08:11:00	0.0	0.0	6.5	529	407	0.77	15	808	11.8	93.3	96	40	 	 
0:33	 	08:11:04	0.0	0.0	9.4	763	628	0.82	15	1169	18.0	89.8	101	38	 	 
0:37	 	08:11:08	0.0	0.0	5.8	471	377	0.80	16	736	11.5	93.5	99	39	 	 
0:40	 	08:11:11	0.0	0.0	8.1	656	536	0.82	16	964	15.9	91.0	101	38	 	 
0:46	 	08:11:17	0.0	0.0	4.9	399	340	0.85	11	1024	11.0	93.8	100	38	 	 
0:50	 	08:11:21	0.0	0.0	6.7	545	459	0.84	14	989	13.4	92.4	102	38	 	 
0:55	 	08:11:26	0.0	0.0	6.1	493	402	0.82	14	855	11.6	93.4	98	40	 	 
0:57	 	08:11:28	0.0	0.0	1.6	130	108	0.83	22	276	6.1	96.5	103	35	 	 
1:00	 	08:11:31	0.0	0.0	9.0	727	557	0.77	22	724	16.0	90.9	95	41	 	 
1:03	 	08:11:34	0.0	0.0	7.2	585	438	0.75	24	581	13.7	92.2	95	40	 	 
1:06	 	08:11:37	0.0	0.0	7.8	634	482	0.76	20	703	14.2	92.0	95	40	 	 
1:08	 	08:11:39	0.0	0.0	3.7	302	237	0.78	30	355	10.6	94.0	100	36	 	 
1:12	0:00	08:11:43	2.1	1.0	12.3	1002	895	0.89	15	1749	25.7	85.5	108	34	 	 
1:15	0:03	08:11:46	2.9	1.0	7.0	571	505	0.88	25	649	16.5	90.7	103	37	 	 
1:17	0:05	08:11:48	2.9	1.0	4.9	394	340	0.86	25	482	12.0	93.2	102	38	 	 
1:19	0:07	08:11:50	3.0	1.0	4.5	365	346	0.95	30	409	12.1	93.2	96	40	 	 
1:22	0:10	08:11:53	2.9	1.0	7.7	625	495	0.79	24	610	14.7	91.7	94	41	 	 
1:25	0:13	08:11:56	3.0	1.0	9.0	734	563	0.77	20	799	15.9	91.0	94	40	 	 
1:28	0:16	08:11:59	3.0	1.0	11.8	958	723	0.75	21	941	19.9	88.8	94	40	 	 
1:30	0:18	08:12:01	3.0	1.0	9.3	754	571	0.76	25	684	17.1	90.3	94	40	 	 
1:32	0:20	08:12:03	3.0	1.0	13.7	1113	852	0.77	29	818	23.8	86.5	94	40	 	 
1:34	0:22	08:12:05	2.8	1.0	10.2	826	634	0.77	25	747	18.7	89.4	95	40	 	 
1:36	0:24	08:12:07	3.0	1.0	7.1	577	489	0.85	45	401	18.0	89.8	94	40	 	 
1:41	0:29	08:12:12	3.0	1.0	10.7	868	699	0.81	12	1626	18.8	89.3	98	39	 	 
1:43	0:31	08:12:14	3.0	1.0	12.0	976	739	0.76	26	791	20.2	88.6	91	41	 	 
1:47	0:35	08:12:18	2.8	1.0	12.8	1039	795	0.77	15	1349	20.5	88.4	95	40	 	 
1:50	0:38	08:12:21	3.0	1.0	11.7	953	730	0.77	21	951	19.8	88.8	94	40	 	 
1:53	0:41	08:12:24	3.0	1.0	12.5	1012	754	0.74	23	902	20.7	88.3	93	41	 	 
1:55	0:43	08:12:26	2.9	1.0	11.7	948	700	0.74	23	868	19.7	88.8	93	40	 	 
1:58	0:46	08:12:29	3.0	1.0	12.9	1047	768	0.73	22	935	21.0	88.1	93	41	 	 
2:01	0:49	08:12:32	3.0	1.0	12.3	1002	740	0.74	21	968	20.5	88.4	93	40	 	 
2:04	0:52	08:12:35	2.8	1.0	12.1	984	723	0.73	21	926	19.3	89.1	90	41	 	 
2:07	0:55	08:12:38	3.0	1.0	10.9	885	647	0.73	16	1020	16.8	90.5	90	41	 	 
2:12	1:00	08:12:43	4.0	1.0	11.2	908	652	0.72	14	1153	16.3	90.8	88	43	 	 
2:14	1:02	08:12:45	5.8	1.0	9.2	747	530	0.71	23	654	15.0	91.5	88	42	 	 
2:16	1:04	08:12:47	6.5	0.9	26.5	2154	1472	0.68	28	1353	37.6	78.7	87	42	 	 
2:18	1:06	08:12:49	6.3	0.9	24.8	2015	1485	0.74	31	1343	41.5	76.5	95	38	 	 
2:22	1:10	08:12:53	6.2	0.9	14.5	1174	883	0.75	15	1487	22.5	87.3	89	43	 	 
2:24	1:12	08:12:55	6.3	0.9	23.9	1940	1392	0.72	35	1132	39.7	77.5	92	40	 	 
2:27	1:15	08:12:58	6.3	0.9	17.4	1414	1061	0.75	23	1260	29.3	83.4	93	40	 	 
2:29	1:17	08:13:00	6.2	0.9	15.1	1228	892	0.73	29	879	25.6	85.5	94	39	 	 
2:31	1:19	08:13:02	6.2	0.9	17.6	1428	1047	0.73	25	1109	28.2	84.1	92	40	 	 
2:33	1:21	08:13:04	6.2	0.9	19.7	1599	1100	0.69	29	1032	29.9	83.1	89	41	 	 
2:35	1:23	08:13:06	6.3	0.9	23.5	1906	1288	0.68	29	1226	35.4	80.0	89	40	 	 
2:37	1:25	08:13:08	6.3	0.9	25.5	2070	1421	0.69	29	1317	37.8	78.6	88	40	 	 
2:39	1:27	08:13:10	6.3	0.9	22.7	1840	1240	0.67	29	1160	33.3	81.2	87	41	 	 
2:42	1:30	08:13:13	6.2	0.9	23.1	1872	1255	0.67	29	1165	33.3	81.2	87	40	 	 
2:44	1:32	08:13:15	6.3	0.9	28.7	2331	1497	0.64	29	1360	39.0	77.9	83	42	 	 
2:46	1:34	08:13:17	6.2	0.9	24.4	1980	1274	0.64	22	1388	30.5	82.7	83	42	 	 
2:49	1:37	08:13:20	6.2	0.9	28.5	2315	1512	0.65	25	1587	39.5	77.6	87	40	 	 
2:51	1:39	08:13:22	6.3	0.9	26.8	2175	1425	0.66	27	1367	37.3	78.9	85	41	 	 
2:53	1:41	08:13:24	6.2	0.9	24.3	1973	1280	0.65	29	1172	33.8	80.9	85	41	 	 
2:55	1:43	08:13:26	6.1	0.9	30.7	2489	1615	0.65	30	1391	41.1	76.7	84	42	 	 
2:57	1:45	08:13:28	6.1	0.9	31.3	2538	1631	0.64	28	1578	43.4	75.4	87	40	 	 
3:00	1:48	08:13:31	6.2	0.9	38.2	3103	2268	0.73	22	2981	64.1	63.7	95	37	 	 
3:02	1:50	08:13:33	6.3	0.9	23.8	1932	1339	0.69	28	1338	36.8	79.2	90	41	 	 
3:04	1:52	08:13:35	6.3	0.9	26.1	2121	1406	0.66	29	1246	36.6	79.3	86	42	 	 
3:06	1:54	08:13:37	6.3	0.9	32.6	2649	1723	0.65	29	1489	43.8	75.2	85	42	 	 
3:08	1:56	08:13:39	6.3	0.9	29.9	2428	1665	0.69	31	1409	43.1	75.6	88	40	 	 
3:10	1:58	08:13:41	6.3	0.9	39.3	3190	2258	0.71	36	1719	62.5	64.6	94	38	 	 
3:12	2:00	08:13:43	6.1	0.9	33.9	2756	2056	0.75	31	1848	57.2	67.7	95	38	 	 
3:14	2:02	08:13:45	6.2	0.9	27.6	2242	1630	0.73	27	1545	41.9	76.3	89	41	 	 
3:16	2:04	08:13:47	6.3	0.9	19.1	1548	1087	0.70	36	782	28.3	84.0	85	43	 	 
3:18	2:06	08:13:49	6.2	0.9	33.0	2680	1795	0.67	30	1492	44.1	75.1	84	43	 	 
3:24	2:12	08:13:55	6.1	0.9	22.8	1847	1381	0.75	45	866	39.1	77.9	91	41	 	 
3:27	2:15	08:13:58	6.2	0.9	35.5	2885	2119	0.73	29	1889	54.0	69.5	90	41	 	 
3:28	2:16	08:13:59	6.3	0.9	29.7	2410	1799	0.75	34	1470	49.3	72.1	93	40	 	 
3:30	2:18	08:14:01	6.2	0.9	35.1	2847	2154	0.76	38	1493	57.1	67.7	93	40	 	 
3:32	2:20	08:14:03	6.3	0.9	37.7	3065	2295	0.75	38	1626	62.5	64.6	95	39	 	 
3:33	2:21	08:14:04	6.3	0.9	31.1	2523	1973	0.78	35	1570	55.1	68.8	97	38	 	 
3:35	2:23	08:14:06	6.3	0.9	30.2	2455	1901	0.77	35	1508	52.3	70.4	96	39	 	 
3:37	2:25	08:14:08	6.2	0.9	29.8	2420	1804	0.75	32	1498	48.1	72.8	92	41	 	 
3:40	2:28	08:14:11	6.3	0.9	22.4	1815	1332	0.73	18	1747	31.3	82.3	88	44	 	 
3:42	2:30	08:14:13	6.3	0.9	35.6	2888	2019	0.70	32	1571	49.9	71.8	87	43	 	 
3:44	2:32	08:14:15	6.3	0.9	38.0	3086	2285	0.74	31	1990	60.9	65.5	92	40	 	 
3:46	2:34	08:14:17	6.3	0.9	41.4	3359	2592	0.77	34	2054	69.2	60.8	95	39	 	 
3:48	2:36	08:14:19	6.3	0.9	29.5	2395	1893	0.79	32	1656	52.6	70.3	95	40	 	 
3:50	2:38	08:14:21	6.3	0.9	28.5	2315	1785	0.77	31	1508	47.1	73.3	93	41	 	 
3:51	2:39	08:14:22	6.3	0.9	33.6	2726	2010	0.74	32	1527	49.5	72.0	90	42	 	 
3:53	2:41	08:14:24	6.3	0.9	27.6	2242	1662	0.74	30	1402	42.1	76.2	89	43	 	 
3:55	2:43	08:14:26	6.2	0.9	37.3	3026	2302	0.76	34	1813	61.5	65.2	93	40	 	 
3:57	2:45	08:14:28	6.2	0.9	36.7	2984	2267	0.76	35	1748	61.0	65.5	95	40	 	 
3:59	2:47	08:14:30	6.3	0.9	39.9	3238	2588	0.80	37	1898	69.9	60.5	97	39	 	 
4:00	2:48	08:14:31	6.3	0.9	31.9	2592	2060	0.79	39	1553	60.5	65.8	99	38	 	 
4:02	2:50	08:14:33	6.2	0.9	31.0	2515	2071	0.82	34	1646	56.4	68.1	97	40	 	 
4:04	2:52	08:14:35	6.2	0.9	33.4	2709	2246	0.83	35	1715	59.5	66.4	96	40	 	 
4:05	2:53	08:14:36	6.2	0.9	25.8	2094	1708	0.82	38	1209	46.5	73.7	96	40	 	 
4:07	2:55	08:14:38	6.2	0.9	29.1	2365	1901	0.80	34	1425	49.1	72.2	95	41	 	 
4:08	2:56	08:14:39	6.3	0.9	37.3	3028	2420	0.80	39	1656	64.9	63.3	95	40	 	 
4:10	2:58	08:14:41	6.2	0.9	34.9	2831	2228	0.79	42	1523	63.5	64.1	98	39	 	 
4:12	3:00	08:14:43	6.2	0.9	33.6	2732	2246	0.82	31	1980	61.6	65.2	98	39	 	 
4:14	3:02	08:14:45	6.3	0.9	28.7	2328	1935	0.83	27	1862	50.5	71.4	96	40	 	 
4:16	3:04	08:14:47	6.2	0.9	25.0	2028	1629	0.80	27	1541	42.0	76.2	92	43	 	 
4:19	3:07	08:14:50	6.3	0.9	11.9	968	761	0.79	22	952	20.7	88.3	92	42	 	 
4:21	3:09	08:14:52	6.2	0.9	55.4	4496	3048	0.68	38	1820	68.2	61.4	81	46	 	 
4:23	3:11	08:14:54	6.3	0.9	41.7	3384	2696	0.80	22	3326	72.8	58.8	96	39	 	 
4:25	3:13	08:14:56	6.3	0.9	33.2	2693	2160	0.80	33	1825	60.8	65.6	97	39	 	 
4:27	3:15	08:14:58	6.2	0.9	27.4	2225	1815	0.82	35	1430	50.2	71.6	97	40	 	 
4:29	3:17	08:15:00	6.1	0.9	31.5	2556	2074	0.81	35	1545	54.2	69.3	94	41	 	 
4:30	3:18	08:15:01	6.3	0.9	30.2	2454	1980	0.81	38	1367	51.9	70.6	95	41	 	 
4:32	3:20	08:15:03	6.3	0.9	34.3	2785	2256	0.81	33	1799	59.6	66.3	95	40	 	 
4:34	3:22	08:15:05	6.2	0.9	29.6	2403	1940	0.81	36	1512	53.7	69.6	98	39	 	 
4:35	3:23	08:15:06	6.3	0.9	34.0	2762	2247	0.81	34	1713	57.8	67.3	95	41	 	 
4:37	3:25	08:15:08	6.3	0.9	32.4	2627	2113	0.80	36	1560	55.4	68.7	96	40	 	 
4:39	3:27	08:15:10	6.2	0.9	33.0	2676	2083	0.78	32	1713	54.7	69.1	94	41	 	 
4:41	3:29	08:15:12	6.3	0.9	30.2	2450	1951	0.80	30	1644	49.8	71.8	94	42	 	 
4:43	3:31	08:15:14	6.3	0.9	31.6	2568	2028	0.79	34	1553	52.7	70.2	92	42	 	 
4:44	3:32	08:15:15	6.2	0.9	34.6	2810	2202	0.78	35	1624	56.7	67.9	92	42	 	 
4:46	3:34	08:15:17	6.3	0.9	38.3	3113	2428	0.78	34	1903	64.2	63.7	94	41	 	 
4:48	3:36	08:15:19	6.3	0.9	33.0	2678	2153	0.80	34	1751	59.4	66.4	97	40	 	 
4:50	3:38	08:15:21	6.3	0.9	26.8	2177	1803	0.83	30	1568	47.8	73.0	96	40	 	 
4:52	3:40	08:15:23	6.3	0.9	29.4	2384	1936	0.81	38	1315	50.6	71.4	94	42	 	 
4:53	3:41	08:15:24	6.2	0.9	38.0	3087	2422	0.78	37	1709	63.3	64.2	94	42	 	 
4:55	3:43	08:15:26	6.2	0.9	25.4	2063	1684	0.82	34	1340	45.4	74.3	96	40	 	 
4:58	3:46	08:15:29	6.3	0.9	25.2	2045	1561	0.76	23	1508	34.3	80.6	87	46	 	 
4:59	3:47	08:15:30	6.2	0.9	43.0	3490	2697	0.77	36	1850	65.7	62.8	90	44	 	 
5:01	3:49	08:15:32	6.2	0.9	43.0	3487	2796	0.80	35	2085	73.1	58.6	95	41	 	 
5:03	3:51	08:15:34	6.3	0.9	34.5	2801	2393	0.85	34	1899	65.5	63.0	99	39	 	 
5:04	3:52	08:15:35	6.3	0.9	31.3	2543	2234	0.88	35	1759	61.0	65.5	100	39	 	 
5:06	3:54	08:15:37	6.2	0.9	35.1	2846	2407	0.85	41	1672	67.8	61.6	100	39	 	 
5:08	3:56	08:15:39	6.3	0.9	31.5	2559	2203	0.86	30	1956	58.1	67.1	98	41	 	 
5:10	3:58	08:15:41	6.3	0.9	27.0	2194	1862	0.85	29	1660	47.9	72.9	95	43	 	 
5:12	4:00	08:15:43	6.2	0.9	29.6	2407	2002	0.83	30	1676	50.8	71.3	95	42	 	 
5:13	4:01	08:15:44	6.3	0.9	31.9	2593	2052	0.79	41	1397	57.0	67.7	96	41	 	 
5:15	4:03	08:15:46	6.1	0.9	39.1	3175	2576	0.81	34	2002	67.9	61.6	97	40	 	 
5:17	4:05	08:15:48	6.3	0.9	30.5	2479	2055	0.83	34	1694	57.8	67.3	99	39	 	 
5:19	4:07	08:15:50	6.3	0.9	24.7	2009	1695	0.84	30	1407	42.6	75.9	94	42	 	 
5:21	4:09	08:15:52	6.3	0.9	28.8	2335	1826	0.78	24	1829	44.1	75.1	91	44	 	 
5:23	4:11	08:15:54	6.2	0.9	34.7	2816	2226	0.79	45	1385	62.0	64.9	96	41	 	 
5:24	4:12	08:15:55	6.2	0.9	38.9	3160	2528	0.80	36	1813	65.9	62.7	95	41	 	 
5:26	4:14	08:15:57	6.3	0.9	37.5	3041	2611	0.86	34	2028	69.5	60.7	98	40	 	 
5:28	4:16	08:15:59	6.3	0.9	38.1	3095	2649	0.86	42	1739	73.5	58.4	100	39	 	 
5:29	4:17	08:16:00	6.3	0.9	30.2	2450	2180	0.89	34	1764	60.5	65.8	100	40	 	 
5:31	4:19	08:16:02	6.2	0.9	29.4	2387	2062	0.86	35	1668	57.8	67.3	100	40	 	 
5:33	4:21	08:16:04	6.1	0.9	23.8	1936	1758	0.91	38	1288	48.3	72.7	100	39	 	 
5:34	4:22	08:16:05	6.3	0.9	31.7	2578	2200	0.85	41	1432	58.8	66.7	97	41	 	 
5:36	4:24	08:16:07	6.2	0.9	33.5	2724	2285	0.84	36	1655	60.2	66.0	96	42	 	 
5:38	4:26	08:16:09	6.2	0.9	32.0	2602	2195	0.84	34	1728	59.6	66.3	98	40	 	 
5:40	4:28	08:16:11	6.2	0.9	27.6	2240	1902	0.85	28	1748	49.2	72.1	96	42	 	 
5:42	4:30	08:16:13	6.3	0.9	21.8	1771	1399	0.79	22	1375	30.7	82.6	86	47	 	 
5:44	4:32	08:16:15	6.2	0.9	36.5	2960	2267	0.77	31	1693	53.2	69.9	89	45	 	 
5:46	4:34	08:16:17	6.3	0.9	39.2	3183	2570	0.81	36	1944	70.3	60.2	97	40	 	 
5:48	4:36	08:16:19	6.2	0.9	38.9	3160	2695	0.85	36	2015	72.8	58.8	100	39	 	 
5:49	4:37	08:16:20	6.2	0.9	27.8	2258	1983	0.88	35	1562	54.8	69.0	99	40	 	 
5:51	4:39	08:16:22	6.3	0.9	29.3	2377	2030	0.85	35	1560	54.4	69.2	96	42	 	 
5:53	4:41	08:16:24	6.3	0.9	31.1	2524	2096	0.83	34	1601	54.9	68.9	95	42	 	 
5:55	4:43	08:16:26	6.3	0.9	35.0	2845	2361	0.83	34	1839	63.1	64.3	97	41	 	 
5:56	4:44	08:16:27	6.3	0.9	32.7	2658	2263	0.85	33	1833	60.4	65.8	98	40	 	 
5:58	4:46	08:16:29	6.1	0.9	31.9	2592	2238	0.86	34	1783	60.1	66.0	99	40	 	 
6:00	4:48	08:16:31	6.2	0.9	28.8	2338	1956	0.84	31	1573	48.9	72.3	94	43	 	 
6:02	4:50	08:16:33	6.3	0.9	23.1	1878	1548	0.82	32	1216	38.8	78.1	93	43	 	 
6:04	4:52	08:16:35	6.2	0.9	37.9	3080	2548	0.83	33	1914	62.7	64.5	93	43	 	 
6:05	4:53	08:16:36	6.3	0.9	33.8	2743	2321	0.85	38	1580	60.0	66.1	96	41	 	 
6:07	4:55	08:16:38	6.3	0.9	38.2	3104	2568	0.83	38	1782	68.1	61.5	97	41	 	 
6:09	4:57	08:16:40	6.2	0.9	32.0	2601	2238	0.86	35	1734	60.1	66.0	98	40	 	 
6:10	4:58	08:16:41	6.3	0.9	32.8	2664	2327	0.87	36	1729	62.1	64.9	98	41	 	 
6:12	5:00	08:16:43	6.3	0.9	29.1	2363	2105	0.89	35	1602	56.2	68.2	99	40	 	 
6:14	5:02	08:16:45	6.2	0.9	33.3	2703	2301	0.85	42	1499	62.9	64.4	99	40	 	 
6:15	5:03	08:16:46	6.3	0.9	29.2	2369	2089	0.88	37	1512	55.3	68.7	97	41	 	 
6:17	5:05	08:16:48	6.2	0.9	34.5	2803	2417	0.86	39	1571	61.6	65.1	96	41	 	 
6:18	5:06	08:16:49	6.3	0.9	33.2	2694	2324	0.86	38	1664	62.4	64.7	97	41	 	 
6:20	5:08	08:16:51	6.2	0.9	33.8	2743	2293	0.84	41	1550	63.7	64.0	99	40	 	 
6:21	5:09	08:16:52	6.1	0.9	32.2	2616	2226	0.85	35	1741	60.4	65.8	98	41	 	 
6:23	5:11	08:16:54	6.3	0.9	27.2	2205	1932	0.88	32	1620	51.7	70.7	98	40	 	 
6:25	5:13	08:16:56	6.3	0.9	27.6	2239	1967	0.88	37	1420	52.6	70.2	98	40	 	 
6:27	5:15	08:16:58	6.2	0.9	32.7	2651	2225	0.84	37	1618	59.6	66.3	96	42	 	 
6:29	5:17	08:17:00	6.2	0.9	31.7	2570	2192	0.85	30	1824	55.3	68.7	94	43	 	 
6:30	5:18	08:17:01	6.3	0.9	32.0	2595	2187	0.84	35	1650	57.9	67.2	96	42	 	 
6:32	5:20	08:17:03	6.3	0.9	30.9	2510	2106	0.84	33	1612	53.4	69.8	94	42	 	 
6:34	5:22	08:17:05	6.1	0.9	30.9	2513	2087	0.83	33	1599	52.2	70.5	94	42	 	 
6:35	5:23	08:17:06	6.3	0.9	36.7	2976	2485	0.84	41	1625	67.2	62.0	97	41	 	 
6:37	5:25	08:17:08	6.2	0.9	34.7	2816	2415	0.86	43	1571	66.8	62.2	99	40	 	 
6:38	5:26	08:17:09	6.3	0.9	30.8	2500	2172	0.87	43	1493	63.5	64.1	101	39	 	 
6:40	5:28	08:17:11	6.2	0.9	32.9	2670	2382	0.89	39	1658	65.4	63.0	100	40	 	 
6:43	5:31	08:17:14	6.2	0.9	28.4	2308	2104	0.91	21	2635	54.9	68.9	98	42	 	 
6:45	5:33	08:17:16	6.2	0.9	21.4	1739	1364	0.78	24	1264	30.3	82.8	87	47	 	 
6:47	5:35	08:17:18	6.2	0.9	30.0	2438	1948	0.80	33	1404	46.3	73.8	90	45	 	 
6:48	5:36	08:17:19	6.2	0.9	49.4	4008	3237	0.81	43	1937	82.4	53.4	93	42	 	 
6:50	5:38	08:17:21	6.2	0.9	39.6	3219	2582	0.80	34	1990	67.5	61.8	96	41	 	 
6:52	5:40	08:17:23	6.3	0.9	32.1	2603	2270	0.87	35	1799	62.4	64.7	98	40	 	 
6:53	5:41	08:17:24	6.2	0.9	29.9	2430	2162	0.89	39	1507	58.7	66.8	100	39	 	 
6:55	5:43	08:17:26	6.2	0.9	26.6	2161	1894	0.88	39	1333	52.3	70.4	99	40	 	 
6:56	5:44	08:17:27	6.3	0.9	34.2	2775	2450	0.88	40	1641	66.1	62.6	99	40	 	 
6:58	5:46	08:17:29	6.2	0.9	34.7	2814	2330	0.83	30	1892	57.3	67.6	94	43	 	 
7:00	5:48	08:17:31	6.2	0.9	32.7	2657	2285	0.86	35	1698	59.9	66.1	96	42	 	 
7:02	5:50	08:17:33	6.3	0.9	29.1	2366	1996	0.84	40	1403	55.7	68.5	98	40	 	 
7:04	5:52	08:17:35	6.3	0.9	29.4	2387	2030	0.85	30	1744	51.6	70.8	94	43	 	 
7:06	5:54	08:17:37	6.2	0.9	26.4	2145	1696	0.79	29	1481	43.3	75.5	94	43	 	 
7:07	5:55	08:17:38	6.3	0.9	25.1	2038	1668	0.82	36	1203	43.5	75.4	91	45	 	 
7:09	5:57	08:17:40	6.3	0.9	30.2	2449	1903	0.78	29	1646	47.0	73.4	90	45	 	 
7:12	6:00	08:17:43	6.3	0.9	31.6	2563	1998	0.78	27	1784	47.4	73.2	90	45	 	 
7:13	6:01	08:17:44	6.1	0.9	47.7	3872	3145	0.81	41	1955	79.8	54.8	95	41	 	 
7:16	6:04	08:17:47	4.0	0.9	23.3	1893	1551	0.82	25	1634	40.2	77.3	93	43	 	 
7:17	6:05	08:17:48	2.9	0.9	46.8	3804	3262	0.86	51	1700	86.4	51.1	96	41	 	 
7:19	6:07	08:17:50	2.3	0.9	34.0	2764	2424	0.88	32	2014	64.3	63.6	99	40	 	 
7:20	6:08	08:17:51	2.5	0.9	34.2	2780	2602	0.94	37	2007	73.4	58.5	101	38	 	 
7:23	6:11	08:17:54	2.5	0.9	23.3	1895	1762	0.93	26	1819	47.7	73.0	100	40	 	 
7:24	6:12	08:17:55	2.5	0.9	20.2	1639	1477	0.90	36	1098	39.0	78.0	95	43	 	 
7:26	6:14	08:17:57	2.4	0.9	20.2	1644	1435	0.87	41	905	37.2	79.0	93	44	 	 
7:27	6:15	08:17:58	2.4	0.9	23.7	1922	1630	0.85	38	1067	40.5	77.1	92	44	 	 
7:29	6:17	08:18:00	2.4	0.9	24.8	2013	1688	0.84	40	1079	42.9	75.7	92	44	 	 
7:30	6:18	08:18:01	2.5	0.9	30.4	2469	2135	0.86	39	1443	56.2	68.2	96	41	 	 
7:32	6:20	08:18:03	2.5	0.9	29.3	2380	2102	0.88	36	1593	57.2	67.6	99	40	 	 
7:34	6:22	08:18:05	2.5	0.9	30.0	2438	2203	0.90	34	1655	56.4	68.1	97	42	 	 
7:36	6:24	08:18:07	2.5	0.9	24.9	2024	1879	0.93	36	1439	51.1	71.1	100	40	 	 
7:38	6:26	08:18:09	2.5	0.9	16.2	1315	1216	0.92	24	1348	32.4	81.7	100	40	 	 
7:40	6:28	08:18:11	2.4	0.9	28.2	2289	1958	0.86	30	1528	46.5	73.7	92	46	 	 
7:42	6:30	08:18:13	2.4	0.9	28.3	2300	2028	0.88	30	1690	50.0	71.7	95	43	 	 
7:44	6:32	08:18:15	2.4	0.9	25.2	2044	1835	0.90	30	1559	47.0	73.4	97	42	 	 
7:46	6:34	08:18:17	2.4	0.9	26.0	2108	1927	0.91	30	1656	48.9	72.3	97	43	 	 
7:48	6:36	08:18:19	2.5	0.9	20.2	1640	1530	0.93	25	1554	38.5	78.2	97	43	 	 
7:51	6:39	08:18:22	2.5	0.9	19.1	1548	1436	0.93	27	1357	36.0	79.6	97	44	 	 
7:53	6:41	08:18:24	2.5	0.9	20.8	1692	1558	0.92	28	1412	38.9	78.0	96	44	 	 
7:56	6:44	08:18:27	2.5	0.9	20.2	1641	1544	0.94	23	1654	37.7	78.7	97	44	 	 
7:58	6:46	08:18:29	2.5	0.9	16.3	1327	1234	0.93	21	1477	30.6	82.7	98	43	 	 
8:01	6:49	08:18:32	2.4	0.9	15.5	1258	1155	0.92	25	1244	30.7	82.6	98	43	 	 
8:03	6:51	08:18:34	2.5	0.9	19.9	1617	1547	0.96	25	1430	36.1	79.6	98	43	 	 
8:05	6:53	08:18:36	2.5	0.9	19.7	1604	1516	0.95	38	1051	40.2	77.3	99	42	 	 
8:07	6:55	08:18:38	2.4	0.9	18.9	1536	1494	0.97	30	1320	40.2	77.3	100	41	 	 
8:09	6:57	08:18:40	2.5	0.9	16.9	1371	1336	0.97	29	1196	34.2	80.7	101	41	 	 
8:11	6:59	08:18:42	2.4	0.9	19.7	1601	1611	1.01	34	1359	45.5	74.2	104	40	 	 
8:13	7:01	08:18:44	2.4	0.9	19.3	1570	1589	1.01	24	1794	42.7	75.8	103	40	 	 
8:16	7:04	08:18:47	2.5	0.9	15.0	1216	1200	0.99	21	1498	31.1	82.4	102	42	 	 
8:19	7:07	08:18:50	2.5	0.9	10.5	849	871	1.03	21	1116	23.3	86.8	102	41	 	 
8:21	7:09	08:18:52	2.5	0.9	18.0	1461	1395	0.95	27	1265	34.6	80.4	97	44	 	 
8:23	7:11	08:18:54	2.5	0.9	14.9	1209	1182	0.98	26	1216	31.5	82.2	99	42	 	 
8:26	7:14	08:18:57	2.4	0.9	14.6	1183	1186	1.00	24	1298	31.8	82.0	101	41	 	 
8:28	7:16	08:18:59	2.5	0.9	14.8	1202	1186	0.99	26	1246	32.7	81.5	103	40	 	 
8:30	7:18	08:19:01	2.4	0.9	15.9	1292	1306	1.01	35	1032	36.2	79.5	102	40	 	 
8:32	7:20	08:19:03	2.5	0.9	12.4	1009	1034	1.03	26	1142	29.1	83.5	104	40	 	 
8:34	7:22	08:19:05	2.5	0.9	12.5	1018	1030	1.01	29	1017	29.1	83.6	103	40	 	 
8:36	7:24	08:19:07	2.5	0.9	10.4	844	882	1.05	32	840	26.5	85.0	104	39	 	 
8:38	7:26	08:19:09	2.5	0.9	16.5	1336	1331	1.00	32	1134	36.6	79.3	102	41	 	 
8:40	7:28	08:19:11	2.5	0.9	9.9	808	875	1.08	30	860	25.7	85.5	103	40	 	 
8:42	7:30	08:19:13	2.4	0.9	11.8	955	971	1.02	32	886	28.3	84.0	104	39	 	 
8:44	7:32	08:19:15	2.5	0.9	12.9	1046	1042	1.00	30	989	29.5	83.3	101	41	 	 
8:46	7:34	08:19:17	2.5	0.9	12.0	971	984	1.01	30	942	28.1	84.1	101	41	 	 
8:48	7:36	08:19:19	2.5	0.9	13.4	1092	1049	0.96	27	1089	28.9	83.6	101	41	 	 
8:50	7:38	08:19:21	2.5	0.9	14.1	1148	1097	0.96	33	913	30.3	82.9	99	42	 	 
8:53	7:41	08:19:24	2.5	0.9	9.8	795	774	0.97	20	1090	21.4	87.9	100	41	 	 
8:55	7:43	08:19:26	2.4	0.9	16.7	1355	1223	0.90	27	1164	31.7	82.0	97	42	 	 
8:58	7:46	08:19:29	2.4	0.9	15.2	1235	1121	0.91	24	1227	29.7	83.2	99	42	 	 
9:02	7:50	08:19:33	2.5	0.9	16.0	1298	1293	1.00	14	2589	35.5	79.9	104	39	 	 
9:04	7:52	08:19:35	2.5	0.9	10.5	855	835	0.98	27	887	24.0	86.4	101	40	 	 
9:07	7:55	08:19:38	2.5	0.9	10.5	850	831	0.98	22	1037	23.2	86.9	99	42	 	 
9:10	7:58	08:19:41	2.5	0.9	12.6	1024	942	0.92	25	989	24.9	85.9	98	42	 	 
9:12	8:00	08:19:43	2.5	0.9	12.8	1037	1081	1.04	27	1088	29.0	83.6	100	41	 	 
9:14	8:02	08:19:45	2.5	0.9	11.4	926	925	1.00	26	977	25.8	85.4	100	40	 	 
9:16	8:04	08:19:47	2.4	0.9	12.8	1042	974	0.93	26	1026	26.7	84.9	101	40	 	 
9:19	8:07	08:19:50	2.5	0.9	11.7	949	922	0.97	21	1217	25.0	85.9	101	40	 	 
9:22	8:10	08:19:53	2.4	0.9	9.7	791	787	0.99	23	987	22.3	87.4	101	41	 	 
9:24	8:12	08:19:55	2.5	0.9	11.6	945	874	0.92	26	912	23.9	86.5	99	41	 	 
9:27	8:15	08:19:58	2.5	0.9	11.7	946	877	0.93	26	926	24.2	86.3	98	41	 	 
9:29	8:17	08:20:00	2.5	0.9	11.3	916	886	0.97	26	948	25.0	85.9	99	41	 	 
9:31	8:19	08:20:02	2.4	0.9	13.0	1057	995	0.94	28	980	27.9	84.2	98	41	 	 
9:34	8:22	08:20:05	2.4	0.9	10.0	810	772	0.95	21	1007	21.3	88.0	94	44	 	 
9:36	8:24	08:20:07	2.4	0.9	14.4	1170	1070	0.91	25	1132	28.4	83.9	96	42	 	 
9:39	8:27	08:20:10	2.5	0.9	12.8	1038	918	0.88	25	1016	25.4	85.6	96	42	 	 
9:41	8:29	08:20:12	2.5	0.9	13.5	1093	1005	0.92	26	1079	28.3	84.0	99	40	 	 
9:43	8:31	08:20:14	2.5	0.9	13.2	1073	1011	0.94	24	1173	27.7	84.3	100	40	 	 
9:46	8:34	08:20:17	2.5	0.9	11.5	932	859	0.92	25	957	23.8	86.5	100	41	 	 
9:49	8:37	08:20:20	2.4	0.9	11.1	903	831	0.92	21	1051	22.5	87.3	99	41	 	 
9:51	8:39	08:20:22	2.4	0.9	11.7	953	873	0.92	21	1092	23.3	86.8	98	42	 	 
9:54	8:42	08:20:25	2.4	0.9	10.9	889	791	0.89	22	948	21.0	88.1	96	43	 	 
9:57	8:45	08:20:28	2.5	0.9	12.8	1036	919	0.89	23	1053	24.3	86.3	97	42	 	 
10:00	8:48	08:20:31	2.5	0.9	12.1	984	868	0.88	21	1070	22.9	87.0	98	42	 	 
10:02	8:50	08:20:33	2.5	0.9	11.6	938	843	0.90	21	1061	22.4	87.3	98	41	 	 
10:05	8:53	08:20:36	2.4	0.9	12.8	1041	945	0.91	23	1099	25.1	85.8	98	42	 	 
10:07	8:55	08:20:38	2.5	0.9	10.0	811	747	0.92	26	824	21.2	88.0	99	41	 	 
10:10	8:58	08:20:41	2.4	0.9	11.0	893	818	0.92	26	890	22.8	87.1	98	41	 	 
10:13	9:01	08:20:44	2.5	0.9	12.3	996	1010	1.01	21	1268	27.0	84.7	100	41	 	 
10:15	9:03	08:20:46	3.8	0.9	12.3	998	910	0.91	22	1130	24.6	86.1	98	41	 	 
10:16	9:04	08:20:47	4.6	0.9	12.4	1007	1031	1.02	54	565	30.5	82.7	102	39	 	 
10:18	9:06	08:20:49	5.2	0.9	13.2	1072	1045	0.98	38	846	32.3	81.7	100	40	 	 
10:20	9:08	08:20:51	5.2	0.9	13.4	1088	1114	1.02	30	1022	31.1	82.4	100	40	 	 
10:22	9:10	08:20:53	5.3	0.9	13.1	1063	1016	0.96	28	1031	29.2	83.5	103	39	 	 
10:24	9:12	08:20:55	5.3	0.9	13.6	1107	1029	0.93	28	1054	29.0	83.6	100	40	 	 
10:26	9:14	08:20:57	5.3	0.9	14.0	1133	1074	0.95	28	1032	29.3	83.4	100	40	 	 
10:28	9:16	08:20:59	5.3	0.9	17.3	1402	1289	0.92	28	1225	34.7	80.4	98	41	 	 
10:31	9:19	08:21:02	5.2	0.9	19.4	1577	1443	0.92	27	1433	39.1	77.9	100	40	 	 
10:33	9:21	08:21:04	5.2	0.9	15.4	1253	1187	0.95	28	1194	33.2	81.2	102	39	 	 
10:35	9:23	08:21:06	5.3	0.9	15.7	1275	1191	0.93	28	1142	32.2	81.8	99	41	 	 
10:37	9:25	08:21:08	5.2	0.9	13.7	1111	1031	0.93	29	1001	28.7	83.7	98	41	 	 
10:39	9:27	08:21:10	5.3	0.9	15.8	1286	1161	0.90	29	1060	30.6	82.7	98	41	 	 
10:41	9:29	08:21:12	5.2	0.9	19.3	1569	1313	0.84	32	1090	35.2	80.1	96	41	 	 
10:44	9:32	08:21:15	5.2	0.9	11.7	950	832	0.88	23	992	22.5	87.2	98	40	 	 
10:46	9:34	08:21:17	5.2	0.9	24.1	1954	1562	0.80	32	1259	40.0	77.4	91	43	 	 
10:47	9:35	08:21:18	5.2	0.9	31.6	2562	2047	0.80	34	1613	55.0	68.9	95	40	 	 
10:49	9:37	08:21:20	5.3	0.9	26.1	2115	1839	0.87	34	1546	51.8	70.7	98	38	 	 
10:51	9:39	08:21:22	5.2	0.9	20.1	1628	1397	0.86	34	1191	40.4	77.1	98	39	 	 
10:53	9:41	08:21:24	5.3	0.9	23.7	1920	1599	0.83	33	1344	44.8	74.6	97	40	 	 
10:55	9:43	08:21:26	5.2	0.9	21.2	1722	1430	0.83	29	1313	38.0	78.5	94	41	 	 
10:57	9:45	08:21:28	5.2	0.9	20.0	1621	1348	0.83	29	1219	35.0	80.2	94	42	 	 
10:59	9:47	08:21:30	5.2	0.9	26.6	2158	1714	0.79	29	1457	42.4	76.0	92	42	 	 
11:01	9:49	08:21:32	5.3	0.9	28.0	2272	1824	0.80	28	1706	48.5	72.6	94	41	 	 
11:04	9:52	08:21:35	5.3	0.9	25.3	2054	1804	0.88	18	2850	50.1	71.6	97	40	 	 
11:07	9:55	08:21:38	5.2	0.9	18.1	1468	1153	0.79	27	1127	30.3	82.8	91	43	 	 
11:09	9:57	08:21:40	5.3	0.9	20.8	1690	1263	0.75	31	1024	31.8	82.0	87	45	 	 
11:11	9:59	08:21:42	5.3	0.9	25.3	2057	1524	0.74	29	1324	37.8	78.6	87	44	 	 
11:12	10:00	08:21:43	5.2	0.9	33.3	2705	2043	0.76	34	1641	56.0	68.3	93	40	 	 
11:14	10:02	08:21:45	5.2	0.9	30.9	2510	2059	0.82	29	1903	55.7	68.5	97	39	 	 
11:16	10:04	08:21:47	5.2	0.9	22.1	1794	1440	0.80	29	1341	39.3	77.8	95	40	 	 
11:19	10:07	08:21:50	5.3	0.9	19.0	1545	1196	0.77	27	1131	30.7	82.6	89	44	 	 
11:21	10:09	08:21:52	5.3	0.9	26.3	2138	1587	0.74	26	1466	38.2	78.4	86	45	 	 
11:23	10:11	08:21:54	5.2	0.9	30.0	2434	1844	0.76	31	1499	46.6	73.6	89	43	 	 
11:25	10:13	08:21:56	5.3	0.9	35.9	2917	2326	0.80	31	2097	64.2	63.7	95	39	 	 
11:27	10:15	08:21:58	5.2	0.9	23.4	1898	1508	0.79	26	1479	38.9	78.0	94	41	 	 
11:29	10:17	08:22:00	5.2	0.9	20.7	1681	1335	0.79	36	1030	37.0	79.1	95	41	 	 
11:30	10:18	08:22:01	5.3	0.9	24.6	1999	1585	0.79	44	948	41.5	76.5	91	43	 	 
11:32	10:20	08:22:03	5.3	0.9	31.2	2533	2004	0.79	31	1611	50.6	71.4	91	43	 	 
11:34	10:22	08:22:05	5.3	0.9	30.3	2461	1942	0.79	35	1482	52.0	70.6	96	40	 	 
11:36	10:24	08:22:07	5.2	0.9	31.3	2539	2092	0.82	35	1635	57.7	67.4	97	39	 	 
11:37	10:25	08:22:08	5.2	0.9	26.7	2170	1896	0.87	34	1518	52.4	70.4	97	40	 	 
11:39	10:27	08:22:10	5.2	0.9	28.6	2322	1923	0.83	40	1403	55.7	68.5	99	39	 	 
11:40	10:28	08:22:11	5.2	0.9	27.3	2220	1876	0.85	41	1286	53.2	69.9	99	39	 	 
11:42	10:30	08:22:13	5.3	0.9	19.7	1597	1385	0.87	36	1023	36.5	79.3	95	41	 	 
11:45	10:33	08:22:16	5.3	0.9	19.3	1569	1195	0.76	21	1298	27.7	84.3	82	48	 	 
11:46	10:34	08:22:17	5.2	0.9	26.5	2151	1579	0.73	35	1196	41.5	76.5	89	43	 	 
11:48	10:36	08:22:19	5.3	0.9	39.3	3193	2487	0.78	33	1918	63.2	64.2	92	42	 	 
11:50	10:38	08:22:21	5.2	0.9	32.6	2644	2176	0.82	35	1712	59.4	66.4	98	39	 	 
11:52	10:40	08:22:23	5.3	0.9	25.7	2083	1754	0.84	34	1434	49.4	72.0	99	38	 	 
11:54	10:42	08:22:25	5.3	0.9	26.1	2116	1754	0.83	32	1460	47.4	73.2	95	41	 	 
11:55	10:43	08:22:26	5.2	0.9	28.4	2307	1903	0.82	33	1581	51.5	70.8	96	41	 	 
11:57	10:45	08:22:28	5.3	0.9	27.2	2211	1844	0.83	33	1546	51.5	70.8	98	40	 	 
11:59	10:47	08:22:30	5.2	0.9	22.9	1860	1610	0.87	30	1440	43.4	75.4	97	40	 	 
12:01	10:49	08:22:32	5.3	0.9	21.2	1718	1429	0.83	28	1318	37.5	78.8	95	41	 	 
12:04	10:52	08:22:35	5.2	0.9	17.8	1446	1149	0.79	26	1080	28.1	84.1	88	45	 	 
12:05	10:53	08:22:36	5.3	0.9	32.4	2634	2104	0.80	34	1573	52.7	70.2	93	42	 	 
12:07	10:55	08:22:38	5.2	0.9	38.0	3083	2512	0.81	37	1787	66.2	62.6	95	41	 	 
12:09	10:57	08:22:40	5.3	0.9	31.0	2519	2082	0.83	32	1779	56.8	67.9	97	40	 	 
12:11	10:59	08:22:42	5.2	0.9	24.3	1975	1677	0.85	36	1318	47.6	73.1	99	39	 	 
12:13	11:01	08:22:44	5.3	0.9	18.6	1510	1341	0.89	29	1396	39.9	77.4	98	40	 	 
12:14	11:02	08:22:45	5.2	0.9	33.1	2689	2294	0.85	34	1656	56.5	68.1	93	43	 	 
12:16	11:04	08:22:47	5.3	0.9	28.0	2276	1897	0.83	34	1432	48.0	72.8	93	43	 	 
12:18	11:06	08:22:49	5.3	0.9	33.5	2722	2334	0.86	42	1501	63.0	64.4	96	41	 	 
12:19	11:07	08:22:50	5.3	0.9	33.4	2714	2343	0.86	38	1696	64.4	63.6	98	40	 	 
12:21	11:09	08:22:52	5.3	0.9	32.4	2631	2371	0.90	32	2045	66.3	62.5	101	39	 	 
12:23	11:11	08:22:54	5.3	0.9	21.3	1730	1594	0.92	31	1437	44.7	74.7	100	39	 	 
12:26	11:14	08:22:57	5.3	0.9	9.5	773	705	0.91	24	863	20.4	88.5	97	41	 	 
12:27	11:15	08:22:58	5.3	0.9	39.8	3232	2537	0.78	38	1552	58.9	66.7	87	46	 	 
12:29	11:17	08:23:00	5.3	0.9	26.4	2141	1756	0.82	31	1660	51.3	71.0	99	40	 	 
12:32	11:20	08:23:03	5.3	0.9	35.9	2912	2576	0.88	25	2725	68.1	61.5	98	40	 	 
12:33	11:21	08:23:04	5.3	0.9	20.1	1629	1861	1.14	33	1523	49.9	71.7	96	42	 	 
12:35	11:23	08:23:06	5.3	0.9	30.2	2448	2107	0.86	35	1557	54.9	68.9	95	42	 	 
12:37	11:25	08:23:08	5.3	0.9	21.2	1724	1477	0.86	29	1380	40.0	77.4	97	40	 	 
12:39	11:27	08:23:10	5.3	0.9	25.4	2063	1714	0.83	32	1359	43.8	75.2	92	43	 	 
12:41	11:29	08:23:12	5.3	0.9	29.0	2352	2007	0.85	29	1750	50.7	71.3	93	43	 	 
12:43	11:31	08:23:14	5.2	0.9	27.6	2243	1952	0.87	35	1467	51.8	70.7	96	41	 	 
12:45	11:33	08:23:16	5.3	0.9	30.6	2485	2207	0.89	33	1794	59.2	66.5	98	40	 	 
12:46	11:34	08:23:17	5.2	0.9	24.9	2025	1786	0.88	34	1387	47.6	73.1	99	40	 	 
12:48	11:36	08:23:19	5.3	0.9	23.2	1883	1650	0.88	33	1312	43.7	75.3	95	42	 	 
12:50	11:38	08:23:21	5.3	0.9	27.3	2214	1888	0.85	34	1401	47.8	73.0	94	43	 	 
12:52	11:40	08:23:23	5.3	0.9	23.0	1867	1547	0.83	31	1350	41.3	76.6	93	43	 	 
12:54	11:42	08:23:25	5.2	0.9	31.0	2518	2076	0.82	33	1620	53.1	69.9	95	42	 	 
12:55	11:43	08:23:26	5.3	0.9	31.6	2568	2151	0.84	39	1480	57.3	67.6	95	41	 	 
12:57	11:45	08:23:28	5.3	0.9	21.5	1742	1499	0.86	30	1343	40.3	77.2	96	41	 	 
12:59	11:47	08:23:30	5.3	0.9	29.1	2363	2032	0.86	33	1585	52.5	70.3	96	41	 	 
13:01	11:49	08:23:32	5.3	0.9	21.1	1712	1450	0.85	29	1308	37.4	78.9	95	42	 	 
13:03	11:51	08:23:34	5.3	0.9	22.4	1816	1509	0.83	27	1371	36.6	79.3	91	44	 	 
13:05	11:53	08:23:36	5.3	0.9	31.2	2536	2040	0.80	33	1599	52.1	70.5	92	43	 	 
13:07	11:55	08:23:38	5.2	0.9	27.5	2229	1877	0.84	30	1618	48.3	72.7	94	42	 	 
13:09	11:57	08:23:40	5.2	0.9	26.6	2157	1825	0.85	33	1422	47.1	73.3	94	42	 	 
13:11	11:59	08:23:42	5.3	0.9	28.7	2331	1960	0.84	33	1563	51.5	70.8	94	42	 	 
13:13	12:01	08:23:44	5.3	0.9	22.0	1789	1467	0.82	34	1173	40.0	77.4	95	41	 	 
13:14	12:02	08:23:45	5.0	0.9	32.4	2628	2320	0.88	43	1448	63.0	64.4	97	40	 	 
13:16	12:04	08:23:47	3.8	0.9	28.9	2347	2069	0.88	41	1388	56.7	67.9	98	40	 	 
13:17	12:05	08:23:48	3.5	0.9	25.3	2056	1926	0.94	32	1642	53.3	69.9	99	39	 	 
13:21	12:09	08:23:52	3.8	0.9	24.2	1962	1870	0.95	18	2920	52.3	70.4	100	40	 	 
13:24	12:12	08:23:55	3.8	0.9	13.4	1087	965	0.89	20	1188	24.3	86.2	93	44	 	 
13:26	12:14	08:23:57	3.8	0.9	25.7	2087	1756	0.84	23	1725	40.4	77.1	87	46	 	 
13:28	12:16	08:23:59	3.9	0.9	32.1	2610	2209	0.85	30	1823	55.3	68.7	93	42	 	 
13:30	12:18	08:24:01	3.5	0.9	28.3	2296	1983	0.86	33	1581	52.4	70.4	95	42	 	 
13:32	12:20	08:24:03	3.5	0.9	27.5	2235	1962	0.88	30	1695	51.6	70.8	95	42	 	 
13:34	12:22	08:24:05	3.9	0.9	20.2	1641	1421	0.87	30	1235	36.5	79.3	94	43	 	 
13:36	12:24	08:24:07	3.9	0.9	21.7	1764	1505	0.85	31	1222	37.8	78.6	94	43	 	 
13:38	12:26	08:24:09	3.9	0.9	20.3	1646	1409	0.86	28	1216	34.3	80.6	91	45	 	 
13:40	12:28	08:24:11	3.5	0.9	27.2	2212	1941	0.88	33	1492	49.2	72.2	95	42	 	 
13:42	12:30	08:24:13	3.5	0.9	23.4	1901	1707	0.90	30	1551	46.1	73.9	98	41	 	 
13:44	12:32	08:24:15	3.8	0.9	24.3	1974	1801	0.91	32	1519	48.0	72.9	99	41	 	 
13:46	12:34	08:24:17	3.8	0.9	23.1	1874	1650	0.88	35	1259	43.9	75.2	97	42	 	 
13:47	12:35	08:24:18	3.8	0.9	27.5	2231	2114	0.95	34	1696	56.8	67.8	99	41	 	 
13:50	12:38	08:24:21	3.8	0.9	20.5	1661	1618	0.97	26	1649	43.4	75.5	97	43	 	 
13:51	12:39	08:24:22	3.5	0.9	17.0	1382	1339	0.97	53	783	41.6	76.5	99	41	 	 
13:53	12:41	08:24:24	3.9	0.9	23.4	1903	1787	0.94	23	1971	45.8	74.1	100	41	 	 
13:56	12:44	08:24:27	3.8	0.9	15.3	1244	1185	0.95	22	1400	31.2	82.3	99	42	 	 
13:58	12:46	08:24:29	3.9	0.9	18.7	1521	1451	0.95	28	1239	35.2	80.1	95	44	 	 
14:00	12:48	08:24:31	3.8	0.9	23.5	1910	1766	0.92	35	1288	44.7	74.7	97	42	 	 
14:02	12:50	08:24:33	3.7	0.9	18.6	1510	1498	0.99	34	1158	39.7	77.5	98	42	 	 
14:03	12:51	08:24:34	3.8	0.9	18.7	1521	1559	1.03	35	1207	42.4	76.0	98	41	 	 
14:05	12:53	08:24:36	3.8	0.9	19.0	1541	1460	0.95	32	1264	40.5	77.1	98	41	 	 
14:07	12:55	08:24:38	3.7	0.9	18.9	1531	1416	0.92	34	1209	41.2	76.7	99	41	 	 
14:09	12:57	08:24:40	3.7	0.9	21.8	1766	1639	0.93	34	1343	45.8	74.1	100	41	 	 
14:11	12:59	08:24:42	3.9	0.9	17.5	1419	1350	0.95	26	1410	37.1	79.0	100	41	 	 
14:15	13:03	08:24:46	3.8	0.9	15.1	1227	1168	0.95	17	1714	28.7	83.8	97	43	 	 
14:17	13:05	08:24:48	3.9	0.9	17.0	1381	1269	0.92	25	1256	31.7	82.1	94	45	 	 
14:20	13:08	08:24:51	3.5	0.9	17.1	1390	1240	0.89	22	1403	30.3	82.9	94	44	 	 
14:22	13:10	08:24:53	3.8	0.9	20.7	1682	1475	0.88	25	1426	36.1	79.6	92	45	 	 
14:24	13:12	08:24:55	3.8	0.9	18.9	1536	1326	0.86	27	1209	33.0	81.3	93	44	 	 
14:27	13:15	08:24:58	3.8	0.9	18.6	1513	1312	0.87	24	1369	32.7	81.5	94	43	 	 
14:29	13:17	08:25:00	3.8	0.9	15.0	1214	1077	0.89	27	1056	28.7	83.8	95	43	 	 
14:31	13:19	08:25:02	3.5	0.9	20.2	1636	1430	0.87	26	1350	35.1	80.2	95	43	 	 
14:34	13:22	08:25:05	3.7	0.9	17.2	1394	1217	0.87	27	1143	31.0	82.4	96	42	 	 
14:36	13:24	08:25:07	3.7	0.9	18.5	1501	1307	0.87	25	1317	33.3	81.1	95	43	 	 
14:39	13:27	08:25:10	3.8	0.9	16.7	1357	1207	0.89	23	1309	30.3	82.8	95	43	 	 
14:40	13:28	08:25:11	3.7	0.9	13.6	1102	1016	0.92	30	903	27.5	84.4	96	42	 	 
14:44	13:32	08:25:15	3.7	0.9	24.0	1949	1887	0.97	17	2943	51.3	71.0	101	40	 	 
14:47	13:35	08:25:18	3.8	0.9	10.9	888	834	0.94	19	1127	21.7	87.7	100	41	 	 
14:49	13:37	08:25:20	3.5	0.9	17.9	1449	1290	0.89	32	986	32.0	81.9	92	45	 	 
14:51	13:39	08:25:22	3.5	0.9	24.1	1957	1681	0.86	30	1445	42.7	75.8	95	43	 	 
14:54	13:42	08:25:25	3.7	0.9	18.2	1474	1317	0.89	22	1524	34.1	80.7	97	42	 	 
14:56	13:44	08:25:27	3.7	0.9	16.9	1369	1226	0.90	27	1208	32.5	81.6	98	41	 	 
14:58	13:46	08:25:29	3.8	0.9	18.1	1470	1307	0.89	33	1063	35.4	80.0	97	42	 	 
15:00	13:48	08:25:31	3.9	0.9	17.4	1410	1257	0.89	31	1064	32.8	81.5	95	43	 	 
15:02	13:50	08:25:33	3.8	0.9	19.5	1585	1399	0.88	29	1235	36.0	79.7	96	43	 	 
15:04	13:52	08:25:35	3.8	0.9	18.8	1525	1370	0.90	25	1399	35.1	80.1	96	42	 	 
15:06	13:54	08:25:37	3.7	0.9	17.9	1453	1298	0.89	27	1247	33.6	81.0	96	43	 	 
15:08	13:56	08:25:39	3.5	0.9	18.2	1475	1315	0.89	27	1268	34.4	80.5	98	42	 	 
15:11	13:59	08:25:42	3.5	0.9	17.3	1402	1256	0.90	26	1259	32.8	81.4	97	42	 	 
15:13	14:01	08:25:44	3.8	0.9	18.1	1468	1309	0.89	26	1298	34.0	80.8	98	41	 	 
15:15	14:03	08:25:46	3.9	0.9	14.9	1212	1132	0.93	29	1060	30.3	82.9	96	43	 	 
15:17	14:05	08:25:48	3.5	0.9	19.8	1609	1434	0.89	28	1307	37.2	79.0	97	42	 	 
15:20	14:08	08:25:51	3.7	0.9	15.1	1229	1143	0.93	24	1211	29.7	83.2	97	42	 	 
15:22	14:10	08:25:53	3.7	0.9	6.7	541	513	0.95	27	634	17.3	90.2	101	39	 	 
15:25	14:13	08:25:56	3.8	0.9	24.9	2021	1830	0.91	22	1995	44.7	74.7	96	43	 	 
15:27	14:15	08:25:58	3.7	0.9	14.1	1149	1010	0.88	21	1187	25.0	85.9	91	46	 	 
15:30	14:18	08:26:01	3.7	0.9	19.8	1611	1414	0.88	23	1560	35.4	79.9	95	43	 	 
15:32	14:20	08:26:03	3.5	0.9	18.9	1533	1343	0.88	26	1296	34.1	80.7	95	43	 	 
15:35	14:23	08:26:06	3.8	0.9	17.8	1448	1262	0.87	25	1267	31.9	81.9	94	44	 	 
15:37	14:25	08:26:08	3.8	0.9	17.4	1409	1257	0.89	25	1289	32.5	81.6	96	42	 	 
15:39	14:27	08:26:10	3.8	0.9	17.7	1436	1270	0.88	29	1164	34.1	80.7	98	41	 	 
15:41	14:29	08:26:12	3.5	0.9	17.4	1416	1279	0.90	27	1229	33.5	81.0	96	43	 	 
15:44	14:32	08:26:15	3.5	0.9	17.0	1383	1237	0.89	28	1134	32.2	81.8	96	42	 	 
15:46	14:34	08:26:17	3.8	0.9	17.6	1430	1260	0.88	24	1325	31.9	81.9	95	43	 	 
15:48	14:36	08:26:19	3.8	0.9	17.0	1382	1242	0.90	27	1201	32.0	81.9	95	43	 	 
15:51	14:39	08:26:22	3.8	0.9	19.3	1570	1377	0.88	24	1468	35.0	80.2	96	42	 	 
15:53	14:41	08:26:24	3.8	0.9	19.7	1600	1422	0.89	25	1459	36.3	79.5	97	41	 	 
15:56	14:44	08:26:27	3.8	0.9	16.6	1346	1213	0.90	25	1235	31.4	82.2	97	42	 	 
15:58	14:46	08:26:29	3.8	0.9	18.6	1507	1366	0.91	25	1401	34.7	80.3	98	42	 	 
16:00	14:48	08:26:31	3.8	0.9	18.3	1483	1354	0.91	25	1409	34.8	80.3	98	42	 	 
16:04	14:52	08:26:35	3.8	0.9	18.2	1480	1483	1.00	15	2644	40.5	77.1	101	41	 	 
16:07	14:55	08:26:38	3.7	0.9	10.4	843	811	0.96	21	1017	21.8	87.7	100	42	 	 
16:09	14:57	08:26:40	3.8	0.9	19.4	1574	1377	0.87	29	1164	34.1	80.7	92	45	 	 
16:11	14:59	08:26:42	3.7	0.9	19.6	1593	1390	0.87	31	1149	35.4	80.0	94	44	 	 
16:13	15:01	08:26:44	3.9	0.9	20.6	1673	1445	0.86	28	1329	37.4	78.8	96	42	 	 
16:15	15:03	08:26:46	3.9	0.9	22.1	1791	1605	0.90	28	1568	43.2	75.6	100	40	 	 
16:17	15:05	08:26:48	3.9	0.9	19.1	1549	1428	0.92	29	1300	38.2	78.4	99	41	 	 
16:19	15:07	08:26:50	3.9	0.9	19.4	1576	1445	0.92	33	1188	39.4	77.7	99	41	 	 
16:21	15:09	08:26:52	3.9	0.9	17.8	1444	1352	0.94	33	1114	36.5	79.3	98	42	 	 
16:23	15:11	08:26:54	3.8	0.9	18.5	1506	1401	0.93	31	1183	37.2	79.0	98	42	 	 
16:25	15:13	08:26:56	3.7	0.9	21.3	1729	1600	0.93	31	1302	40.7	77.0	98	42	 	 
16:27	15:15	08:26:58	4.0	0.9	23.3	1890	1825	0.97	36	1421	50.7	71.3	101	40	 	 
16:29	15:17	08:27:00	3.8	0.9	19.3	1566	1573	1.00	30	1457	43.5	75.4	102	40	 	 
16:31	15:19	08:27:02	4.0	0.9	20.5	1665	1677	1.01	32	1439	46.2	73.9	103	40	 	 
16:32	15:20	08:27:03	4.0	0.9	16.3	1325	1338	1.01	32	1114	36.1	79.6	102	41	 	 
16:34	15:22	08:27:05	4.0	0.9	16.4	1335	1308	0.98	38	948	36.4	79.4	101	41	 	 
16:36	15:24	08:27:07	4.2	0.9	23.2	1883	1947	1.03	37	1416	52.4	70.3	102	40	 	 
16:37	15:25	08:27:08	4.0	0.9	19.9	1617	1607	0.99	31	1390	43.4	75.4	100	42	 	 
16:39	15:27	08:27:10	4.2	0.9	19.4	1577	1781	1.13	45	1184	53.4	69.8	105	38	 	 
16:41	15:29	08:27:12	4.0	0.9	18.3	1485	1542	1.04	30	1463	43.4	75.4	105	39	 	 
16:43	15:31	08:27:14	4.0	0.9	14.7	1196	1188	0.99	29	1148	33.4	81.1	102	41	 	 
16:45	15:33	08:27:16	4.2	0.9	16.5	1341	1269	0.95	29	1192	34.0	80.7	99	43	 	 
16:47	15:35	08:27:18	4.2	0.9	12.0	971	940	0.97	32	821	26.3	85.1	100	41	 	 
16:49	15:37	08:27:20	4.3	0.9	11.6	939	905	0.96	36	832	29.9	83.1	105	37	 	 
16:51	15:39	08:27:22	4.2	0.9	24.7	2007	1917	0.95	27	1836	50.3	71.5	101	41	 	 
16:53	15:41	08:27:24	4.2	0.9	22.0	1789	1707	0.95	27	1648	44.0	75.1	99	42	 	 
16:55	15:43	08:27:26	4.2	0.9	16.7	1353	1276	0.94	27	1244	33.2	81.2	97	42	 	 
16:57	15:45	08:27:28	4.2	0.9	13.7	1113	945	0.85	27	859	23.5	86.7	94	44	 	 
17:00	15:48	08:27:31	4.3	0.9	21.0	1706	1472	0.86	27	1333	36.5	79.3	93	44	 	 
17:02	15:50	08:27:33	4.5	0.9	22.6	1836	1612	0.88	28	1466	41.5	76.5	95	42	 	 
17:04	15:52	08:27:35	4.3	0.9	21.2	1723	1464	0.85	28	1329	37.6	78.7	95	42	 	 
17:06	15:54	08:27:37	4.3	0.9	22.7	1846	1552	0.84	25	1620	39.8	77.5	94	42	 	 
17:08	15:56	08:27:39	4.5	0.9	19.0	1539	1294	0.84	34	1080	36.4	79.4	97	41	 	 
17:10	15:58	08:27:41	4.3	0.9	23.8	1932	1664	0.86	31	1376	42.1	76.2	95	41	 	 
17:12	16:00	08:27:43	4.3	0.9	20.2	1642	1375	0.84	27	1303	34.6	80.4	93	43	 	 
17:15	16:03	08:27:46	4.5	0.9	28.4	2303	2088	0.91	23	2522	56.9	67.8	100	39	 	 
17:17	16:05	08:27:48	4.5	0.9	20.2	1639	1409	0.86	27	1359	36.7	79.2	95	43	 	 
17:19	16:07	08:27:50	4.3	0.9	18.3	1489	1278	0.86	30	1125	33.4	81.1	96	42	 	 
17:21	16:09	08:27:52	4.5	0.9	20.5	1665	1433	0.86	32	1151	36.7	79.2	92	43	 	 
17:23	16:11	08:27:54	4.3	0.9	21.2	1718	1385	0.81	32	1131	36.3	79.5	91	43	 	 
17:25	16:13	08:27:56	4.5	0.9	21.5	1746	1402	0.80	28	1291	35.9	79.7	92	43	 	 
17:27	16:15	08:27:58	4.3	0.9	25.1	2038	1655	0.81	26	1563	40.4	77.1	93	43	 	 
17:30	16:18	08:28:01	4.6	0.9	21.0	1709	1419	0.83	26	1365	35.9	79.7	93	43	 	 
17:32	16:20	08:28:03	4.5	0.9	33.3	2706	2301	0.85	33	1877	61.2	65.4	97	40	 	 
17:33	16:21	08:28:04	4.7	0.9	19.4	1575	1388	0.88	32	1238	39.1	77.9	98	40	 	 
17:36	16:24	08:28:07	4.5	0.9	13.6	1100	963	0.88	22	1160	25.4	85.6	97	41	 	 
17:38	16:26	08:28:09	4.6	0.9	32.0	2602	2108	0.81	31	1699	53.1	70.0	92	43	 	 
17:40	16:28	08:28:11	4.5	0.9	24.3	1971	1614	0.82	27	1517	40.8	76.9	93	42	 	 
17:42	16:30	08:28:13	4.6	0.9	19.5	1586	1331	0.84	28	1227	34.1	80.7	93	43	 	 
17:45	16:33	08:28:16	4.7	0.9	21.6	1756	1436	0.82	28	1316	36.2	79.5	91	44	 	 
17:46	16:34	08:28:17	4.8	0.9	22.1	1796	1474	0.82	34	1108	37.8	78.6	92	42	 	 
17:49	16:37	08:28:20	4.8	0.9	20.1	1633	1359	0.83	28	1223	34.4	80.5	93	42	 	 
17:51	16:39	08:28:22	4.8	0.9	24.6	1999	1603	0.80	31	1322	40.5	77.1	92	43	 	 
17:53	16:41	08:28:24	4.8	0.9	26.4	2145	1718	0.80	30	1445	43.1	75.6	90	43	 	 
17:56	16:44	08:28:27	4.8	0.9	25.7	2091	1809	0.87	17	2761	46.9	73.5	97	41	 	 
17:58	16:46	08:28:29	4.7	0.9	16.1	1310	1066	0.81	27	1008	26.8	84.9	90	44	 	 
18:00	16:48	08:28:31	4.8	0.9	19.1	1551	1227	0.79	33	929	30.5	82.8	86	46	 	 
18:02	16:50	08:28:33	4.8	0.9	23.6	1918	1516	0.79	33	1158	38.2	78.4	87	45	 	 
18:04	16:52	08:28:35	5.0	0.9	27.0	2191	1679	0.77	32	1365	43.1	75.6	89	43	 	 
18:06	16:54	08:28:37	4.8	0.9	23.9	1940	1548	0.80	30	1337	40.1	77.3	93	41	 	 
18:07	16:55	08:28:38	5.0	0.9	38.9	3158	2603	0.82	39	1764	69.2	60.9	96	40	 	 
18:10	16:58	08:28:41	4.8	0.9	22.3	1809	1573	0.87	29	1503	42.9	75.7	97	40	 	 
18:12	17:00	08:28:43	5.0	0.9	20.5	1666	1431	0.86	28	1311	36.9	79.1	94	42	 	 
18:14	17:02	08:28:45	5.0	0.9	24.2	1961	1580	0.81	31	1269	39.9	77.4	92	43	 	 
18:16	17:04	08:28:47	5.0	0.9	26.0	2114	1758	0.83	29	1564	45.1	74.5	93	42	 	 
18:17	17:05	08:28:48	5.2	0.9	24.1	1956	1568	0.80	34	1228	41.6	76.4	94	42	 	 
18:19	17:07	08:28:50	5.0	0.9	26.9	2183	1771	0.81	34	1415	47.4	73.2	94	42	 	 
18:21	17:09	08:28:52	5.2	0.9	24.6	1994	1675	0.84	31	1458	44.6	74.7	97	40	 	 
18:24	17:12	08:28:55	5.1	0.9	16.3	1321	1121	0.85	23	1262	28.5	83.9	93	42	 	 
18:25	17:13	08:28:56	5.1	0.9	36.0	2926	2273	0.78	39	1508	59.1	66.5	92	42	 	 
18:27	17:15	08:28:58	4.8	0.9	29.1	2365	1966	0.83	30	1738	51.9	70.6	95	41	 	 
18:29	17:17	08:29:00	5.1	0.9	25.8	2094	1708	0.82	29	1571	45.7	74.1	95	41	 	 
18:31	17:19	08:29:02	5.3	0.9	25.6	2080	1696	0.82	37	1233	45.4	74.3	95	41	 	 
18:33	17:21	08:29:04	5.1	0.9	27.3	2214	1889	0.85	34	1485	50.0	71.7	96	41	 	 
18:35	17:23	08:29:06	5.2	0.9	25.6	2075	1741	0.84	28	1610	45.1	74.5	93	43	 	 
18:37	17:25	08:29:08	5.3	0.9	20.2	1644	1363	0.83	29	1207	35.5	79.9	95	42	 	 
18:39	17:27	08:29:10	5.1	0.9	24.5	1988	1680	0.85	34	1301	43.6	75.3	96	41	 	 
18:40	17:28	08:29:11	5.1	0.9	28.7	2334	1944	0.83	36	1409	50.6	71.4	96	41	 	 
18:42	17:30	08:29:13	5.2	0.9	27.1	2199	1830	0.83	30	1553	47.3	73.2	94	42	 	 
18:45	17:33	08:29:16	5.3	0.9	22.1	1791	1461	0.82	28	1334	37.6	78.7	92	42	 	 
18:46	17:34	08:29:17	5.5	0.9	28.5	2316	1904	0.82	36	1391	49.7	71.9	94	41	 	 
18:48	17:36	08:29:19	5.5	0.9	34.9	2834	2244	0.79	39	1587	61.4	65.2	96	40	 	 
18:50	17:38	08:29:21	5.3	0.9	31.0	2520	2235	0.89	24	2526	61.4	65.3	99	39	 	 
18:52	17:40	08:29:23	5.3	0.9	19.5	1582	1379	0.87	28	1314	36.5	79.3	97	41	 	 
18:54	17:42	08:29:25	5.3	0.9	23.2	1883	1523	0.81	33	1219	40.0	77.4	93	43	 	 
18:56	17:44	08:29:27	5.5	0.9	33.1	2688	2249	0.84	36	1608	57.8	67.3	94	42	 	 
18:58	17:46	08:29:29	5.3	0.9	29.6	2406	2023	0.84	36	1521	54.3	69.3	98	40	 	 
18:59	17:47	08:29:30	5.5	0.9	31.0	2516	2167	0.86	37	1665	62.1	64.9	100	38	 	 
19:01	17:49	08:29:32	5.3	0.9	22.1	1796	1580	0.88	34	1292	43.3	75.5	97	40	 	 
19:03	17:51	08:29:34	5.6	0.9	21.6	1750	1465	0.84	36	1087	38.6	78.2	94	42	 	 
19:04	17:52	08:29:35	5.3	0.9	30.6	2488	2164	0.87	34	1630	55.6	68.6	94	42	 	 
19:06	17:54	08:29:37	5.3	0.9	30.3	2459	2053	0.83	39	1446	57.1	67.7	98	40	 	 
19:08	17:56	08:29:39	5.6	0.9	25.4	2060	1783	0.87	28	1703	48.0	72.9	97	41	 	 
19:10	17:58	08:29:41	5.3	0.9	24.2	1968	1659	0.84	29	1471	42.6	75.9	94	42	 	 
19:13	18:01	08:29:44	5.5	0.9	26.6	2158	1850	0.86	24	1970	47.5	73.1	96	41	 	 
19:14	18:02	08:29:45	5.8	0.9	28.4	2304	1906	0.83	39	1305	51.5	70.9	96	40	 	 
19:16	18:04	08:29:47	5.7	0.9	31.1	2526	2168	0.86	41	1398	56.7	67.9	96	41	 	 
19:17	18:05	08:29:48	5.6	0.9	31.6	2569	2171	0.85	39	1516	58.7	66.8	96	41	 	 
19:19	18:07	08:29:50	5.6	0.9	27.9	2266	1937	0.85	34	1542	52.0	70.6	96	41	 	 
19:21	18:09	08:29:52	5.7	0.9	26.2	2124	1766	0.83	35	1310	46.2	73.8	94	42	 	 
19:22	18:10	08:29:53	5.7	0.9	32.7	2657	2237	0.84	41	1475	60.6	65.7	97	40	 	 
19:24	18:12	08:29:55	5.6	0.9	26.7	2167	1876	0.87	35	1447	50.8	71.3	99	39	 	 
19:26	18:14	08:29:57	5.8	0.9	26.2	2127	1739	0.82	30	1468	43.6	75.3	92	43	 	 
19:28	18:16	08:29:59	5.8	0.9	29.3	2375	2025	0.85	35	1524	53.5	69.8	96	41	 	 
19:29	18:17	08:30:00	5.8	0.9	32.1	2604	2249	0.86	41	1488	61.1	65.4	96	40	 	 
19:31	18:19	08:30:02	6.3	0.9	28.7	2331	2010	0.86	36	1533	54.8	69.0	96	41	 	 
19:32	18:20	08:30:03	7.0	0.9	25.4	2062	1829	0.89	38	1340	51.5	70.8	99	39	 	 
19:34	18:22	08:30:05	6.6	0.9	29.5	2395	2012	0.84	43	1330	56.6	68.0	99	39	 	 
19:35	18:23	08:30:06	6.9	0.9	32.0	2595	2204	0.85	36	1697	61.0	65.5	99	39	 	 
19:37	18:25	08:30:08	6.8	0.9	29.3	2379	2113	0.89	36	1630	58.6	66.9	99	39	 	 
19:39	18:27	08:30:10	6.6	0.9	23.6	1919	1677	0.87	35	1296	45.7	74.1	96	41	 	 
19:41	18:29	08:30:12	6.8	0.9	26.7	2167	1859	0.86	35	1405	48.7	72.4	95	41	 	 
19:42	18:30	08:30:13	6.8	0.9	22.4	1819	1547	0.85	31	1307	40.6	77.0	95	41	 	 
19:45	18:33	08:30:16	5.8	0.9	21.0	1707	1349	0.79	23	1498	34.2	80.7	91	43	 	 
19:46	18:34	08:30:17	5.8	0.9	29.6	2406	3511	1.46	72	1185	85.6	51.5	90	44	 	 
19:47	18:35	08:30:18	6.0	0.9	38.1	3096	2678	0.87	49	1491	73.3	58.5	96	40	 	 
19:48	18:36	08:30:19	5.8	0.9	38.7	3144	2681	0.85	50	1532	77.3	56.3	98	39	 	 
19:50	18:38	08:30:21	5.8	0.9	32.9	2675	2319	0.87	41	1672	69.2	60.9	100	38	 	 
19:51	18:39	08:30:22	5.7	0.9	31.3	2542	2314	0.91	42	1618	68.4	61.3	101	37	 	 
19:53	18:41	08:30:24	5.8	0.9	28.1	2285	2051	0.90	34	1722	57.7	67.3	100	39	 	 
19:54	18:42	08:30:25	5.8	0.9	26.4	2146	1907	0.89	44	1190	52.9	70.1	98	40	 	 
19:56	18:44	08:30:27	5.8	0.9	29.8	2418	2078	0.86	43	1334	56.8	67.9	98	40	 	 
19:57	18:45	08:30:28	5.8	0.9	29.4	2389	2085	0.87	43	1297	56.4	68.1	97	40	 	 
20:00	18:48	08:30:31	6.2	0.9	29.6	2403	2163	0.90	19	2984	57.8	67.3	97	41	 	 
20:02	18:50	08:30:33	6.1	0.9	19.5	1583	1257	0.79	33	997	32.7	81.5	89	44	 	 
20:03	18:51	08:30:34	6.1	0.9	21.9	1776	1819	1.02	81	731	59.2	66.5	88	45	 	 
20:04	18:52	08:30:35	6.0	0.9	37.2	3018	2457	0.81	39	1626	63.3	64.2	93	41	 	 
20:06	18:54	08:30:37	6.1	0.9	36.0	2926	2398	0.82	40	1596	64.3	63.6	94	41	 	 
20:08	18:56	08:30:39	6.2	0.9	32.8	2659	2203	0.83	36	1710	60.7	65.6	97	39	 	 
20:09	18:57	08:30:40	6.0	0.9	33.2	2695	2276	0.84	39	1583	62.1	64.9	97	39	 	 
20:11	18:59	08:30:42	6.2	0.9	31.6	2565	2230	0.87	34	1757	60.6	65.7	98	39	 	 
20:12	19:00	08:30:43	6.0	0.9	26.4	2145	1865	0.87	42	1288	53.7	69.6	99	39	 	 
20:14	19:02	08:30:45	6.2	0.9	29.7	2407	2094	0.87	45	1262	56.9	67.8	97	40	 	 
20:15	19:03	08:30:46	6.2	0.9	32.8	2663	2297	0.86	43	1454	62.3	64.8	97	40	 	 
20:16	19:04	08:30:47	6.1	0.9	33.1	2686	2274	0.85	44	1412	61.8	65.0	96	41	 	 
20:18	19:06	08:30:49	6.1	0.9	31.4	2548	2210	0.87	39	1522	59.3	66.4	97	40	 	 
20:19	19:07	08:30:50	6.3	0.9	31.7	2575	2227	0.86	38	1594	59.8	66.2	97	40	 	 
20:21	19:09	08:30:52	6.3	0.9	33.6	2729	2412	0.88	41	1634	67.1	62.0	99	39	 	 
20:23	19:11	08:30:54	6.1	0.9	29.4	2390	2104	0.88	38	1525	57.2	67.7	98	40	 	 
20:24	19:12	08:30:55	6.3	0.9	31.7	2574	2214	0.86	37	1579	58.9	66.7	97	40	 	 
20:26	19:14	08:30:57	6.1	0.9	24.4	1980	1677	0.85	30	1434	42.8	75.8	93	43	 	 
20:29	19:17	08:31:00	6.3	0.9	15.5	1261	1056	0.84	22	1204	26.8	84.8	94	42	 	 
20:31	19:19	08:31:02	6.3	0.9	49.2	3998	3055	0.76	34	2227	74.6	57.8	90	43	 	 
20:32	19:20	08:31:03	6.3	0.9	43.2	3505	2932	0.84	35	2241	79.1	55.2	97	40	 	 
20:34	19:22	08:31:05	6.3	0.9	33.3	2704	2373	0.88	34	1876	64.7	63.4	98	39	 	 
20:36	19:24	08:31:07	6.5	0.9	36.3	2949	2609	0.88	42	1746	73.2	58.6	100	39	 	 
20:37	19:25	08:31:08	6.3	0.9	31.1	2522	2277	0.90	42	1502	63.5	64.1	101	39	 	 
20:38	19:26	08:31:09	6.5	0.9	31.8	2585	2272	0.88	42	1533	64.3	63.6	100	39	 	 
20:40	19:28	08:31:11	6.3	0.9	31.4	2553	2272	0.89	35	1778	62.7	64.5	99	40	 	 
20:42	19:30	08:31:13	6.3	0.9	29.2	2367	2153	0.91	36	1638	58.1	67.1	98	40	 	 
20:43	19:31	08:31:14	6.3	0.9	27.9	2263	2016	0.89	34	1570	53.8	69.5	97	42	 	 
20:45	19:33	08:31:16	6.3	0.9	27.8	2256	2000	0.89	42	1309	54.5	69.1	98	40	 	 
20:47	19:35	08:31:18	6.6	0.9	31.0	2516	2114	0.84	37	1511	55.3	68.7	94	42	 	 
20:48	19:36	08:31:19	6.5	0.9	33.3	2701	2230	0.83	42	1453	61.4	65.3	97	40	 	 
20:50	19:38	08:31:21	6.6	0.9	31.4	2551	2194	0.86	36	1628	57.8	67.3	97	41	 	 
20:51	19:39	08:31:22	6.5	0.9	32.8	2666	2253	0.84	40	1538	61.9	65.0	98	40	 	 
20:53	19:41	08:31:24	6.5	0.9	31.0	2515	2174	0.86	36	1591	57.9	67.3	96	41	 	 
20:54	19:42	08:31:25	6.3	0.9	30.1	2443	2113	0.86	37	1527	56.5	68.0	98	40	 	 
20:56	19:44	08:31:27	6.5	0.9	34.6	2812	2359	0.84	38	1679	64.2	63.7	97	40	 	 
20:58	19:46	08:31:29	6.6	0.9	29.5	2396	2099	0.88	31	1816	56.2	68.2	98	40	 	 
21:00	19:48	08:31:31	6.6	0.9	31.8	2585	2242	0.87	38	1602	60.4	65.8	98	40	 	 
21:01	19:49	08:31:32	6.6	0.9	30.5	2479	2136	0.86	36	1607	57.7	67.3	98	40	 	 
21:03	19:51	08:31:34	6.8	0.9	30.6	2482	2149	0.87	36	1556	55.9	68.4	95	42	 	 
21:05	19:53	08:31:36	6.6	0.9	26.2	2130	1846	0.87	29	1667	47.6	73.1	97	41	 	 
21:07	19:55	08:31:38	6.6	0.9	36.6	2975	2505	0.84	24	2522	61.3	65.3	92	43	 	 
21:11	19:59	08:31:42	6.6	0.9	18.4	1493	1241	0.83	19	1631	31.1	82.4	93	43	 	 
21:12	20:00	08:31:43	6.6	0.9	36.8	2987	2252	0.75	34	1565	53.1	70.0	87	45	 	 
21:15	20:03	08:31:46	6.9	0.9	43.2	3508	2873	0.82	24	3171	75.2	57.5	95	41	 	 
21:17	20:05	08:31:48	6.9	0.9	29.7	2413	1983	0.82	31	1557	48.9	72.3	92	42	 	 
21:19	20:07	08:31:50	6.6	0.9	30.8	2500	2102	0.84	29	1859	53.6	69.7	95	41	 	 
21:21	20:09	08:31:52	6.6	0.9	32.4	2629	2207	0.84	37	1536	56.9	67.8	95	41	 	 
21:22	20:10	08:31:53	6.9	0.9	37.8	3069	2539	0.83	42	1590	66.7	62.3	95	41	 	 
21:23	20:11	08:31:54	6.6	0.9	36.3	2944	2484	0.84	44	1536	67.7	61.7	97	40	 	 
21:25	20:13	08:31:56	6.8	0.9	35.4	2877	2483	0.86	43	1626	70.2	60.3	99	39	 	 
21:26	20:14	08:31:57	6.6	0.9	32.9	2670	2321	0.87	43	1519	65.6	62.9	99	39	 	 
21:28	20:16	08:31:59	6.6	0.9	27.4	2227	1993	0.89	38	1435	54.1	69.4	98	40	 	 
21:30	20:18	08:32:01	7.0	0.9	32.2	2617	2246	0.86	32	1809	57.7	67.3	95	42	 	 
21:31	20:19	08:32:02	6.9	0.9	30.4	2470	2129	0.86	31	1772	55.4	68.7	96	41	 	 
21:33	20:21	08:32:04	6.8	0.9	34.4	2796	2376	0.85	42	1505	63.6	64.0	97	41	 	 
21:35	20:23	08:32:06	7.0	0.9	38.3	3109	2696	0.87	36	1987	72.2	59.1	98	40	 	 
21:36	20:24	08:32:07	7.0	0.9	34.2	2775	2501	0.90	38	1823	68.4	61.3	101	38	 	 
21:38	20:26	08:32:09	6.8	0.9	33.7	2739	2507	0.92	41	1657	67.6	61.7	98	40	 	 
21:39	20:27	08:32:10	7.0	0.9	35.2	2860	2576	0.90	44	1579	70.2	60.3	98	40	 	 
21:40	20:28	08:32:11	6.9	0.9	35.4	2872	2565	0.89	44	1602	70.7	60.0	98	40	 	 
21:42	20:30	08:32:13	6.9	0.9	35.3	2868	2549	0.89	43	1625	70.1	60.3	97	41	 	 
21:43	20:31	08:32:14	6.9	0.9	25.2	2048	1819	0.89	36	1391	50.3	71.5	99	40	 	 
21:46	20:34	08:32:17	7.1	0.9	14.3	1158	1039	0.90	24	1165	28.0	84.2	95	43	 	 
21:47	20:35	08:32:18	6.9	0.9	43.6	3540	2767	0.78	39	1674	64.8	63.3	87	46	 	 
21:49	20:37	08:32:20	7.1	0.9	50.1	4070	3328	0.82	43	2049	87.8	50.3	95	41	 	 
21:51	20:39	08:32:22	7.1	0.9	40.5	3288	2806	0.85	30	2572	76.4	56.8	100	39	 	 
21:52	20:40	08:32:23	6.9	0.9	36.6	2972	2680	0.90	43	1867	80.6	54.4	104	37	 	 
21:54	20:42	08:32:25	7.1	0.9	32.4	2632	2449	0.93	44	1693	74.1	58.1	104	37	 	 
21:55	20:43	08:32:26	7.0	0.9	29.4	2390	2239	0.94	40	1566	63.1	64.3	102	39	 	 
21:57	20:45	08:32:28	7.1	0.9	30.5	2475	2328	0.94	43	1490	64.3	63.6	99	40	 	 
21:58	20:46	08:32:29	7.1	0.9	36.1	2935	2581	0.88	43	1645	71.5	59.5	99	40	 	 
21:59	20:47	08:32:30	7.1	0.9	36.9	2993	2697	0.90	45	1670	74.8	57.7	100	40	 	 
22:01	20:49	08:32:32	7.1	0.9	36.1	2934	2698	0.92	46	1635	75.5	57.3	101	39	 	 
22:02	20:50	08:32:33	7.1	0.9	33.1	2691	2452	0.91	44	1582	69.8	60.5	101	39	 	 
22:04	20:52	08:32:35	7.3	0.9	31.4	2547	2242	0.88	34	1791	61.4	65.3	99	40	 	 
22:05	20:53	08:32:36	7.1	0.9	30.1	2443	2254	0.92	38	1570	59.6	66.3	98	41	 	 
22:07	20:55	08:32:38	7.1	0.9	34.8	2828	2533	0.90	44	1551	68.4	61.3	97	41	 	 
22:08	20:56	08:32:39	7.1	0.9	37.1	3015	2670	0.89	43	1677	71.9	59.3	98	40	 	 
22:09	20:57	08:32:40	7.3	0.9	33.9	2751	2448	0.89	45	1478	66.2	62.6	99	40	 	 
22:11	20:59	08:32:42	7.1	0.9	33.9	2754	2447	0.89	42	1643	68.9	61.0	101	39	 	 
22:12	21:00	08:32:43	7.0	0.9	32.2	2614	2397	0.92	40	1624	65.0	63.2	100	39	 	 
22:14	21:02	08:32:45	7.1	0.9	38.3	3111	2757	0.89	42	1794	75.8	57.1	99	40	 	 
22:15	21:03	08:32:46	7.5	0.9	37.0	3008	2703	0.90	43	1782	76.9	56.5	101	38	 	 
22:16	21:04	08:32:47	7.4	0.9	32.8	2662	2405	0.90	44	1581	69.2	60.8	102	38	 	 
22:18	21:06	08:32:49	7.3	0.9	31.7	2572	2377	0.92	43	1529	65.5	62.9	101	39	 	 
22:19	21:07	08:32:50	7.4	0.9	35.1	2851	2632	0.92	41	1783	72.3	59.1	100	39	 	 
22:21	21:09	08:32:52	7.5	0.9	36.0	2923	2725	0.93	44	1657	73.6	58.3	100	40	 	 
22:22	21:10	08:32:53	7.3	0.9	28.8	2341	2090	0.89	35	1598	55.4	68.6	97	41	 	 
22:24	21:12	08:32:55	7.4	0.9	25.5	2071	1827	0.88	35	1433	50.0	71.7	98	40	 	 
22:25	21:13	08:32:56	7.3	0.9	42.5	3450	2969	0.86	47	1698	79.0	55.3	97	41	 	 
22:27	21:15	08:32:58	7.3	0.9	36.9	2994	2609	0.87	43	1691	73.0	58.7	99	39	 	 
22:28	21:16	08:32:59	7.4	0.9	34.9	2830	2584	0.91	39	1759	68.5	61.2	99	40	 	 
22:30	21:18	08:33:01	7.6	0.9	40.0	3244	2874	0.89	43	1793	77.4	56.2	98	40	 	 
22:31	21:19	08:33:02	7.5	0.9	31.9	2594	2337	0.90	41	1552	64.2	63.7	99	40	 	 
22:33	21:21	08:33:04	7.4	0.9	36.7	2976	2658	0.89	39	1846	71.9	59.3	99	40	 	 
22:34	21:22	08:33:05	7.5	0.9	36.4	2955	2658	0.90	34	2094	72.2	59.1	100	40	 	 
22:36	21:24	08:33:07	7.6	0.9	36.8	2990	2687	0.90	45	1655	75.2	57.4	101	39	 	 
22:37	21:25	08:33:08	7.6	0.9	33.6	2725	2471	0.91	42	1619	68.4	61.3	100	39	 	 
22:39	21:27	08:33:10	7.4	0.9	33.4	2710	2431	0.90	35	1887	65.8	62.8	99	40	 	 
22:41	21:29	08:33:12	7.5	0.9	19.2	1560	1396	0.90	24	1527	35.9	79.7	95	43	 	 
22:43	21:31	08:33:14	7.6	0.9	47.6	3861	3133	0.81	36	2045	74.3	57.9	90	45	 	 
22:45	21:33	08:33:16	7.6	0.9	49.8	4044	3602	0.89	29	3391	97.3	44.9	99	40	 	 
22:47	21:35	08:33:18	7.6	0.9	33.9	2749	2454	0.89	39	1739	67.3	61.9	100	39	 	 
22:48	21:36	08:33:19	7.8	0.9	35.8	2911	2649	0.91	45	1608	73.1	58.6	100	39	 	 
22:50	21:38	08:33:21	7.8	0.9	37.6	3051	2749	0.90	43	1708	73.2	58.6	98	40	 	 
22:51	21:39	08:33:22	7.6	0.9	39.1	3175	2861	0.90	44	1745	77.0	56.4	100	40	 	 
22:52	21:40	08:33:23	7.6	0.9	33.0	2679	2459	0.92	44	1541	68.5	61.3	101	39	 	 
22:54	21:42	08:33:25	7.5	0.9	36.6	2972	2716	0.91	45	1637	73.8	58.2	100	40	 	 
22:55	21:43	08:33:26	7.6	0.9	42.3	3430	3158	0.92	45	1887	85.1	51.8	100	39	 	 
22:56	21:44	08:33:27	7.6	0.9	38.6	3134	2969	0.95	47	1752	81.5	53.9	101	39	 	 
22:58	21:46	08:33:29	7.6	0.9	39.4	3198	2951	0.92	45	1816	81.3	54.0	101	39	 	 
22:59	21:47	08:33:30	7.8	0.9	35.5	2882	2762	0.96	45	1733	77.6	56.1	102	39	 	 
23:00	21:48	08:33:31	7.8	0.9	35.8	2910	2753	0.95	44	1724	76.1	57.0	102	39	 	 
23:02	21:50	08:33:33	7.9	0.9	36.0	2926	2698	0.92	45	1677	75.7	57.2	101	40	 	 
23:03	21:51	08:33:34	7.6	0.9	38.7	3139	2915	0.93	46	1792	82.1	53.6	101	39	 	 
23:04	21:52	08:33:35	7.8	0.9	40.0	3248	3085	0.95	47	1881	87.5	50.5	102	39	 	 
23:05	21:53	08:33:36	7.9	0.9	40.4	3282	3113	0.95	45	1917	87.1	50.7	102	39	 	 
23:07	21:55	08:33:38	7.6	0.9	37.7	3063	2990	0.98	46	1824	84.2	52.4	103	39	 	 
23:08	21:56	08:33:39	7.8	0.9	38.3	3112	2998	0.96	44	1951	85.5	51.6	103	38	 	 
23:09	21:57	08:33:40	7.6	0.9	37.0	3008	2910	0.97	45	1822	81.6	53.8	103	38	 	 
23:11	21:59	08:33:42	7.9	0.9	31.4	2548	2438	0.96	40	1703	68.1	61.4	103	39	 	 
23:12	22:00	08:33:43	7.6	0.9	38.2	3104	2933	0.94	41	1926	78.1	55.8	100	41	 	 
23:14	22:02	08:33:45	7.6	0.9	39.0	3164	2961	0.94	45	1768	80.4	54.5	100	40	 	 
23:15	22:03	08:33:46	7.9	0.9	35.7	2896	2682	0.93	44	1645	73.1	58.6	101	40	 	 
23:16	22:04	08:33:47	7.9	0.9	40.1	3258	3170	0.97	48	1781	85.5	51.6	101	39	 	 
23:18	22:06	08:33:49	8.0	0.9	36.7	2977	2834	0.95	45	1709	77.1	56.4	101	40	 	 
23:19	22:07	08:33:50	8.0	0.9	37.9	3074	2890	0.94	45	1764	80.2	54.6	101	39	 	 
23:20	22:08	08:33:51	7.9	0.9	39.6	3214	3117	0.97	47	1891	88.0	50.2	102	39	 	 
23:27	22:15	08:33:58	7.9	0.9	36.9	2997	2896	0.97	46	1745	79.9	54.8	101	39	 	 
23:28	22:16	08:33:59	7.9	0.9	36.2	2942	2795	0.95	43	1827	79.4	55.1	102	39	 	 
23:30	22:18	08:34:01	8.1	0.9	38.2	3104	2978	0.96	46	1811	83.6	52.7	102	39	 	 
23:31	22:19	08:34:02	7.9	0.9	35.6	2890	2630	0.91	42	1831	76.8	56.5	103	38	 	 
23:33	22:21	08:34:04	8.1	0.9	36.4	2958	2860	0.97	37	2079	77.5	56.2	103	39	 	 
23:34	22:22	08:34:05	7.9	0.9	29.0	2356	2229	0.95	37	1726	64.3	63.6	102	40	 	 
23:36	22:24	08:34:07	8.1	0.9	29.8	2417	2237	0.93	38	1559	58.8	66.7	99	41	 	 
23:38	22:26	08:34:09	8.0	0.9	24.3	1976	1754	0.89	25	1696	42.1	76.2	92	44	 	 
23:39	22:27	08:34:10	7.9	0.9	50.8	4124	3463	0.84	50	1722	86.1	51.3	93	43	 	 
23:41	22:29	08:34:12	8.0	0.9	55.7	4524	3990	0.88	47	2322	108.8	38.4	99	39	 	 
23:42	22:30	08:34:13	8.1	0.9	43.6	3536	3333	0.94	44	2241	98.9	44.1	104	36	 	 
23:43	22:31	08:34:14	8.1	0.9	39.0	3163	3125	0.99	47	1998	93.7	47.0	105	37	 	 
23:45	22:33	08:34:16	8.1	0.9	37.8	3069	3113	1.01	46	2025	93.5	47.1	105	37	 	 
23:46	22:34	08:34:17	8.0	0.9	38.0	3083	3038	0.99	45	1995	89.3	49.5	104	38	 	 
23:47	22:35	08:34:18	8.0	0.9	35.4	2877	2888	1.00	44	1873	82.6	53.2	104	38	 	 
23:49	22:37	08:34:20	8.1	0.9	36.9	3000	2890	0.96	44	1834	81.5	53.9	104	38	 	 
23:50	22:38	08:34:21	8.1	0.9	37.5	3044	2926	0.96	47	1801	83.8	52.6	102	39	 	 
23:52	22:40	08:34:23	8.1	0.9	34.0	2761	2721	0.99	40	1843	73.2	58.6	102	39	 	 
23:53	22:41	08:34:24	8.4	0.9	40.4	3277	3234	0.99	47	1852	86.1	51.3	101	40	 	 
23:54	22:42	08:34:25	8.1	0.9	36.3	2951	2882	0.98	47	1734	81.3	54.0	103	38	 	 
23:55	22:43	08:34:26	8.1	0.9	43.5	3531	3345	0.95	53	1797	95.4	46.0	103	38	 	 
23:56	22:44	08:34:27	8.3	0.9	43.4	3524	3421	0.97	50	2012	99.7	43.6	104	38	 	 
23:58	22:46	08:34:29	8.1	0.9	37.9	3075	3045	0.99	36	2563	91.0	48.5	106	36	 	 
24:00	22:48	08:34:31	8.1	0.9	29.2	2375	2358	0.99	41	1712	70.3	60.2	106	37	 	 
24:01	22:49	08:34:32	8.1	0.9	37.8	3073	3121	1.02	48	1773	85.8	51.5	105	38	 	 
24:02	22:50	08:34:33	8.3	0.9	37.9	3074	3132	1.02	53	1670	88.7	49.8	104	38	 	 
24:03	22:51	08:34:34	8.3	0.9	43.5	3528	3398	0.96	55	1869	102.9	41.8	105	37	 	 
24:04	22:52	08:34:35	8.5	0.9	40.0	3248	3277	1.01	49	1907	93.8	46.9	105	38	 	 
24:06	22:54	08:34:37	8.3	0.9	39.0	3167	3180	1.00	45	2011	91.4	48.3	104	38	 	 
24:07	22:55	08:34:38	8.3	0.9	39.1	3172	3057	0.96	44	1983	87.5	50.5	104	39	 	 
24:08	22:56	08:34:39	8.4	0.9	39.6	3219	3186	0.99	47	1962	92.0	48.0	104	38	 	 
24:10	22:58	08:34:41	8.5	0.9	39.1	3171	3190	1.01	46	1986	91.7	48.1	104	38	 	 
24:11	22:59	08:34:42	8.1	0.9	42.2	3423	3435	1.00	44	2277	100.5	43.2	105	38	 	 
24:12	23:00	08:34:43	8.5	0.9	38.7	3141	3236	1.03	47	2045	95.9	45.8	106	38	 	 
24:13	23:01	08:34:44	8.4	0.9	36.8	2989	3059	1.02	45	1978	89.9	49.1	105	38	 	 
24:15	23:03	08:34:46	8.5	0.9	36.5	2962	3018	1.02	45	1909	86.8	50.9	104	38	 	 
24:16	23:04	08:34:47	8.1	0.9	34.2	2778	2759	0.99	46	1702	77.9	55.9	103	39	 	 
24:17	23:05	08:34:48	8.3	1.1	38.0	3082	3000	0.97	46	1829	83.8	52.6	102	39	 	 
24:19	23:07	08:34:50	8.5	1.2	40.8	3310	3213	0.97	46	1952	89.4	49.4	102	39	 	 
24:20	23:08	08:34:51	8.1	1.2	40.1	3253	3158	0.97	45	1977	89.2	49.5	103	39	 	 
24:21	23:09	08:34:52	8.6	1.2	38.7	3145	3103	0.99	47	1903	88.5	49.9	104	38	 	 
24:23	23:11	08:34:54	8.3	1.2	39.9	3243	3203	0.99	47	1949	91.3	48.3	103	38	 	 
24:24	23:12	08:34:55	8.4	1.2	41.4	3358	3269	0.97	45	2097	93.9	46.9	104	38	 	 
24:26	23:14	08:34:57	8.5	1.2	27.1	2201	2101	0.95	34	1759	59.3	66.4	103	39	 	 
24:28	23:16	08:34:59	8.6	1.2	35.7	2901	2529	0.87	25	2251	55.4	68.7	92	46	 	 
24:29	23:17	08:35:00	8.3	1.2	48.2	3911	3621	0.93	46	2075	95.8	45.8	99	41	 	 
24:31	23:19	08:35:02	8.3	1.2	44.7	3633	3474	0.96	46	2114	97.6	44.8	102	39	 	 
24:32	23:20	08:35:03	8.5	1.2	40.4	3281	3290	1.00	47	2075	96.5	45.4	105	37	 	 
24:33	23:21	08:35:04	8.3	1.8	40.8	3315	3365	1.02	46	2139	98.0	44.6	104	38	 	 
24:35	23:23	08:35:06	8.3	1.9	36.7	2983	3068	1.03	48	1902	92.0	47.9	107	36	 	 
24:36	23:24	08:35:07	8.3	1.9	37.7	3061	3187	1.04	47	1952	91.5	48.2	106	37	 	 
24:37	23:25	08:35:08	8.3	1.9	38.3	3106	3180	1.02	46	1913	88.3	50.0	105	38	 	 
24:38	23:26	08:35:09	8.4	1.9	41.6	3378	3316	0.98	52	1865	96.4	45.4	105	38	 	 
24:40	23:28	08:35:11	8.5	1.9	38.7	3145	3127	0.99	47	1955	91.7	48.1	105	38	 	 
24:41	23:29	08:35:12	8.4	1.9	37.5	3045	3156	1.04	48	1899	91.2	48.4	105	38	 	 
24:42	23:30	08:35:13	8.5	1.9	38.9	3158	3201	1.01	45	2004	91.1	48.5	104	38	 	 
24:44	23:32	08:35:15	8.1	1.9	38.7	3141	3129	1.00	45	1982	88.7	49.8	104	39	 	 
24:45	23:33	08:35:16	8.3	1.9	41.4	3359	3275	0.97	46	1997	91.5	48.3	103	39	 	 
24:46	23:34	08:35:17	8.5	1.9	38.9	3161	3111	0.98	47	1862	88.0	50.2	103	39	 	 
24:47	23:35	08:35:18	8.4	2.2	38.5	3127	3129	1.00	48	1857	88.4	50.0	103	39	 	 
24:49	23:37	08:35:20	8.1	2.6	41.1	3339	3337	1.00	47	2027	94.3	46.7	103	39	 	 
24:50	23:38	08:35:21	8.5	2.6	43.9	3565	3551	1.00	45	2258	102.7	41.9	104	38	 	 
24:51	23:39	08:35:22	8.3	2.6	38.2	3100	3178	1.03	47	2031	94.5	46.5	106	37	 	 
24:53	23:41	08:35:24	8.3	2.6	39.6	3214	3332	1.04	46	2108	96.6	45.4	105	38	 	 
24:55	23:43	08:35:26	8.4	2.6	38.7	3141	3262	1.04	30	3057	91.2	48.4	104	39	 	 
24:56	23:44	08:35:27	8.3	2.6	36.2	2936	2723	0.93	45	1599	72.7	58.9	100	41	 	 
24:57	23:45	08:35:28	8.4	2.6	40.1	3255	3205	0.98	49	1818	88.7	49.8	101	40	 	 
24:58	23:46	08:35:29	8.4	2.6	39.0	3163	3147	1.00	46	1907	88.0	50.2	101	40	 	 
25:00	23:48	08:35:31	8.4	2.6	43.4	3523	3572	1.01	46	2186	100.1	43.4	104	38	 	 
25:01	23:49	08:35:32	8.1	2.6	39.1	3177	2965	0.93	43	1914	82.0	53.6	101	40	 	 
25:02	23:50	08:35:33	8.4	2.9	44.0	3568	3640	1.02	48	2106	101.9	42.3	104	38	 	 
25:04	23:52	08:35:35	8.6	2.9	42.2	3423	3536	1.03	47	2163	100.6	43.1	105	38	 	 
25:05	23:53	08:35:36	8.3	2.9	41.3	3350	3424	1.02	44	2212	97.6	44.8	104	38	 	 
25:06	23:54	08:35:37	8.4	2.9	40.9	3317	3261	0.98	45	2071	92.7	47.5	104	38	 	 
25:08	23:56	08:35:39	8.6	2.9	39.6	3219	3316	1.03	47	2073	96.4	45.4	105	38	 	 
25:09	23:57	08:35:40	8.3	2.9	39.1	3174	3214	1.01	45	2036	91.2	48.4	104	38	 	 
25:10	23:58	08:35:41	8.5	2.9	38.2	3100	3087	1.00	47	1871	87.7	50.4	104	39	 	 
25:12	24:00	08:35:43	8.3	2.9	40.9	3324	3194	0.96	46	1885	87.0	50.8	102	40	 	 
25:13	24:01	08:35:44	8.4	2.9	43.7	3545	3635	1.03	50	2101	104.2	41.1	106	37	 	 
25:14	24:02	08:35:45	8.5	2.9	43.6	3542	3755	1.06	49	2233	109.8	37.9	107	36	 	 
25:15	24:03	08:35:46	8.4	2.9	42.5	3447	3564	1.03	51	2082	106.8	39.6	107	37	 	 
25:16	24:04	08:35:47	8.4	2.9	41.4	3359	3600	1.07	57	2006	114.6	35.1	110	35	 	 
25:17	24:05	08:35:48	8.5	3.0	36.8	2987	3334	1.12	51	1946	99.8	43.5	108	36	 	 
25:19	24:07	08:35:50	8.3	3.3	41.0	3328	3600	1.08	53	2023	106.5	39.7	109	36	 	 
25:20	24:08	08:35:51	8.3	3.3	37.0	3002	3450	1.15	55	1894	103.3	41.5	108	36	 	 
25:21	24:09	08:35:52	8.5	3.3	43.2	3508	3749	1.07	58	1951	113.6	35.7	108	37	 	 
25:22	24:10	08:35:53	8.3	3.3	36.1	2930	3198	1.09	49	1904	93.7	47.0	107	37	 	 
25:24	24:12	08:35:55	8.5	3.3	22.9	1858	1925	1.04	25	2066	51.9	70.7	101	41	 	 
25:25	24:13	08:35:56	8.3	3.3	55.8	4529	4154	0.92	57	1938	110.7	37.3	100	41	 	 
25:27	24:15	08:35:58	8.4	3.3	54.3	4410	4293	0.97	51	2347	120.3	31.9	103	39	 	 
25:28	24:16	08:35:59	8.4	3.3	50.3	4081	4225	1.04	43	2960	128.7	27.2	107	36	 	 
25:30	24:18	08:36:01	8.3	3.3	33.1	2684	2732	1.02	30	2407	72.9	58.7	104	39	 	 
25:31	24:19	08:36:02	8.5	3.3	44.6	3621	3661	1.01	47	2173	102.7	41.9	105	39	 	 
25:32	24:20	08:36:03	8.5	3.3	41.9	3399	3533	1.04	49	2066	101.6	42.5	105	38	 	 
25:34	24:22	08:36:05	8.4	3.8	41.5	3372	3613	1.07	55	2030	111.8	36.8	108	36	 	 
25:35	24:23	08:36:06	8.1	4.0	39.7	3227	3521	1.09	56	1912	107.2	39.3	108	36	 	 
25:36	24:24	08:36:07	8.3	4.0	40.5	3287	3343	1.02	54	1856	99.4	43.8	107	38	 	 
25:37	24:25	08:36:08	8.3	4.0	42.0	3407	3732	1.10	50	2175	109.7	37.9	107	37	 	 
25:38	24:26	08:36:09	8.3	4.0	38.8	3151	3474	1.10	46	2255	104.1	41.1	108	36	 	 
25:39	24:27	08:36:10	8.5	4.0	41.4	3365	3623	1.08	47	2271	106.4	39.8	107	37	 	 
25:41	24:29	08:36:12	8.4	4.0	41.0	3329	3514	1.06	44	2274	99.6	43.7	105	38	 	 
25:42	24:30	08:36:13	8.3	4.0	43.3	3517	3717	1.06	46	2302	105.4	40.4	105	39	 	 
25:43	24:31	08:36:14	8.4	4.0	41.5	3369	3584	1.06	47	2221	103.3	41.6	106	38	 	 
25:45	24:33	08:36:16	8.1	4.0	40.7	3303	3503	1.06	45	2194	99.7	43.6	105	38	 	 
25:46	24:34	08:36:17	8.3	4.0	42.5	3449	3632	1.05	47	2222	103.3	41.5	105	38	 	 
25:47	24:35	08:36:18	8.5	4.1	48.5	3937	4137	1.05	44	2722	120.1	32.1	106	37	 	 
25:49	24:37	08:36:20	8.3	4.7	41.4	3361	3625	1.08	48	2241	108.5	38.6	108	36	 	 
25:50	24:38	08:36:21	8.4	4.7	39.4	3203	3534	1.10	47	2249	105.4	40.3	108	37	 	 
25:51	24:39	08:36:22	8.4	4.7	43.1	3495	3785	1.08	55	2170	118.3	33.0	110	36	 	 
25:52	24:40	08:36:23	8.5	4.7	42.0	3412	3718	1.09	50	2191	109.6	38.0	107	37	 	 
25:53	24:41	08:36:24	8.3	4.7	41.7	3386	3602	1.06	56	2010	111.7	36.8	109	36	 	 
25:54	24:42	08:36:25	8.3	4.7	43.5	3529	3890	1.10	51	2210	113.3	35.9	108	37	 	 
25:56	24:44	08:36:27	8.5	4.7	44.5	3615	3910	1.08	55	2280	124.4	29.6	110	35	 	 
25:57	24:45	08:36:28	8.4	4.7	40.1	3256	3688	1.13	52	2129	111.1	37.1	109	36	 	 
25:58	24:46	08:36:29	8.3	4.7	44.3	3600	3926	1.09	55	2235	123.0	30.4	110	36	 	 
25:59	24:47	08:36:30	8.3	4.7	36.7	2980	3426	1.15	50	2041	102.9	41.8	109	36	 	 
26:00	24:48	08:36:31	8.3	4.7	41.7	3382	3803	1.12	52	2167	112.1	36.6	109	36	 	 
26:01	24:49	08:36:32	8.3	4.7	42.7	3465	3830	1.11	53	2123	112.7	36.2	108	37	 	 
26:03	24:51	08:36:34	8.3	4.7	42.2	3425	3748	1.09	48	2268	108.9	38.4	108	37	 	 
26:04	24:52	08:36:35	8.4	4.7	39.7	3222	3330	1.03	44	2189	96.6	45.4	106	38	 	 
26:05	24:53	08:36:36	8.5	4.7	46.1	3746	4202	1.12	47	2622	123.9	29.9	107	37	 	 
26:06	24:54	08:36:37	8.1	4.7	43.1	3500	3853	1.10	54	2260	121.1	31.5	110	35	 	 
26:08	24:56	08:36:39	8.5	4.7	43.1	3502	3877	1.11	51	2272	115.5	34.6	108	37	 	 
26:09	24:57	08:36:40	8.3	4.7	42.3	3436	3963	1.15	53	2261	119.0	32.7	110	36	 	 
26:10	24:58	08:36:41	8.3	4.7	42.9	3485	3922	1.13	54	2253	120.7	31.7	109	36	 	 
26:11	24:59	08:36:42	8.5	4.7	41.6	3378	3824	1.13	50	2296	114.8	35.1	109	36	 	 
26:12	25:00	08:36:43	8.4	4.7	39.3	3194	3429	1.07	47	2189	103.4	41.5	108	37	 	 
26:14	25:02	08:36:45	8.1	4.7	28.5	2316	2225	0.96	31	1673	52.6	70.3	99	44	 	 
26:15	25:03	08:36:46	8.5	4.7	53.3	4330	4727	1.09	54	2432	130.3	26.3	105	39	 	 
26:16	25:04	08:36:47	8.5	4.7	49.8	4044	4377	1.08	56	2411	135.2	23.5	109	36	 	 
26:17	25:05	08:36:48	8.5	4.9	45.2	3674	4208	1.15	57	2357	134.7	23.8	112	34	 	 
26:18	25:06	08:36:49	8.3	5.7	42.5	3454	4179	1.21	59	2188	130.0	26.5	112	34	 	 
26:19	25:07	08:36:50	8.5	5.8	41.6	3381	4000	1.18	65	2040	131.6	25.6	113	34	 	 
26:20	25:08	08:36:51	8.5	5.8	43.1	3499	4127	1.18	66	2100	138.4	21.7	114	33	 	 
26:21	25:09	08:36:52	8.5	5.8	43.8	3559	4213	1.18	63	2221	138.8	21.5	113	34	 	 
26:22	25:10	08:36:53	8.3	5.8	39.1	3172	3858	1.22	62	2118	131.0	25.9	114	33	 	 
26:23	25:11	08:36:54	8.3	5.8	37.7	3061	3535	1.15	57	1957	110.8	37.3	111	35	 	 
26:24	25:12	08:36:55	8.4	5.8	39.9	3237	3623	1.12	55	2026	110.5	37.5	109	37	 	 
26:26	25:14	08:36:57	8.4	5.8	41.3	3350	3724	1.11	47	2300	108.7	38.5	108	37	 	 
26:27	25:15	08:36:58	8.3	5.8	44.1	3579	4146	1.16	56	2255	126.5	28.4	109	37	 	 
26:28	25:16	08:36:59	8.5	5.8	40.7	3307	3846	1.16	50	2363	118.1	33.2	110	36	 	 
26:29	25:17	08:37:00	8.4	5.8	49.2	3996	4558	1.14	58	2416	140.7	20.4	110	36	 	 
26:30	25:18	08:37:01	8.3	5.8	40.4	3282	3929	1.20	59	2270	133.5	24.5	114	33	 	 
26:31	25:19	08:37:02	8.5	5.8	43.5	3534	4231	1.20	63	2286	142.9	19.2	114	33	 	 
26:32	25:20	08:37:03	8.5	5.8	38.6	3133	3853	1.23	58	2184	127.2	28.0	114	33	 	 
26:33	25:21	08:37:04	8.3	5.8	36.7	2983	3750	1.26	54	2142	115.8	34.5	111	35	 	 
26:34	25:22	08:37:05	8.4	5.8	40.2	3267	4005	1.23	64	1905	121.6	31.2	111	35	 	 
26:35	25:23	08:37:06	8.5	5.8	45.1	3659	4213	1.15	52	2517	130.2	26.3	111	35	 	 
26:36	25:24	08:37:07	8.1	5.8	40.8	3316	3948	1.19	52	2264	118.1	33.2	110	36	 	 
26:37	25:25	08:37:08	8.3	5.8	41.4	3363	3968	1.18	50	2409	120.4	31.9	111	36	 	 
26:39	25:27	08:37:10	8.3	5.8	46.9	3807	4368	1.15	52	2548	131.8	25.4	109	36	 	 
26:40	25:28	08:37:11	8.3	5.8	39.9	3242	3798	1.17	52	2298	118.9	32.7	111	35	 	 
26:41	25:29	08:37:12	8.3	5.8	43.9	3564	4071	1.14	51	2452	124.7	29.4	110	36	 	 
26:42	25:30	08:37:13	8.3	5.8	41.0	3326	3902	1.17	56	2232	124.0	29.8	112	35	 	 
26:43	25:31	08:37:14	8.3	5.8	40.7	3305	3919	1.19	56	2152	119.6	32.4	111	35	 	 
26:44	25:32	08:37:15	8.5	5.8	43.1	3498	4084	1.17	63	1994	124.6	29.5	110	36	 	 
26:45	25:33	08:37:16	8.4	5.8	40.0	3246	3858	1.19	57	2070	118.3	33.1	110	36	 	 
26:46	25:34	08:37:17	8.4	5.8	42.9	3480	4058	1.17	58	2084	121.4	31.3	109	37	 	 
26:47	25:35	08:37:18	8.4	5.8	43.1	3497	4046	1.16	65	1895	123.6	30.1	110	36	 	 
26:48	25:36	08:37:19	8.4	6.6	44.9	3646	4257	1.17	59	2188	128.7	27.2	110	36	 	 
26:49	25:37	08:37:20	8.3	6.7	42.1	3418	4118	1.20	64	2083	132.9	24.8	112	34	 	 
26:50	25:38	08:37:21	8.4	6.7	45.9	3728	4267	1.14	54	2440	131.9	25.4	110	36	 	 
26:51	25:39	08:37:22	8.3	6.7	42.9	3484	4198	1.20	59	2330	137.0	22.5	113	34	 	 
26:52	25:40	08:37:23	8.3	6.7	43.1	3496	4189	1.20	60	2330	139.8	20.9	114	33	 	 
26:53	25:41	08:37:24	8.3	6.7	40.5	3284	3976	1.21	61	2220	135.9	23.1	114	33	 	 
26:54	25:42	08:37:25	8.4	6.7	39.3	3191	3983	1.25	56	2308	129.4	26.8	113	34	 	 
26:55	25:43	08:37:26	8.5	6.7	40.2	3265	4099	1.26	64	2077	132.5	25.0	113	34	 	 
26:56	25:44	08:37:27	8.3	6.7	42.9	3485	4252	1.22	67	2143	142.8	19.2	114	34	 	 
26:57	25:45	08:37:28	8.3	6.7	44.0	3572	4353	1.22	65	2236	144.3	18.4	114	34	 	 
26:58	25:46	08:37:29	8.3	6.7	42.7	3463	4248	1.23	61	2336	143.0	19.1	114	33	 	 
26:59	25:47	08:37:30	8.4	6.7	41.5	3370	4160	1.23	61	2296	139.1	21.3	114	33	 	 
27:00	25:48	08:37:31	8.5	6.7	38.3	3111	3865	1.24	59	2195	130.4	26.2	114	33	 	 
27:01	25:49	08:37:32	8.4	6.7	41.4	3358	4053	1.21	64	2077	132.5	25.0	113	35	 	 
27:02	25:50	08:37:33	8.5	6.7	41.3	3354	4058	1.21	61	2187	133.9	24.2	113	34	 	 
27:03	25:51	08:37:34	8.5	6.7	42.4	3441	4272	1.24	58	2296	133.8	24.3	113	35	 	 
27:04	25:52	08:37:35	8.3	6.7	42.7	3464	4207	1.21	53	2427	127.7	27.7	111	36	 	 
27:05	25:53	08:37:36	8.3	6.7	40.6	3297	3937	1.19	57	2234	127.7	27.8	113	35	 	 
27:06	25:54	08:37:37	8.4	6.7	29.3	2381	2853	1.20	50	1697	85.5	51.6	109	37	 	 
27:07	25:55	08:37:38	8.3	6.7	47.5	3860	4705	1.22	71	2004	143.1	19.0	110	36	 	 
27:08	25:56	08:37:39	8.4	6.7	44.8	3640	4436	1.22	65	2231	143.9	18.6	113	35	 	 
27:09	25:57	08:37:40	8.5	6.7	43.9	3566	4316	1.21	62	2316	143.3	18.9	113	34	 	 
27:10	25:58	08:37:41	8.5	6.7	43.4	3522	4304	1.22	63	2216	140.0	20.8	113	34	 	 
27:11	25:59	08:37:42	8.3	6.7	41.9	3401	4197	1.23	61	2294	140.5	20.5	114	33	 	 
27:12	26:00	08:37:43	8.3	6.7	42.5	3448	4306	1.25	63	2239	141.4	20.0	114	34	 	 
27:13	26:01	08:37:44	8.4	6.7	38.4	3116	3847	1.23	58	2212	127.6	27.8	114	34	 	 
27:14	26:02	08:37:45	8.5	6.7	36.0	2924	3417	1.17	62	1634	101.1	42.8	110	37	 	 
27:15	26:03	08:37:46	8.5	6.7	45.9	3727	4489	1.20	65	2250	145.2	17.9	113	35	 	 
27:16	26:04	08:37:47	8.3	6.7	45.3	3679	4595	1.25	64	2378	151.8	14.1	113	34	 	 
27:17	26:05	08:37:48	8.3	6.7	42.6	3456	4336	1.25	62	2366	146.3	17.2	114	33	 	 
27:18	26:06	08:37:49	8.4	7.5	42.2	3428	4341	1.27	62	2345	145.1	17.9	114	34	 	 
27:19	26:07	08:37:50	8.5	7.5	39.3	3193	3864	1.21	60	2108	126.5	28.4	113	34	 	 
27:20	26:08	08:37:51	8.3	7.8	42.3	3438	4177	1.21	55	2329	127.1	28.1	111	36	 	 
27:21	26:09	08:37:52	8.3	7.8	46.8	3799	4614	1.21	58	2438	140.7	20.4	111	36	 	 
27:22	26:10	08:37:53	8.4	7.8	28.5	2315	2911	1.26	49	1895	92.4	47.7	112	34	 	 
