Time	Ex Time	Time (Clock)	Speed	Grade	VO2	VO2	VCO2	RER	RR	Vt BTPS	VE BTPS	BR	PETO2	PETCO2	HR	HRR
(min)	(min)	(Clock)	(MPH)	(%)	(mL/kg/min)	(mL/min)	(mL/min)		(br/min)	(mL)	(L/min)	(%)	(mmHg)	(mmHg)	(BPM)	(%)
0:17	 	12:57:43	0.0	0.0	3.3	200	192	0.96	19	439	8.4	94.8	110	33	 	 
0:19	 	12:57:45	0.0	0.0	12.4	763	677	0.89	23	958	21.9	86.5	109	34	 	 
0:23	 	12:57:49	0.0	0.0	1.5	94	86	0.92	15	357	5.5	96.6	113	30	 	 
0:27	 	12:57:53	0.0	0.0	3.8	233	215	0.92	17	509	8.8	94.5	111	33	 	 
0:29	 	12:57:55	0.0	0.0	6.0	365	331	0.91	29	486	14.2	91.2	109	33	 	 
0:31	 	12:57:57	0.0	0.0	5.2	316	274	0.87	22	450	9.8	93.9	106	35	 	 
0:35	 	12:58:01	0.0	0.0	4.4	267	227	0.85	16	558	9.1	94.3	107	34	 	 
0:39	 	12:58:05	0.0	0.0	8.3	509	447	0.88	16	999	16.0	90.1	110	32	 	 
0:49	 	12:58:15	0.0	0.0	5.7	347	344	0.99	6	2208	13.0	91.9	117	28	 	 
0:53	 	12:58:19	0.0	0.0	10.3	630	596	0.95	15	1274	18.5	88.5	110	34	 	 
1:04	0:00	12:58:30	0.9	0.8	1.0	64	58	0.91	6	570	3.4	97.9	106	34	 	 
1:07	0:03	12:58:33	2.7	0.9	10.0	614	520	0.85	24	780	18.4	88.6	107	34	 	 
1:09	0:05	12:58:35	3.0	0.9	11.7	715	592	0.83	21	892	19.0	88.2	103	35	 	 
1:12	0:08	12:58:38	3.0	0.9	10.1	619	517	0.84	24	736	17.7	89.1	102	35	 	 
1:15	0:11	12:58:41	2.9	0.9	9.4	577	466	0.81	20	835	16.5	89.8	102	35	 	 
1:20	0:16	12:58:46	3.0	0.9	13.8	845	705	0.83	13	1681	21.5	86.7	103	35	 	 
1:22	0:18	12:58:48	2.9	0.9	10.7	654	531	0.81	22	818	17.6	89.1	103	35	 	 
1:27	0:23	12:58:53	2.9	0.9	13.7	837	720	0.86	12	1826	22.7	86.0	105	35	 	 
1:30	0:26	12:58:56	2.9	0.9	10.6	653	554	0.85	20	935	18.5	88.6	105	35	 	 
1:34	0:30	12:59:00	3.0	0.9	9.3	571	472	0.83	18	848	15.6	90.4	104	35	 	 
1:37	0:33	12:59:03	3.0	0.9	11.9	728	598	0.82	20	966	19.3	88.1	102	36	 	 
1:39	0:35	12:59:05	3.0	0.9	11.2	689	558	0.81	23	785	18.1	88.8	101	37	 	 
1:42	0:38	12:59:08	3.0	0.9	10.9	666	537	0.81	18	931	17.2	89.4	101	36	 	 
1:45	0:41	12:59:11	3.0	0.9	7.7	474	370	0.78	23	586	13.5	91.7	101	36	 	 
1:48	0:44	12:59:14	3.0	0.9	8.7	534	400	0.75	18	767	13.7	91.5	100	37	 	 
1:51	0:47	12:59:17	3.0	0.9	14.3	874	634	0.72	20	934	19.0	88.3	96	38	 	 
1:55	0:51	12:59:21	3.0	0.9	14.2	868	635	0.73	18	1078	19.3	88.1	98	37	 	 
1:58	0:54	12:59:24	3.0	0.9	14.7	902	663	0.73	21	981	20.4	87.4	98	37	 	 
2:00	0:56	12:59:26	3.0	0.9	13.6	837	623	0.74	22	893	19.6	87.9	98	36	 	 
2:03	0:59	12:59:29	3.5	0.9	15.9	973	728	0.75	23	962	22.2	86.3	98	37	 	 
2:05	1:01	12:59:31	5.2	0.9	14.9	915	687	0.75	26	857	22.3	86.2	98	36	 	 
2:07	1:03	12:59:33	6.1	0.9	18.0	1102	830	0.75	34	789	26.7	83.5	98	36	 	 
2:09	1:05	12:59:35	7.6	0.9	28.1	1721	1331	0.77	36	1153	41.9	74.1	100	36	 	 
2:10	1:06	12:59:36	7.5	0.9	19.6	1203	968	0.80	41	902	37.1	77.1	106	33	 	 
2:12	1:08	12:59:38	7.4	0.9	21.5	1316	1025	0.78	34	1061	36.6	77.4	104	35	 	 
2:13	1:09	12:59:39	7.3	0.9	24.9	1529	1219	0.80	42	1016	42.9	73.5	102	36	 	 
2:16	1:12	12:59:42	7.4	0.9	28.2	1729	1528	0.88	19	2568	49.7	69.3	107	34	 	 
2:18	1:14	12:59:44	7.4	0.9	19.8	1215	1062	0.87	40	1046	41.8	74.1	110	33	 	 
2:19	1:15	12:59:45	7.3	0.9	17.0	1040	984	0.95	40	967	39.0	75.9	110	32	 	 
2:21	1:17	12:59:47	7.3	0.9	14.2	869	742	0.85	31	829	25.9	84.0	104	35	 	 
2:23	1:19	12:59:49	7.1	0.9	19.4	1192	925	0.78	37	789	29.0	82.1	98	38	 	 
2:26	1:22	12:59:52	7.1	0.9	33.8	2073	1626	0.78	20	2237	45.8	71.7	99	37	 	 
2:28	1:24	12:59:54	7.4	0.9	31.5	1931	1525	0.79	25	1872	47.6	70.6	103	35	 	 
2:30	1:26	12:59:56	7.3	0.9	29.4	1801	1379	0.77	32	1431	46.1	71.5	104	34	 	 
2:32	1:28	12:59:58	7.3	0.9	34.0	2085	1613	0.77	38	1489	55.8	65.5	104	34	 	 
2:33	1:29	12:59:59	7.1	0.9	35.8	2194	1651	0.75	39	1361	53.0	67.2	99	36	 	 
2:35	1:31	13:00:01	7.1	0.9	36.9	2262	1701	0.75	38	1408	54.2	66.5	100	36	 	 
2:37	1:33	13:00:03	7.3	0.9	35.5	2180	1726	0.79	25	2168	53.7	66.8	104	34	 	 
2:39	1:35	13:00:05	7.4	0.9	39.2	2403	1987	0.83	44	1414	61.9	61.7	101	36	 	 
2:40	1:36	13:00:06	7.4	0.9	28.9	1770	1417	0.80	43	1142	49.7	69.3	104	34	 	 
2:41	1:37	13:00:07	7.3	0.9	45.0	2760	2103	0.76	44	1473	65.4	59.6	99	37	 	 
2:43	1:39	13:00:09	7.1	0.9	37.2	2281	1797	0.79	32	1671	54.2	66.5	100	37	 	 
2:46	1:42	13:00:12	7.3	0.9	44.3	2714	2196	0.81	25	2640	66.8	58.7	103	35	 	 
2:47	1:43	13:00:13	7.1	0.9	33.9	2081	1743	0.84	32	1635	52.7	67.4	103	35	 	 
2:49	1:45	13:00:15	7.1	0.9	38.2	2340	1950	0.83	42	1450	60.4	62.6	100	37	 	 
2:50	1:46	13:00:16	7.3	0.9	42.2	2590	2116	0.82	48	1365	65.5	59.5	102	36	 	 
2:51	1:47	13:00:17	7.1	0.9	31.3	1917	1564	0.82	45	1221	55.1	66.0	106	34	 	 
2:53	1:49	13:00:19	7.3	0.9	44.7	2744	2191	0.80	44	1530	68.0	58.0	102	36	 	 
2:54	1:50	13:00:20	7.3	0.9	39.3	2409	2036	0.84	41	1517	62.4	61.5	102	36	 	 
2:56	1:52	13:00:22	7.1	0.9	41.9	2573	2141	0.83	48	1465	70.3	56.5	104	35	 	 
2:58	1:54	13:00:24	7.3	0.9	43.1	2642	2271	0.86	23	2970	67.2	58.4	103	36	 	 
3:00	1:56	13:00:26	7.3	0.9	34.8	2134	1890	0.89	41	1462	59.7	63.1	105	35	 	 
3:01	1:57	13:00:27	7.3	0.9	40.8	2504	2099	0.84	38	1764	66.6	58.9	104	36	 	 
3:03	1:59	13:00:29	7.3	0.9	34.7	2129	1883	0.88	45	1409	63.1	61.0	108	33	 	 
3:04	2:00	13:00:30	7.3	0.9	44.2	2713	2347	0.87	42	1754	74.1	54.2	105	35	 	 
3:06	2:02	13:00:32	7.1	0.9	37.2	2283	1984	0.87	36	1682	60.4	62.7	103	36	 	 
3:07	2:03	13:00:33	7.1	0.9	41.2	2524	2188	0.87	47	1531	71.2	56.0	105	35	 	 
3:10	2:06	13:00:36	7.4	0.9	21.6	1327	1141	0.86	23	1441	33.3	79.4	100	38	 	 
3:11	2:07	13:00:37	7.1	0.9	55.2	3384	2582	0.76	40	1749	69.5	57.1	95	40	 	 
3:13	2:09	13:00:39	7.4	0.9	56.1	3441	2747	0.80	39	2051	81.0	50.0	101	37	 	 
3:15	2:11	13:00:41	7.3	0.9	46.2	2832	2396	0.85	31	2332	71.7	55.7	102	36	 	 
3:16	2:12	13:00:42	7.1	0.9	36.8	2258	1921	0.85	38	1637	61.4	62.1	105	35	 	 
3:18	2:14	13:00:44	7.1	0.9	48.7	2988	2624	0.88	43	1816	77.8	51.9	104	36	 	 
3:19	2:15	13:00:45	7.1	0.9	43.7	2678	2402	0.90	31	2290	72.0	55.5	104	36	 	 
3:21	2:17	13:00:47	7.3	0.9	37.0	2269	1993	0.88	43	1509	65.6	59.5	107	34	 	 
3:23	2:19	13:00:49	7.4	0.9	47.3	2900	2525	0.87	34	2157	74.0	54.3	103	37	 	 
3:24	2:20	13:00:50	7.3	0.9	46.4	2843	2473	0.87	40	1886	75.9	53.1	105	36	 	 
3:26	2:22	13:00:52	7.3	0.9	39.1	2399	2177	0.91	42	1633	68.0	57.9	105	36	 	 
3:27	2:23	13:00:53	7.3	0.9	43.4	2663	2325	0.87	47	1634	76.0	53.0	107	35	 	 
3:28	2:24	13:00:54	7.1	0.9	47.7	2925	2604	0.89	43	1807	78.0	51.8	104	37	 	 
3:30	2:26	13:00:56	7.4	0.9	45.3	2776	2460	0.89	39	1856	71.9	55.6	103	37	 	 
3:31	2:27	13:00:57	7.4	0.9	44.6	2732	2469	0.90	40	1873	74.9	53.7	104	36	 	 
3:33	2:29	13:00:59	7.4	0.9	43.8	2685	2449	0.91	38	1903	72.3	55.3	105	36	 	 
3:34	2:30	13:01:00	7.3	0.9	41.7	2559	2334	0.91	41	1789	73.0	54.9	105	36	 	 
3:36	2:32	13:01:02	7.3	0.9	43.0	2636	2394	0.91	38	1896	71.1	56.1	105	36	 	 
3:37	2:33	13:01:03	7.3	0.9	44.5	2727	2530	0.93	38	2013	76.9	52.5	106	36	 	 
3:40	2:36	13:01:06	7.1	0.9	38.1	2337	2113	0.90	26	2455	63.2	60.9	106	36	 	 
3:41	2:37	13:01:07	7.3	0.9	46.6	2855	2632	0.92	41	1963	80.7	50.1	106	36	 	 
3:43	2:39	13:01:09	7.3	0.9	44.6	2738	2697	0.99	40	1984	79.9	50.6	106	36	 	 
3:44	2:40	13:01:10	7.3	0.9	46.2	2832	2618	0.92	40	1961	77.9	51.9	106	36	 	 
3:46	2:42	13:01:12	7.1	0.9	42.8	2623	2457	0.94	32	2322	74.1	54.2	105	37	 	 
3:48	2:44	13:01:14	7.3	0.9	45.1	2768	2583	0.93	38	1991	74.7	53.9	106	36	 	 
3:50	2:46	13:01:16	7.3	0.9	42.0	2576	2412	0.94	32	2274	72.2	55.4	106	36	 	 
3:51	2:47	13:01:17	7.3	0.9	45.6	2797	2697	0.96	39	2058	79.7	50.8	106	36	 	 
3:53	2:49	13:01:19	7.3	0.9	39.8	2441	2355	0.96	39	1893	73.3	54.7	106	36	 	 
3:54	2:50	13:01:20	7.3	0.9	39.3	2408	2303	0.96	36	1889	68.7	57.6	106	36	 	 
3:56	2:52	13:01:22	7.3	0.9	43.5	2671	2530	0.95	39	1961	76.4	52.8	107	36	 	 
3:57	2:53	13:01:23	7.1	0.9	43.2	2649	2497	0.94	39	1985	78.4	51.6	107	35	 	 
3:59	2:55	13:01:25	7.3	0.9	42.3	2594	2381	0.92	40	1864	75.0	53.6	107	36	 	 
4:00	2:56	13:01:26	7.1	0.9	51.1	3134	2864	0.91	42	2095	88.5	45.3	106	36	 	 
4:02	2:58	13:01:28	7.3	0.9	46.7	2864	2626	0.92	40	1958	78.8	51.3	106	36	 	 
4:03	2:59	13:01:29	7.1	0.9	43.9	2691	2507	0.93	42	1857	77.4	52.2	106	36	 	 
4:05	3:01	13:01:31	7.1	0.9	40.6	2492	2412	0.97	41	1789	73.5	54.6	108	35	 	 
4:06	3:02	13:01:32	7.3	0.9	45.9	2813	2612	0.93	38	2037	76.4	52.8	103	38	 	 
4:08	3:04	13:01:34	7.3	0.9	43.8	2689	2450	0.91	36	2020	72.6	55.2	104	37	 	 
4:10	3:06	13:01:36	7.4	0.9	39.5	2422	2244	0.93	32	2037	65.7	59.4	103	38	 	 
4:11	3:07	13:01:37	7.3	0.9	44.0	2697	2447	0.91	43	1760	75.4	53.4	105	37	 	 
4:13	3:09	13:01:39	7.3	0.9	43.9	2693	2500	0.93	40	1870	74.8	53.8	104	37	 	 
4:14	3:10	13:01:40	7.3	0.9	45.5	2793	2593	0.93	38	2038	77.4	52.2	103	38	 	 
4:16	3:12	13:01:42	7.1	0.9	41.2	2524	2321	0.92	44	1737	77.2	52.3	108	35	 	 
4:17	3:13	13:01:43	7.1	0.9	49.7	3051	2816	0.92	43	1997	86.2	46.7	106	36	 	 
4:19	3:15	13:01:45	7.3	0.9	37.9	2326	2178	0.94	34	2124	72.4	55.2	109	34	 	 
4:20	3:16	13:01:46	7.1	0.9	41.7	2556	2375	0.93	38	1983	75.8	53.2	107	36	 	 
4:22	3:18	13:01:48	7.4	0.9	43.2	2651	2409	0.91	38	1831	69.1	57.3	103	38	 	 
4:24	3:20	13:01:50	7.1	0.9	46.6	2858	2552	0.89	39	1946	75.3	53.4	104	38	 	 
4:25	3:21	13:01:51	7.3	0.9	43.5	2670	2464	0.92	41	1800	73.5	54.6	105	37	 	 
4:26	3:22	13:01:52	7.1	0.9	37.2	2279	2108	0.93	47	1515	70.4	56.5	108	35	 	 
4:28	3:24	13:01:54	7.1	0.9	46.7	2861	2605	0.91	42	1934	80.6	50.2	106	36	 	 
4:29	3:25	13:01:55	7.4	0.9	46.5	2853	2622	0.92	41	1910	78.5	51.5	106	36	 	 
4:31	3:27	13:01:57	7.3	0.9	43.3	2653	2396	0.90	39	1835	71.5	55.8	105	37	 	 
4:33	3:29	13:01:59	7.1	0.9	41.1	2520	2341	0.93	23	2971	69.4	57.1	106	37	 	 
4:35	3:31	13:02:01	7.1	0.9	41.7	2555	2343	0.92	47	1576	73.9	54.4	107	36	 	 
4:36	3:32	13:02:02	7.1	0.9	40.5	2482	2310	0.93	45	1592	71.8	55.6	108	35	 	 
4:37	3:33	13:02:03	7.1	0.9	45.8	2807	2534	0.90	44	1763	78.4	51.6	106	36	 	 
4:39	3:35	13:02:05	7.1	0.9	40.4	2477	2298	0.93	34	1959	67.2	58.5	106	36	 	 
4:40	3:36	13:02:06	7.3	0.9	49.1	3013	2717	0.90	47	1796	83.5	48.4	106	36	 	 
4:42	3:38	13:02:08	7.4	0.9	47.1	2889	2694	0.93	42	1942	80.9	50.0	105	37	 	 
4:43	3:39	13:02:09	7.3	0.9	45.6	2799	2603	0.93	47	1787	83.8	48.2	108	35	 	 
4:44	3:40	13:02:10	7.3	0.9	42.8	2626	2541	0.97	43	1830	78.4	51.5	107	35	 	 
4:46	3:42	13:02:12	7.3	0.9	48.2	2956	2788	0.94	48	1830	87.8	45.7	108	35	 	 
4:47	3:43	13:02:13	7.1	0.9	39.8	2440	2405	0.99	44	1671	74.3	54.1	108	35	 	 
4:49	3:45	13:02:15	7.1	0.9	41.7	2559	2394	0.94	41	1812	74.5	54.0	107	36	 	 
4:50	3:46	13:02:16	7.1	0.9	45.5	2793	2611	0.93	40	1998	80.4	50.3	107	36	 	 
4:51	3:47	13:02:17	7.4	0.9	43.9	2694	2551	0.95	43	1769	76.9	52.5	106	37	 	 
4:53	3:49	13:02:19	7.4	0.9	43.7	2682	2480	0.92	37	1976	73.6	54.5	105	37	 	 
4:55	3:51	13:02:21	7.3	0.9	44.0	2700	2519	0.93	39	1889	74.6	53.9	105	37	 	 
4:56	3:52	13:02:22	7.1	0.9	43.2	2646	2504	0.95	39	1848	73.0	54.9	105	37	 	 
4:58	3:54	13:02:24	7.1	0.9	39.5	2423	2288	0.94	41	1667	68.0	58.0	104	38	 	 
5:00	3:56	13:02:26	7.1	0.9	20.4	1249	1260	1.01	22	1559	34.0	79.0	99	41	 	 
5:02	3:58	13:02:28	7.4	0.9	55.9	3427	2759	0.81	43	1775	76.6	52.7	99	40	 	 
5:03	3:59	13:02:29	7.3	0.9	58.2	3569	3002	0.84	36	2295	82.9	48.7	100	39	 	 
5:05	4:01	13:02:31	7.4	0.9	47.0	2884	2587	0.90	41	1846	76.4	52.8	105	36	 	 
5:06	4:02	13:02:32	7.3	0.9	42.1	2581	2503	0.97	40	1895	75.3	53.5	105	36	 	 
5:08	4:04	13:02:34	7.3	0.9	49.9	3058	2715	0.89	36	2150	78.2	51.7	101	39	 	 
5:09	4:05	13:02:35	7.1	0.9	38.4	2354	2092	0.89	47	1445	67.2	58.5	106	36	 	 
5:11	4:07	13:02:37	7.3	0.9	47.0	2882	2600	0.90	41	1941	79.2	51.0	105	37	 	 
5:12	4:08	13:02:38	7.3	0.9	51.7	3168	2930	0.92	43	2012	86.8	46.3	105	37	 	 
5:13	4:09	13:02:39	7.4	0.9	43.1	2642	2438	0.92	44	1772	78.8	51.3	109	35	 	 
5:15	4:11	13:02:41	7.3	0.9	40.8	2503	2491	1.00	49	1549	76.2	52.9	110	34	 	 
5:16	4:12	13:02:42	7.3	0.9	43.1	2641	2570	0.97	50	1554	77.7	52.0	106	37	 	 
5:17	4:13	13:02:43	7.1	0.9	41.2	2525	2390	0.95	38	1857	70.9	56.2	104	38	 	 
5:19	4:15	13:02:45	7.1	0.9	49.7	3046	2791	0.92	39	2063	80.4	50.3	104	38	 	 
5:20	4:16	13:02:46	7.3	0.9	43.4	2661	2463	0.93	46	1675	77.3	52.2	108	35	 	 
5:22	4:18	13:02:48	7.4	0.9	43.3	2655	2546	0.96	43	1836	78.7	51.4	107	36	 	 
5:23	4:19	13:02:49	7.4	0.9	46.4	2845	2703	0.95	47	1819	85.3	47.3	109	35	 	 
5:24	4:20	13:02:50	7.3	0.9	41.0	2512	2554	1.02	46	1700	78.5	51.5	108	36	 	 
5:26	4:22	13:02:52	7.3	0.9	36.4	2232	2274	1.02	42	1721	72.7	55.1	108	36	 	 
5:27	4:23	13:02:53	7.1	0.9	45.0	2760	2611	0.95	44	1718	75.8	53.2	104	38	 	 
5:29	4:25	13:02:55	7.3	0.9	39.6	2426	2355	0.97	40	1680	67.7	58.2	105	37	 	 
5:30	4:26	13:02:56	7.4	0.9	43.5	2669	2504	0.94	42	1756	73.7	54.5	105	37	 	 
5:31	4:27	13:02:57	7.3	0.9	52.5	3217	3067	0.95	48	1894	91.6	43.4	106	37	 	 
5:33	4:29	13:02:59	7.3	0.9	37.8	2320	2235	0.96	43	1732	73.7	54.4	110	34	 	 
5:35	4:31	13:03:01	7.3	0.9	44.9	2756	2621	0.95	25	2883	73.3	54.7	104	38	 	 
5:36	4:32	13:03:02	7.1	0.9	40.0	2451	2420	0.99	42	1805	75.2	53.5	108	36	 	 
5:38	4:34	13:03:04	7.1	0.9	39.2	2407	2246	0.93	38	1833	70.5	56.4	108	36	 	 
5:39	4:35	13:03:05	7.1	0.9	40.8	2499	2359	0.94	48	1524	73.7	54.4	107	36	 	 
5:41	4:37	13:03:07	7.1	0.9	45.1	2765	2610	0.94	43	1803	77.8	51.9	106	37	 	 
5:42	4:38	13:03:08	7.4	0.9	45.7	2801	2581	0.92	41	1847	76.4	52.8	105	37	 	 
5:44	4:40	13:03:10	7.4	0.9	42.7	2618	2407	0.92	41	1710	69.3	57.2	104	38	 	 
5:45	4:41	13:03:11	7.3	0.9	38.9	2384	2171	0.91	39	1685	66.1	59.2	105	37	 	 
5:47	4:43	13:03:13	7.3	0.9	44.4	2722	2472	0.91	39	1771	69.4	57.1	102	39	 	 
5:48	4:44	13:03:14	7.1	0.9	47.5	2910	2588	0.89	38	1945	74.8	53.8	103	38	 	 
5:50	4:46	13:03:16	7.1	0.9	39.6	2426	2249	0.93	42	1621	67.5	58.3	105	37	 	 
5:51	4:47	13:03:17	7.4	0.9	37.5	2298	2120	0.92	44	1499	65.6	59.4	107	36	 	 
5:53	4:49	13:03:19	7.1	0.9	50.8	3117	2798	0.90	34	2328	78.5	51.5	103	38	 	 
5:54	4:50	13:03:20	7.3	0.9	45.7	2802	2580	0.92	41	1774	72.4	55.3	103	38	 	 
5:56	4:52	13:03:22	7.1	0.9	42.6	2612	2389	0.91	39	1789	69.3	57.2	103	38	 	 
5:57	4:53	13:03:23	7.1	0.9	39.6	2430	2267	0.93	42	1616	68.3	57.8	106	36	 	 
5:58	4:54	13:03:24	7.1	0.9	50.0	3064	2884	0.94	48	1779	85.4	47.2	106	37	 	 
6:00	4:56	13:03:26	7.3	0.9	46.5	2854	2715	0.95	48	1803	86.5	46.5	108	35	 	 
6:01	4:57	13:03:27	7.4	0.9	39.0	2392	2272	0.95	51	1494	76.6	52.7	110	34	 	 
6:02	4:58	13:03:28	7.3	0.9	40.7	2493	2399	0.96	45	1623	73.2	54.8	107	36	 	 
6:03	4:59	13:03:29	7.3	0.9	46.2	2833	2640	0.93	48	1686	81.6	49.6	107	36	 	 
6:05	5:01	13:03:31	7.3	0.9	41.9	2568	2442	0.95	52	1517	78.4	51.5	108	35	 	 
6:06	5:02	13:03:32	7.1	0.9	44.6	2735	2652	0.97	56	1517	84.3	47.9	108	36	 	 
6:07	5:03	13:03:33	7.1	0.9	40.8	2503	2327	0.93	38	1832	69.1	57.3	105	37	 	 
6:09	5:05	13:03:35	7.1	0.9	43.9	2693	2539	0.94	40	1810	72.4	55.3	103	39	 	 
6:10	5:06	13:03:36	7.3	0.9	38.1	2339	2102	0.90	37	1702	63.1	61.0	105	37	 	 
6:12	5:08	13:03:38	7.3	0.9	38.9	2384	2145	0.90	38	1702	65.0	59.8	105	37	 	 
6:15	5:11	13:03:41	7.3	0.9	21.1	1296	1176	0.91	23	1416	32.1	80.2	101	40	 	 
6:16	5:12	13:03:42	7.1	0.9	63.8	3911	3204	0.82	42	1902	79.2	51.0	94	43	 	 
6:18	5:14	13:03:44	7.1	0.9	51.1	3135	2588	0.83	29	2349	69.1	57.3	98	40	 	 
6:20	5:16	13:03:46	7.4	0.9	49.0	3004	2577	0.86	33	2129	69.8	56.9	99	40	 	 
6:22	5:18	13:03:48	7.4	0.9	47.1	2889	2500	0.87	38	1831	70.0	56.8	101	38	 	 
6:23	5:19	13:03:49	7.4	0.9	45.3	2780	2554	0.92	43	1661	72.2	55.4	103	37	 	 
6:24	5:20	13:03:50	7.3	0.9	52.1	3194	2841	0.89	44	1898	83.7	48.2	104	38	 	 
6:26	5:22	13:03:52	7.1	0.9	47.4	2910	2689	0.92	41	1840	75.1	53.6	103	38	 	 
6:27	5:23	13:03:53	7.3	0.9	50.3	3083	2810	0.91	50	1757	87.9	45.7	107	36	 	 
6:28	5:24	13:03:54	7.1	0.9	43.2	2648	2481	0.94	41	1849	75.5	53.4	106	37	 	 
6:30	5:26	13:03:56	7.1	0.9	43.0	2639	2468	0.94	44	1756	77.5	52.1	108	36	 	 
6:31	5:27	13:03:57	7.1	0.9	44.9	2752	2581	0.94	41	1934	78.9	51.2	107	36	 	 
6:33	5:29	13:03:59	7.1	0.9	46.3	2839	2708	0.95	41	1902	77.6	52.0	104	38	 	 
6:34	5:30	13:04:00	7.3	0.9	40.6	2490	2462	0.99	43	1656	72.0	55.5	107	36	 	 
6:36	5:32	13:04:02	7.1	0.9	40.5	2484	2272	0.91	41	1696	69.7	56.9	106	37	 	 
6:37	5:33	13:04:03	7.3	0.9	49.4	3028	2878	0.95	43	1884	81.3	49.7	104	38	 	 
6:38	5:34	13:04:04	7.3	0.9	47.8	2933	2851	0.97	51	1728	87.9	45.7	107	36	 	 
6:39	5:35	13:04:05	7.3	0.9	45.2	2773	2756	0.99	50	1740	87.7	45.8	109	35	 	 
6:40	5:36	13:04:06	7.3	0.9	44.2	2711	2663	0.98	52	1651	86.2	46.8	110	35	 	 
6:42	5:38	13:04:08	7.3	0.9	42.6	2612	2545	0.97	51	1636	83.9	48.2	110	35	 	 
6:43	5:39	13:04:09	7.1	0.9	34.8	2133	2130	1.00	42	1605	67.8	58.1	110	34	 	 
6:44	5:40	13:04:10	7.4	0.9	42.0	2575	2369	0.92	50	1386	69.9	56.8	104	39	 	 
6:45	5:41	13:04:11	7.3	0.9	42.2	2588	2395	0.93	52	1441	74.6	53.9	107	37	 	 
6:46	5:42	13:04:12	7.3	0.9	45.9	2813	2646	0.94	59	1397	82.2	49.2	106	37	 	 
6:48	5:44	13:04:14	7.3	0.9	42.2	2589	2470	0.95	41	1779	72.1	55.4	104	38	 	 
6:50	5:46	13:04:16	7.1	0.9	43.7	2679	2464	0.92	37	1845	68.3	57.8	102	39	 	 
6:51	5:47	13:04:17	7.3	0.9	40.8	2505	2295	0.92	37	1778	66.2	59.1	102	39	 	 
6:53	5:49	13:04:19	7.1	0.9	45.2	2773	2463	0.89	40	1762	70.5	56.4	103	38	 	 
6:54	5:50	13:04:20	7.1	0.9	48.7	2985	2728	0.91	39	1935	75.9	53.1	102	39	 	 
6:56	5:52	13:04:22	7.1	0.9	38.1	2334	2170	0.93	42	1554	64.7	60.0	103	38	 	 
6:57	5:53	13:04:23	7.4	0.9	44.0	2700	2512	0.93	40	1785	71.9	55.6	104	38	 	 
6:59	5:55	13:04:25	7.3	0.9	37.5	2299	2053	0.89	39	1651	65.2	59.7	105	37	 	 
7:00	5:56	13:04:26	7.4	0.9	46.1	2830	2524	0.89	38	1890	70.9	56.2	101	39	 	 
7:02	5:58	13:04:28	7.3	0.9	50.6	3104	2750	0.89	38	1957	74.3	54.1	99	41	 	 
7:03	5:59	13:04:29	6.2	0.9	45.2	2772	2517	0.91	45	1673	76.0	53.0	104	37	 	 
7:04	6:00	13:04:30	4.8	0.9	44.2	2708	2532	0.94	44	1629	71.9	55.6	103	38	 	 
7:06	6:02	13:04:32	3.5	0.9	39.3	2408	2133	0.89	39	1577	62.3	61.5	103	38	 	 
7:08	6:04	13:04:34	2.7	0.9	28.6	1753	1622	0.93	28	1634	45.4	71.9	100	40	 	 
7:11	6:07	13:04:37	2.8	0.9	36.2	2219	1976	0.89	20	2607	51.5	68.2	99	41	 	 
7:13	6:09	13:04:39	2.8	0.9	34.1	2089	1859	0.89	31	1592	50.0	69.1	99	41	 	 
7:15	6:11	13:04:41	2.8	0.9	38.0	2328	2077	0.89	38	1517	57.6	64.4	100	40	 	 
7:16	6:12	13:04:42	2.9	0.9	36.8	2259	2044	0.91	37	1552	57.5	64.5	100	40	 	 
7:19	6:15	13:04:45	2.9	0.9	31.1	1905	1670	0.88	27	1619	43.8	73.0	98	42	 	 
7:20	6:16	13:04:46	2.9	0.9	35.1	2152	1904	0.88	31	1661	51.6	68.1	99	41	 	 
7:22	6:18	13:04:48	2.9	0.9	34.9	2142	1944	0.91	36	1523	54.1	66.6	101	40	 	 
7:24	6:20	13:04:50	2.8	0.9	35.4	2169	1959	0.90	37	1521	55.6	65.6	102	39	 	 
7:25	6:21	13:04:51	2.9	0.9	33.3	2041	1895	0.93	39	1417	54.8	66.1	102	39	 	 
7:27	6:23	13:04:53	2.9	0.9	31.1	1910	1841	0.96	38	1422	53.3	67.0	102	39	 	 
7:29	6:25	13:04:55	2.9	0.9	30.4	1866	1790	0.96	34	1501	51.5	68.2	103	39	 	 
7:30	6:26	13:04:56	2.9	0.9	27.8	1706	1656	0.97	35	1396	49.0	69.7	104	38	 	 
7:32	6:28	13:04:58	2.8	0.9	27.4	1680	1628	0.97	32	1465	46.8	71.1	104	39	 	 
7:34	6:30	13:05:00	2.8	0.9	27.5	1685	1610	0.96	32	1463	47.2	70.8	103	39	 	 
7:36	6:32	13:05:02	2.9	0.9	26.7	1637	1616	0.99	35	1358	47.1	70.9	106	38	 	 
7:37	6:33	13:05:03	2.9	0.9	29.6	1817	1816	1.00	39	1407	55.2	65.9	107	37	 	 
7:39	6:35	13:05:05	3.0	0.9	28.0	1715	1753	1.02	35	1542	53.5	66.9	108	37	 	 
7:41	6:37	13:05:07	2.8	0.9	24.1	1475	1544	1.05	35	1386	48.9	69.8	109	36	 	 
7:44	6:40	13:05:10	2.7	0.9	22.8	1396	1484	1.06	22	1947	43.1	73.4	109	37	 	 
7:45	6:41	13:05:11	2.9	0.9	22.0	1348	1425	1.06	31	1378	42.2	73.9	108	37	 	 
7:47	6:43	13:05:13	2.9	0.9	21.4	1315	1437	1.09	36	1221	44.1	72.7	109	36	 	 
7:51	6:47	13:05:17	2.9	0.9	9.9	606	651	1.07	15	1338	19.9	87.7	106	39	 	 
7:53	6:49	13:05:19	2.9	0.9	30.8	1891	1816	0.96	32	1549	50.0	69.1	102	40	 	 
7:55	6:51	13:05:21	2.9	0.9	26.0	1596	1596	1.00	32	1451	46.3	71.4	107	37	 	 
7:57	6:53	13:05:23	2.9	0.9	22.3	1369	1439	1.05	36	1254	45.0	72.2	109	36	 	 
7:58	6:54	13:05:24	2.7	0.9	22.3	1368	1442	1.05	34	1323	44.9	72.3	111	35	 	 
8:00	6:56	13:05:26	2.9	0.9	18.0	1104	1209	1.10	30	1281	38.4	76.2	111	35	 	 
8:02	6:58	13:05:28	2.9	0.9	18.9	1160	1272	1.10	34	1193	40.5	75.0	110	36	 	 
8:04	7:00	13:05:30	2.9	0.9	17.9	1095	1247	1.14	37	1099	40.5	75.0	111	35	 	 
8:05	7:01	13:05:31	2.8	0.9	19.3	1183	1327	1.12	42	1035	43.7	73.0	112	35	 	 
8:07	7:03	13:05:33	2.8	0.9	18.9	1160	1335	1.15	41	1090	44.2	72.7	112	34	 	 
8:08	7:04	13:05:34	2.8	0.9	16.0	982	1149	1.17	42	959	40.0	75.3	114	33	 	 
8:10	7:06	13:05:36	2.9	0.9	15.8	970	1081	1.11	30	1173	35.2	78.2	112	35	 	 
8:12	7:08	13:05:38	2.9	0.9	14.7	904	1014	1.12	30	1112	33.2	79.5	112	34	 	 
8:14	7:10	13:05:40	2.9	0.9	16.1	988	1113	1.13	32	1097	35.4	78.1	111	35	 	 
8:16	7:12	13:05:42	2.9	0.9	16.7	1025	1147	1.12	30	1189	36.0	77.7	111	35	 	 
8:18	7:14	13:05:44	2.9	0.9	13.2	808	887	1.10	26	1079	28.5	82.4	111	36	 	 
8:20	7:16	13:05:46	2.9	0.9	13.3	818	897	1.10	30	990	30.0	81.5	111	35	 	 
8:22	7:18	13:05:48	2.8	0.9	17.5	1073	1176	1.10	35	1078	37.4	76.9	110	35	 	 
8:24	7:20	13:05:50	2.9	0.9	14.1	864	911	1.05	29	1022	30.0	81.4	110	36	 	 
8:26	7:22	13:05:52	2.9	0.9	15.3	940	1004	1.07	29	1082	31.5	80.5	109	36	 	 
8:28	7:24	13:05:54	2.9	0.9	13.4	820	870	1.06	28	1012	28.1	82.6	109	36	 	 
8:31	7:27	13:05:57	2.9	0.9	16.5	1013	1050	1.04	25	1266	32.2	80.1	107	37	 	 
8:33	7:29	13:05:59	2.8	0.9	12.7	777	811	1.04	22	1170	25.9	84.0	109	36	 	 
8:36	7:32	13:06:02	2.9	0.9	14.4	880	913	1.04	27	1106	29.5	81.8	108	36	 	 
8:38	7:34	13:06:04	2.9	0.9	12.0	738	746	1.01	21	1075	22.7	86.0	106	38	 	 
8:42	7:38	13:06:08	2.9	0.9	7.5	461	444	0.96	16	859	13.5	91.6	100	41	 	 
8:44	7:40	13:06:10	2.9	0.9	20.7	1271	1206	0.95	32	1125	35.7	77.9	103	39	 	 
8:46	7:42	13:06:12	2.9	0.9	18.2	1114	1080	0.97	27	1221	32.9	79.7	106	36	 	 
8:48	7:44	13:06:14	2.7	0.9	17.3	1062	1066	1.00	29	1136	33.2	79.5	108	36	 	 
8:50	7:46	13:06:16	2.9	0.9	15.8	970	991	1.02	33	1035	34.1	78.9	110	35	 	 
8:52	7:48	13:06:18	2.9	0.9	15.8	970	1030	1.06	36	983	35.1	78.3	111	34	 	 
8:54	7:50	13:06:20	3.0	0.9	14.8	907	965	1.06	37	922	33.7	79.1	112	33	 	 
8:56	7:52	13:06:22	2.8	0.9	11.5	707	764	1.08	24	1098	26.8	83.4	113	33	 	 
8:58	7:54	13:06:24	2.9	0.9	10.6	652	726	1.11	27	977	26.1	83.9	110	35	 	 
9:00	7:56	13:06:26	2.9	0.9	15.6	955	1001	1.05	33	987	32.4	80.0	108	36	 	 
9:02	7:58	13:06:28	2.9	0.9	13.2	809	831	1.03	27	990	27.0	83.3	109	36	 	 
9:04	8:00	13:06:30	2.9	0.9	14.1	867	887	1.02	29	1003	29.2	81.9	108	36	 	 
9:06	8:02	13:06:32	2.9	0.9	17.5	1072	1088	1.02	31	1100	34.6	78.6	107	36	 	 
9:08	8:04	13:06:34	3.0	0.9	15.9	978	997	1.02	34	982	33.5	79.3	111	34	 	 
9:10	8:06	13:06:36	2.8	0.9	16.0	984	1029	1.05	39	891	34.9	78.4	110	34	 	 
9:11	8:07	13:06:37	2.9	0.9	15.8	967	1030	1.06	37	945	35.2	78.2	111	34	 	 
9:13	8:09	13:06:39	2.9	0.9	12.1	742	793	1.07	30	965	28.8	82.2	112	33	 	 
9:16	8:12	13:06:42	2.8	0.9	12.5	769	831	1.08	22	1276	27.5	83.0	110	35	 	 
9:18	8:14	13:06:44	2.9	0.9	13.8	849	859	1.01	27	1020	27.6	83.0	106	37	 	 
9:20	8:16	13:06:46	2.9	0.9	14.2	869	878	1.01	32	917	29.3	81.9	108	36	 	 
9:23	8:19	13:06:49	2.9	0.9	12.0	733	719	0.98	24	953	22.9	85.9	106	38	 	 
9:25	8:21	13:06:51	2.9	0.9	15.2	930	921	0.99	30	999	30.1	81.4	107	36	 	 
9:27	8:23	13:06:53	2.9	0.9	10.7	657	635	0.97	20	978	19.8	87.7	104	38	 	 
9:31	8:27	13:06:57	2.8	0.9	9.7	598	556	0.93	15	1078	16.5	89.8	101	40	 	 
9:33	8:29	13:06:59	2.9	0.9	17.3	1059	971	0.92	29	1008	29.6	81.7	103	38	 	 
9:35	8:31	13:07:01	2.9	0.9	19.3	1184	1100	0.93	30	1157	34.5	78.6	105	37	 	 
9:37	8:33	13:07:03	2.8	0.9	16.1	985	953	0.97	31	986	30.8	81.0	107	36	 	 
9:39	8:35	13:07:05	2.9	0.9	15.7	963	962	1.00	30	1052	31.6	80.5	109	35	 	 
9:42	8:38	13:07:08	2.9	0.9	12.3	752	754	1.00	27	956	25.4	84.3	109	35	 	 
9:44	8:40	13:07:10	2.9	0.9	14.9	915	921	1.01	32	954	30.3	81.3	109	35	 	 
9:46	8:42	13:07:12	2.7	0.9	13.8	848	865	1.02	24	1143	27.8	82.8	109	35	 	 
9:48	8:44	13:07:14	2.9	0.9	13.5	826	855	1.04	29	1005	29.0	82.1	109	35	 	 
9:50	8:46	13:07:16	2.9	0.9	12.8	785	807	1.03	29	940	26.9	83.4	109	36	 	 
9:52	8:48	13:07:18	2.8	0.9	12.9	789	832	1.05	34	850	28.6	82.3	109	35	 	 
9:54	8:50	13:07:20	2.8	0.9	12.2	751	796	1.06	31	859	26.8	83.4	110	35	 	 
9:56	8:52	13:07:22	2.9	0.9	9.1	558	574	1.03	36	626	22.6	86.0	109	34	 	 
9:58	8:54	13:07:24	2.9	0.9	11.8	721	739	1.02	28	926	25.6	84.2	110	35	 	 
10:00	8:56	13:07:26	2.8	0.9	12.3	753	729	0.97	24	948	22.4	86.2	104	38	 	 
10:02	8:58	13:07:28	2.9	0.9	12.3	755	721	0.95	27	825	22.6	86.0	105	37	 	 
10:04	9:00	13:07:30	4.3	0.9	14.0	856	817	0.96	30	878	25.9	84.0	105	37	 	 
10:07	9:03	13:07:33	6.2	0.9	15.8	968	917	0.95	20	1409	28.9	82.2	106	37	 	 
10:09	9:05	13:07:35	6.1	0.9	23.3	1426	1348	0.95	41	1018	42.1	74.0	104	38	 	 
10:10	9:06	13:07:36	6.1	0.9	24.2	1483	1420	0.96	42	1062	44.6	72.5	105	37	 	 
10:12	9:08	13:07:38	6.1	0.9	24.2	1487	1508	1.01	36	1320	47.7	70.5	107	36	 	 
10:14	9:10	13:07:40	6.1	0.9	25.4	1558	1573	1.01	38	1389	52.4	67.6	111	34	 	 
10:15	9:11	13:07:41	6.0	0.9	22.8	1398	1494	1.07	38	1312	49.8	69.2	112	33	 	 
10:17	9:13	13:07:43	6.1	0.9	20.4	1250	1398	1.12	38	1266	48.4	70.1	113	33	 	 
10:18	9:14	13:07:44	6.1	0.9	22.1	1353	1493	1.10	37	1352	49.4	69.4	113	34	 	 
10:22	9:18	13:07:48	6.1	0.9	21.8	1338	1558	1.16	18	2781	49.4	69.5	113	35	 	 
10:23	9:19	13:07:49	6.1	0.9	16.5	1013	1102	1.09	37	1021	38.0	76.5	111	36	 	 
10:25	9:21	13:07:51	6.2	0.9	19.1	1174	1230	1.05	40	1021	40.6	74.9	109	36	 	 
10:26	9:22	13:07:52	6.1	0.9	21.0	1286	1261	0.98	41	1032	41.8	74.1	106	37	 	 
10:28	9:24	13:07:54	6.1	0.9	23.1	1418	1357	0.96	34	1266	43.4	73.2	106	37	 	 
10:30	9:26	13:07:56	6.1	0.9	28.7	1760	1607	0.91	27	1712	45.9	71.7	103	38	 	 
10:32	9:28	13:07:58	6.1	0.9	29.8	1827	1653	0.90	39	1299	50.3	68.9	104	37	 	 
10:33	9:29	13:07:59	6.1	0.9	28.2	1730	1546	0.89	40	1161	46.8	71.1	103	37	 	 
10:35	9:31	13:08:01	6.0	0.9	28.2	1729	1723	1.00	37	1398	51.8	68.0	103	37	 	 
10:37	9:33	13:08:03	6.1	0.9	30.1	1848	1633	0.88	31	1525	47.4	70.7	102	37	 	 
10:38	9:34	13:08:04	6.0	0.9	28.4	1740	1571	0.90	40	1292	51.3	68.3	103	36	 	 
10:40	9:36	13:08:06	6.0	0.9	36.6	2243	1905	0.85	38	1471	55.8	65.5	100	38	 	 
10:41	9:37	13:08:07	6.0	0.9	36.8	2254	1851	0.82	43	1327	57.3	64.6	101	37	 	 
10:43	9:39	13:08:09	6.1	0.9	37.1	2277	1925	0.85	43	1317	57.2	64.6	101	37	 	 
10:44	9:40	13:08:10	6.1	0.9	36.3	2227	1848	0.83	43	1347	58.5	63.8	103	36	 	 
10:46	9:42	13:08:12	6.0	0.9	39.5	2421	2061	0.85	33	1811	59.4	63.3	100	38	 	 
10:48	9:44	13:08:14	6.0	0.9	35.3	2165	1850	0.85	39	1453	56.3	65.2	102	36	 	 
10:49	9:45	13:08:15	6.0	0.9	36.8	2255	1944	0.86	38	1502	57.4	64.5	101	38	 	 
10:51	9:47	13:08:17	6.1	0.9	33.1	2032	1814	0.89	40	1391	55.6	65.6	105	35	 	 
10:52	9:48	13:08:18	6.1	0.9	39.6	2429	2069	0.85	45	1414	63.3	60.9	102	37	 	 
10:53	9:49	13:08:19	6.0	0.9	29.2	1788	1606	0.90	42	1188	49.5	69.4	104	36	 	 
10:55	9:51	13:08:21	6.1	0.9	41.8	2561	2201	0.86	36	1721	61.8	61.8	99	39	 	 
10:56	9:52	13:08:22	6.2	0.9	30.7	1883	1655	0.88	43	1243	53.3	67.1	105	35	 	 
10:58	9:54	13:08:24	6.0	0.9	42.5	2609	2226	0.85	45	1430	65.0	59.8	100	38	 	 
10:59	9:55	13:08:25	6.0	0.9	37.3	2289	2165	0.95	48	1378	66.7	58.8	102	37	 	 
11:00	9:56	13:08:26	6.1	0.9	35.3	2163	1943	0.90	41	1411	58.4	63.9	103	36	 	 
11:02	9:58	13:08:28	6.0	0.9	40.0	2455	2122	0.86	45	1461	65.4	59.6	103	37	 	 
11:03	9:59	13:08:29	6.0	0.9	34.9	2139	1888	0.88	38	1511	58.1	64.1	103	37	 	 
11:05	10:01	13:08:31	6.1	0.9	38.9	2386	2100	0.88	40	1533	61.7	61.8	102	37	 	 
11:06	10:02	13:08:32	6.0	0.9	30.9	1898	1660	0.87	42	1313	55.1	66.0	106	35	 	 
11:08	10:04	13:08:34	6.1	0.9	39.9	2449	2149	0.88	32	1984	62.6	61.3	103	37	 	 
11:10	10:06	13:08:36	6.2	0.9	38.9	2388	2050	0.86	41	1553	63.0	61.1	103	37	 	 
11:11	10:07	13:08:37	6.0	0.9	32.6	2001	1840	0.92	44	1323	58.0	64.2	105	35	 	 
11:13	10:09	13:08:39	6.2	0.9	36.8	2255	2026	0.90	38	1541	59.3	63.4	103	37	 	 
11:14	10:10	13:08:40	6.2	0.9	41.2	2524	2222	0.88	36	1758	63.6	60.7	101	38	 	 
11:16	10:12	13:08:42	6.1	0.9	36.7	2249	2179	0.97	45	1549	69.4	57.1	105	36	 	 
11:17	10:13	13:08:43	6.1	0.9	39.9	2447	2231	0.91	39	1687	66.2	59.1	104	37	 	 
11:19	10:15	13:08:45	6.1	0.9	34.6	2125	1943	0.91	41	1441	59.2	63.4	104	37	 	 
11:20	10:16	13:08:46	6.0	0.9	37.1	2276	2115	0.93	41	1618	66.0	59.2	107	35	 	 
11:21	10:17	13:08:47	6.0	0.9	41.6	2554	2358	0.92	43	1684	73.2	54.7	105	36	 	 
11:23	10:19	13:08:49	6.0	0.9	40.7	2495	2344	0.94	38	1813	68.4	57.7	104	37	 	 
11:24	10:20	13:08:50	6.1	0.9	35.7	2187	2025	0.93	45	1449	65.4	59.6	108	35	 	 
11:27	10:23	13:08:53	6.0	0.9	33.7	2064	1951	0.95	27	2203	60.4	62.7	104	37	 	 
11:28	10:24	13:08:54	6.0	0.9	39.2	2402	2260	0.94	42	1543	65.2	59.7	104	37	 	 
11:29	10:25	13:08:55	6.1	0.9	43.1	2643	2528	0.96	49	1567	76.5	52.7	103	37	 	 
11:31	10:27	13:08:57	5.8	0.9	41.1	2517	2381	0.95	45	1719	77.0	52.4	107	35	 	 
11:32	10:28	13:08:58	6.2	0.9	39.2	2402	2202	0.92	37	1830	67.8	58.1	106	36	 	 
11:34	10:30	13:09:00	6.2	0.9	31.7	1944	1869	0.96	43	1351	58.7	63.7	107	35	 	 
11:35	10:31	13:09:01	6.2	0.9	36.8	2256	2173	0.96	38	1672	63.1	61.0	102	38	 	 
11:38	10:34	13:09:04	6.1	0.9	20.6	1263	1101	0.87	21	1450	31.0	80.9	93	45	 	 
11:40	10:36	13:09:06	6.2	0.9	55.2	3385	2723	0.80	39	1914	74.1	54.2	97	40	 	 
11:42	10:38	13:09:08	6.0	0.9	44.8	2748	2378	0.87	24	2835	68.6	57.6	102	38	 	 
11:43	10:39	13:09:09	6.1	0.9	36.9	2260	2100	0.93	45	1380	62.7	61.2	104	36	 	 
11:45	10:41	13:09:11	6.1	0.9	32.9	2016	1845	0.91	50	1235	61.7	61.9	107	35	 	 
11:46	10:42	13:09:12	6.2	0.9	46.2	2831	2513	0.89	47	1608	74.8	53.8	103	37	 	 
11:48	10:44	13:09:14	6.1	0.9	33.9	2077	1842	0.89	34	1521	51.6	68.1	101	39	 	 
11:49	10:45	13:09:15	6.1	0.9	38.5	2361	2052	0.87	34	1632	56.3	65.2	99	40	 	 
11:51	10:47	13:09:17	6.1	0.9	42.2	2589	2257	0.87	44	1515	67.3	58.4	103	37	 	 
11:52	10:48	13:09:18	6.1	0.9	41.2	2528	2216	0.88	40	1652	65.6	59.4	102	38	 	 
11:54	10:50	13:09:20	6.1	0.9	39.7	2435	2336	0.96	39	1740	68.7	57.5	104	37	 	 
11:55	10:51	13:09:21	6.2	0.9	35.8	2197	1950	0.89	45	1347	60.8	62.4	105	37	 	 
11:56	10:52	13:09:22	6.0	0.9	33.7	2067	1954	0.95	44	1335	58.9	63.6	105	36	 	 
11:58	10:54	13:09:24	6.0	0.9	40.4	2478	2287	0.92	44	1524	66.8	58.7	103	38	 	 
11:59	10:55	13:09:25	6.0	0.9	33.8	2072	1879	0.91	38	1444	54.9	66.1	101	39	 	 
12:01	10:57	13:09:27	6.0	0.9	40.9	2511	2219	0.88	37	1662	61.2	62.2	101	39	 	 
12:03	10:59	13:09:29	6.1	0.9	41.7	2558	2286	0.89	37	1746	65.1	59.8	102	38	 	 
12:05	11:01	13:09:31	6.1	0.9	35.9	2202	2007	0.91	30	1980	59.7	63.1	106	36	 	 
12:06	11:02	13:09:32	6.0	0.9	39.7	2435	2222	0.91	37	1760	64.4	60.2	103	38	 	 
12:08	11:04	13:09:34	6.2	0.9	35.5	2180	1950	0.89	36	1627	58.1	64.1	104	37	 	 
12:09	11:05	13:09:35	6.1	0.9	39.1	2397	2235	0.93	43	1481	63.9	60.5	103	38	 	 
12:11	11:07	13:09:37	6.0	0.9	34.4	2111	1871	0.89	37	1425	53.1	67.2	102	39	 	 
12:12	11:08	13:09:38	6.1	0.9	42.6	2610	2365	0.91	38	1858	70.5	56.4	104	37	 	 
12:14	11:10	13:09:40	6.0	0.9	37.3	2285	2142	0.94	37	1750	65.2	59.7	106	36	 	 
12:16	11:12	13:09:42	6.1	0.9	36.5	2236	2061	0.92	41	1562	63.7	60.6	105	37	 	 
12:17	11:13	13:09:43	6.0	0.9	37.0	2272	2162	0.95	31	2042	64.2	60.3	105	37	 	 
12:19	11:15	13:09:45	6.0	0.9	34.6	2120	2007	0.95	38	1519	58.1	64.1	104	38	 	 
12:21	11:17	13:09:47	6.0	0.9	35.8	2198	1995	0.91	40	1423	57.3	64.6	102	39	 	 
12:22	11:18	13:09:48	6.1	0.9	39.1	2396	2194	0.92	39	1618	62.6	61.3	103	38	 	 
12:24	11:20	13:09:50	6.1	0.9	36.1	2212	2039	0.92	38	1555	59.4	63.3	103	38	 	 
12:25	11:21	13:09:51	6.2	0.9	35.9	2202	2111	0.96	40	1553	62.5	61.4	105	36	 	 
12:27	11:23	13:09:53	6.2	0.9	38.4	2357	2170	0.92	41	1585	65.2	59.7	106	36	 	 
12:28	11:24	13:09:54	6.1	0.9	38.6	2364	2171	0.92	42	1570	65.4	59.6	104	37	 	 
12:30	11:26	13:09:56	6.2	0.9	35.1	2151	1990	0.93	40	1511	60.0	62.9	104	37	 	 
12:31	11:27	13:09:57	6.1	0.9	38.1	2336	2145	0.92	40	1618	65.2	59.7	104	37	 	 
12:32	11:28	13:09:58	6.2	0.9	39.6	2426	2180	0.90	42	1519	64.2	60.3	102	38	 	 
12:34	11:30	13:10:00	6.0	0.9	37.7	2311	2098	0.91	39	1582	61.6	61.9	102	38	 	 
12:36	11:32	13:10:02	6.1	0.9	36.0	2207	2106	0.95	39	1576	62.2	61.6	104	37	 	 
12:37	11:33	13:10:03	6.1	0.9	38.4	2356	2452	1.04	47	1604	74.6	53.9	106	36	 	 
12:38	11:34	13:10:04	6.1	0.9	40.7	2499	2384	0.95	38	1874	70.3	56.6	106	37	 	 
12:40	11:36	13:10:06	6.1	0.9	34.5	2117	2043	0.97	47	1391	65.7	59.4	109	35	 	 
12:42	11:38	13:10:08	6.0	0.9	32.9	2018	1976	0.98	23	2498	57.6	64.4	107	37	 	 
12:44	11:40	13:10:10	6.1	0.9	35.5	2179	2078	0.95	36	1587	57.7	64.3	103	39	 	 
12:45	11:41	13:10:11	6.1	0.9	39.2	2402	2147	0.89	52	1225	63.4	60.8	102	39	 	 
12:46	11:42	13:10:12	6.1	0.9	32.7	2002	1938	0.97	47	1264	59.7	63.1	106	36	 	 
12:48	11:44	13:10:14	6.0	0.9	41.3	2533	2250	0.89	42	1542	64.7	60.0	102	38	 	 
12:50	11:46	13:10:16	6.0	0.9	34.1	2094	1886	0.90	34	1605	55.0	66.0	103	38	 	 
12:51	11:47	13:10:17	6.1	0.9	31.9	1957	1797	0.92	35	1533	54.1	66.6	105	37	 	 
12:53	11:49	13:10:19	6.0	0.9	45.0	2762	2509	0.91	45	1627	74.0	54.3	102	38	 	 
12:54	11:50	13:10:20	6.1	0.9	37.8	2320	2188	0.94	40	1584	63.8	60.6	103	38	 	 
12:55	11:51	13:10:21	6.1	0.9	41.2	2525	2296	0.91	44	1611	71.6	55.7	105	36	 	 
12:57	11:53	13:10:23	6.0	0.9	35.4	2172	2060	0.95	41	1502	62.2	61.6	105	37	 	 
12:58	11:54	13:10:24	6.1	0.9	41.5	2543	2312	0.91	46	1563	71.6	55.8	105	36	 	 
13:00	11:56	13:10:26	6.1	0.9	34.6	2124	1987	0.94	41	1508	61.6	61.9	105	37	 	 
13:01	11:57	13:10:27	6.0	0.9	36.0	2205	2056	0.93	45	1452	65.5	59.5	106	36	 	 
13:02	11:58	13:10:28	6.0	0.9	36.9	2262	2136	0.94	43	1452	63.1	61.0	104	37	 	 
13:04	12:00	13:10:30	4.8	0.9	38.2	2344	2151	0.92	50	1312	65.1	59.8	103	38	 	 
13:05	12:01	13:10:31	4.0	0.9	37.9	2324	2121	0.91	46	1391	64.2	60.3	105	36	 	 
13:06	12:02	13:10:32	4.2	0.9	37.3	2289	2177	0.95	43	1515	64.5	60.2	104	37	 	 
13:08	12:04	13:10:34	4.3	0.9	32.5	1994	1976	0.99	46	1319	60.4	62.7	106	36	 	 
13:09	12:05	13:10:35	4.3	0.9	22.7	1394	1419	1.02	61	763	46.7	71.1	106	36	 	 
13:10	12:06	13:10:36	4.3	0.9	39.7	2435	2162	0.89	42	1439	59.9	63.0	99	40	 	 
13:12	12:08	13:10:38	4.3	0.9	32.4	1985	1795	0.90	37	1427	52.9	67.3	102	38	 	 
13:13	12:09	13:10:39	4.3	0.9	39.0	2390	2118	0.89	39	1616	62.5	61.4	102	38	 	 
13:15	12:11	13:10:41	4.3	0.9	37.3	2287	2092	0.91	41	1481	60.0	62.9	103	37	 	 
13:16	12:12	13:10:42	4.5	0.9	35.0	2148	1991	0.93	38	1494	56.7	64.9	101	39	 	 
13:18	12:14	13:10:44	4.3	0.9	36.1	2214	2045	0.92	39	1476	57.9	64.2	102	38	 	 
13:19	12:15	13:10:45	4.5	0.9	33.4	2050	1959	0.96	42	1389	57.9	64.2	104	37	 	 
13:21	12:17	13:10:47	4.3	0.9	35.8	2196	2066	0.94	41	1463	59.7	63.1	102	38	 	 
13:22	12:18	13:10:48	4.3	0.9	32.9	2015	1943	0.96	36	1521	54.6	66.2	101	39	 	 
13:24	12:20	13:10:50	4.3	0.9	32.5	1995	1956	0.98	49	1190	58.5	63.8	105	37	 	 
13:25	12:21	13:10:51	4.3	0.9	34.6	2121	1921	0.91	39	1416	54.8	66.1	101	39	 	 
13:30	12:26	13:10:56	4.3	0.9	21.9	1342	1208	0.90	12	2628	31.1	80.8	90	47	 	 
13:32	12:28	13:10:58	4.3	0.9	45.8	2810	2356	0.84	35	1713	60.5	62.6	95	42	 	 
13:34	12:30	13:11:00	4.3	0.9	43.5	2669	2300	0.86	33	1890	62.7	61.3	98	40	 	 
13:35	12:31	13:11:01	4.3	0.9	39.1	2399	2123	0.89	41	1524	62.2	61.5	101	38	 	 
13:37	12:33	13:11:03	4.3	0.9	35.3	2165	1971	0.91	44	1378	60.8	62.4	106	36	 	 
13:38	12:34	13:11:04	4.3	0.9	33.7	2069	1985	0.96	46	1289	59.0	63.5	106	36	 	 
13:39	12:35	13:11:05	4.3	0.9	35.5	2177	2046	0.94	38	1561	58.9	63.6	104	38	 	 
13:41	12:37	13:11:07	4.3	0.9	30.3	1858	1765	0.95	33	1605	52.3	67.7	105	37	 	 
13:43	12:39	13:11:09	4.3	0.9	33.7	2069	1983	0.96	40	1426	56.7	65.0	103	38	 	 
13:44	12:40	13:11:10	4.3	0.9	36.0	2210	2115	0.96	41	1561	64.6	60.1	107	36	 	 
13:46	12:42	13:11:12	4.3	0.9	35.0	2148	2102	0.98	38	1581	59.3	63.4	105	38	 	 
13:47	12:43	13:11:13	4.3	0.9	30.0	1843	1820	0.99	42	1308	54.9	66.1	107	36	 	 
13:49	12:45	13:11:15	4.3	0.9	32.4	1984	1872	0.94	37	1453	53.5	67.0	103	39	 	 
13:51	12:47	13:11:17	4.3	0.9	30.2	1855	1773	0.96	35	1470	51.9	67.9	104	38	 	 
13:52	12:48	13:11:18	4.3	0.9	32.2	1977	1951	0.99	38	1466	56.4	65.1	104	38	 	 
13:54	12:50	13:11:20	4.3	0.9	29.7	1824	1747	0.96	34	1448	49.9	69.1	102	39	 	 
13:56	12:52	13:11:22	4.3	0.9	34.6	2124	1992	0.94	28	1983	55.1	66.0	102	39	 	 
13:58	12:54	13:11:24	4.3	0.9	28.1	1725	1685	0.98	36	1341	48.8	69.9	104	38	 	 
13:59	12:55	13:11:25	4.3	0.9	25.2	1548	1463	0.94	38	1217	45.9	71.6	105	37	 	 
14:01	12:57	13:11:27	4.3	0.9	35.9	2201	2047	0.93	34	1698	57.6	64.4	101	39	 	 
14:03	12:59	13:11:29	4.3	0.9	28.4	1743	1610	0.92	33	1409	46.7	71.1	104	38	 	 
14:04	13:00	13:11:30	4.3	0.9	31.6	1940	1866	0.96	38	1428	53.9	66.7	104	38	 	 
14:06	13:02	13:11:32	4.3	0.9	29.3	1797	1759	0.98	38	1346	51.8	68.0	105	37	 	 
14:08	13:04	13:11:34	4.3	0.9	30.1	1847	1744	0.94	36	1357	49.3	69.5	103	38	 	 
14:10	13:06	13:11:36	4.3	0.9	30.2	1852	1655	0.89	32	1461	47.1	70.9	99	41	 	 
14:11	13:07	13:11:37	4.3	0.9	31.1	1905	1797	0.94	39	1320	52.1	67.8	103	38	 	 
14:12	13:08	13:11:38	4.3	0.9	32.0	1961	1879	0.96	45	1219	54.6	66.3	102	38	 	 
14:14	13:10	13:11:40	4.3	0.9	31.2	1912	1949	1.02	41	1410	58.4	63.9	106	36	 	 
14:15	13:11	13:11:41	4.3	0.9	36.4	2231	2165	0.97	41	1560	63.7	60.6	105	37	 	 
14:17	13:13	13:11:43	4.3	0.9	29.1	1784	1745	0.98	35	1489	52.3	67.7	104	38	 	 
14:19	13:15	13:11:45	4.3	0.9	32.6	2000	1931	0.97	35	1617	56.1	65.3	106	36	 	 
14:20	13:16	13:11:46	4.3	0.9	29.5	1808	1845	1.02	41	1374	55.7	65.6	107	36	 	 
14:22	13:18	13:11:48	4.3	0.9	35.0	2146	2212	1.03	46	1424	65.2	59.7	106	37	 	 
14:23	13:19	13:11:49	4.3	0.9	31.0	1903	1960	1.03	38	1522	58.2	64.0	107	37	 	 
14:24	13:20	13:11:50	4.3	0.9	28.8	1764	1778	1.01	45	1210	55.0	66.0	105	38	 	 
14:26	13:22	13:11:52	4.3	0.9	30.3	1855	1829	0.99	43	1278	55.2	65.9	106	37	 	 
14:28	13:24	13:11:54	4.3	0.9	29.1	1785	1703	0.95	36	1346	48.9	69.7	103	38	 	 
14:29	13:25	13:11:55	4.3	0.9	28.4	1741	1702	0.98	37	1345	50.1	69.0	105	37	 	 
14:31	13:27	13:11:57	4.3	0.9	25.3	1553	1537	0.99	42	1149	48.2	70.2	106	36	 	 
14:32	13:28	13:11:58	4.3	0.9	27.3	1672	1664	1.00	42	1211	50.8	68.6	105	37	 	 
14:33	13:29	13:11:59	4.3	0.9	35.9	2203	2082	0.95	46	1381	63.2	60.9	105	37	 	 
14:35	13:31	13:12:01	4.3	0.9	34.3	2106	2020	0.96	38	1526	57.6	64.4	103	38	 	 
14:37	13:33	13:12:03	4.3	0.9	30.2	1853	1880	1.01	33	1686	55.3	65.8	107	36	 	 
14:38	13:34	13:12:04	4.3	0.9	31.1	1906	1862	0.98	37	1555	57.2	64.6	107	36	 	 
14:40	13:36	13:12:06	4.3	0.9	29.7	1821	1829	1.00	37	1483	55.3	65.9	106	37	 	 
14:42	13:38	13:12:08	4.3	0.9	21.7	1334	1328	1.00	38	1071	41.2	74.5	107	36	 	 
14:43	13:39	13:12:09	4.3	0.9	27.6	1693	1652	0.98	37	1324	49.3	69.5	105	38	 	 
14:45	13:41	13:12:11	4.3	0.9	30.5	1868	1839	0.98	36	1503	54.7	66.2	105	37	 	 
14:46	13:42	13:12:12	4.3	0.9	28.3	1733	1660	0.96	35	1405	49.6	69.4	104	38	 	 
14:48	13:44	13:12:14	4.3	0.9	25.6	1570	1588	1.01	38	1256	48.3	70.1	105	37	 	 
14:50	13:46	13:12:16	4.5	0.9	36.9	2260	2089	0.92	41	1484	60.6	62.6	102	39	 	 
14:51	13:47	13:12:17	4.3	0.9	30.5	1869	1786	0.96	37	1407	52.4	67.6	103	38	 	 
14:53	13:49	13:12:19	4.3	0.9	29.2	1790	1760	0.98	37	1433	53.1	67.2	104	37	 	 
14:54	13:50	13:12:20	4.3	0.9	27.6	1691	1742	1.03	40	1288	51.9	67.9	106	37	 	 
14:56	13:52	13:12:22	4.3	0.9	32.1	1966	1916	0.97	43	1372	59.2	63.4	105	37	 	 
14:57	13:53	13:12:23	4.3	0.9	28.8	1765	1681	0.95	36	1437	51.0	68.5	105	37	 	 
14:59	13:55	13:12:25	4.3	0.9	31.7	1945	1867	0.96	37	1467	54.7	66.2	104	38	 	 
15:01	13:57	13:12:27	4.5	0.9	29.8	1824	1795	0.98	38	1402	52.6	67.5	105	37	 	 
15:02	13:58	13:12:28	4.3	0.9	30.5	1873	1773	0.95	36	1440	52.4	67.6	104	38	 	 
15:04	14:00	13:12:30	4.3	0.9	22.8	1401	1430	1.02	41	1064	43.4	73.2	107	36	 	 
15:05	14:01	13:12:31	4.3	0.9	31.8	1948	1838	0.94	44	1214	53.2	67.1	102	39	 	 
15:07	14:03	13:12:33	4.3	0.9	28.4	1739	1723	0.99	37	1357	50.3	68.9	102	39	 	 
15:08	14:04	13:12:34	4.3	0.9	32.4	1988	1865	0.94	36	1471	53.5	66.9	101	39	 	 
15:10	14:06	13:12:36	4.5	0.9	26.6	1631	1571	0.96	37	1304	48.3	70.1	106	36	 	 
15:12	14:08	13:12:38	4.3	0.9	29.5	1808	1716	0.95	35	1441	50.0	69.1	101	39	 	 
15:13	14:09	13:12:39	4.3	0.9	29.8	1830	1756	0.96	39	1303	51.1	68.4	105	37	 	 
15:15	14:11	13:12:41	4.3	0.9	31.1	1908	1804	0.95	34	1525	52.0	67.9	102	39	 	 
15:16	14:12	13:12:42	4.3	0.9	36.3	2229	2095	0.94	41	1455	59.8	63.1	104	38	 	 
15:18	14:14	13:12:44	4.3	0.9	25.3	1554	1453	0.94	32	1289	41.8	74.2	102	38	 	 
15:20	14:16	13:12:46	4.3	0.9	32.3	1984	1801	0.91	35	1498	51.9	67.9	102	39	 	 
15:22	14:18	13:12:48	4.3	0.9	29.6	1815	1665	0.92	36	1382	49.7	69.3	104	37	 	 
15:23	14:19	13:12:49	4.3	0.9	28.8	1765	1704	0.97	41	1251	50.7	68.7	105	37	 	 
15:25	14:21	13:12:51	4.3	0.9	31.0	1900	1840	0.97	39	1370	54.1	66.6	104	38	 	 
15:26	14:22	13:12:52	4.3	0.9	26.4	1622	1575	0.97	39	1221	48.2	70.2	106	37	 	 
15:28	14:24	13:12:54	4.3	0.9	29.0	1776	1757	0.99	38	1378	51.7	68.1	105	37	 	 
15:30	14:26	13:12:56	4.3	0.9	31.1	1908	1821	0.95	34	1549	52.5	67.6	102	39	 	 
15:33	14:29	13:12:59	4.3	0.9	17.7	1085	954	0.88	18	1490	26.5	83.6	93	45	 	 
15:36	14:32	13:13:02	4.3	0.9	39.9	2447	2200	0.90	20	2831	57.8	64.3	100	40	 	 
15:38	14:34	13:13:04	4.3	0.9	34.1	2093	1906	0.91	36	1525	54.8	66.1	102	38	 	 
15:39	14:35	13:13:05	4.3	0.9	34.8	2133	1995	0.94	39	1525	59.0	63.5	103	38	 	 
15:41	14:37	13:13:07	4.3	0.9	33.8	2076	2008	0.97	32	1831	57.8	64.3	104	38	 	 
15:43	14:39	13:13:09	4.3	0.9	25.9	1589	1543	0.97	37	1272	47.1	70.9	103	38	 	 
15:44	14:40	13:13:10	4.3	0.9	29.1	1787	1717	0.96	43	1215	52.4	67.6	105	37	 	 
15:46	14:42	13:13:12	4.3	0.9	25.0	1532	1421	0.93	32	1275	40.7	74.8	102	39	 	 
15:47	14:43	13:13:13	4.3	0.9	34.0	2085	1879	0.90	39	1396	54.1	66.6	102	39	 	 
15:49	14:45	13:13:15	4.5	0.9	29.2	1792	1712	0.96	39	1315	50.9	68.5	105	37	 	 
15:51	14:47	13:13:17	4.3	0.9	32.4	1987	1898	0.96	38	1456	54.9	66.0	104	38	 	 
15:52	14:48	13:13:18	4.3	0.9	37.0	2267	2093	0.92	36	1727	62.0	61.7	103	39	 	 
15:54	14:50	13:13:20	4.3	0.9	34.1	2091	1969	0.94	38	1520	58.5	63.9	105	38	 	 
15:55	14:51	13:13:21	4.3	0.9	32.0	1962	1923	0.98	39	1492	57.7	64.3	106	37	 	 
15:57	14:53	13:13:23	4.3	0.9	25.0	1534	1625	1.06	41	1259	51.4	68.2	108	36	 	 
15:58	14:54	13:13:24	4.5	0.9	28.7	1763	1758	1.00	38	1384	52.2	67.7	104	38	 	 
16:00	14:56	13:13:26	4.3	0.9	31.1	1910	1858	0.97	37	1486	54.4	66.4	102	39	 	 
16:01	14:57	13:13:27	4.3	0.9	34.0	2083	2023	0.97	42	1426	60.3	62.8	105	37	 	 
16:03	14:59	13:13:29	4.3	0.9	27.2	1667	1772	1.06	43	1248	53.9	66.7	106	37	 	 
16:04	15:00	13:13:30	4.5	0.9	30.9	1893	1943	1.03	45	1297	58.5	63.8	105	38	 	 
16:06	15:02	13:13:32	4.5	0.9	31.3	1920	1908	0.99	37	1545	57.2	64.6	105	38	 	 
16:07	15:03	13:13:33	4.3	0.9	30.9	1896	1959	1.03	43	1383	59.3	63.4	106	37	 	 
16:09	15:05	13:13:35	4.5	0.9	29.9	1835	1853	1.01	39	1407	54.5	66.3	105	38	 	 
16:10	15:06	13:13:36	4.5	0.9	29.8	1826	1831	1.00	42	1273	53.8	66.7	106	37	 	 
16:12	15:08	13:13:38	4.3	0.9	32.7	2004	2025	1.01	40	1461	58.4	63.9	104	38	 	 
16:13	15:09	13:13:39	4.3	0.9	32.1	1967	2001	1.02	43	1400	59.6	63.2	107	37	 	 
16:15	15:11	13:13:41	4.5	0.9	29.6	1813	1782	0.98	32	1550	49.5	69.4	103	39	 	 
16:17	15:13	13:13:43	4.5	0.9	19.9	1218	1196	0.98	26	1340	34.8	78.5	103	39	 	 
16:19	15:15	13:13:45	4.6	0.9	35.3	2166	2006	0.93	45	1328	59.9	63.0	103	39	 	 
16:20	15:16	13:13:46	4.7	0.9	34.4	2110	1990	0.94	39	1429	56.4	65.2	103	39	 	 
16:22	15:18	13:13:48	4.7	0.9	32.8	2009	1953	0.97	38	1511	57.0	64.8	103	38	 	 
16:23	15:19	13:13:49	4.7	0.9	31.6	1936	1943	1.00	40	1435	57.8	64.3	107	36	 	 
16:25	15:21	13:13:51	4.7	0.9	29.3	1797	1715	0.95	34	1368	46.1	71.5	101	40	 	 
16:26	15:22	13:13:52	4.7	0.9	35.2	2160	2100	0.97	45	1421	64.1	60.4	107	36	 	 
16:28	15:24	13:13:54	4.7	0.9	30.4	1867	1897	1.02	42	1352	56.3	65.2	106	37	 	 
16:29	15:25	13:13:55	4.7	0.9	33.5	2052	2222	1.08	46	1402	64.7	60.0	105	38	 	 
16:31	15:27	13:13:57	4.6	0.9	29.5	1809	1826	1.01	41	1325	54.1	66.6	107	36	 	 
16:32	15:28	13:13:58	4.6	0.9	30.5	1873	1934	1.03	44	1313	57.9	64.2	107	36	 	 
16:33	15:29	13:13:59	4.8	0.9	32.7	2003	2017	1.01	41	1528	62.0	61.7	107	36	 	 
16:35	15:31	13:14:01	4.8	0.9	35.1	2150	2114	0.98	42	1472	62.2	61.6	106	38	 	 
16:36	15:32	13:14:02	4.8	0.9	26.3	1610	1687	1.05	39	1340	52.5	67.5	107	36	 	 
16:38	15:34	13:14:04	4.8	0.9	29.2	1792	1824	1.02	37	1485	54.7	66.2	108	36	 	 
16:39	15:35	13:14:05	4.8	0.9	29.5	1811	1868	1.03	39	1392	54.9	66.0	107	37	 	 
16:41	15:37	13:14:07	4.8	0.9	35.6	2185	2200	1.01	45	1440	64.5	60.2	105	38	 	 
16:42	15:38	13:14:08	4.8	0.9	34.3	2102	2102	1.00	44	1439	63.9	60.5	108	36	 	 
16:44	15:40	13:14:10	4.8	0.9	29.8	1830	1900	1.04	40	1455	57.8	64.3	107	36	 	 
16:45	15:41	13:14:11	4.8	0.9	33.7	2069	2093	1.01	47	1353	62.9	61.1	106	37	 	 
16:46	15:42	13:14:12	4.8	0.9	30.5	1871	1937	1.04	42	1396	59.0	63.5	109	35	 	 
16:48	15:44	13:14:14	5.0	0.9	30.5	1869	1936	1.04	45	1306	58.9	63.6	109	35	 	 
16:49	15:45	13:14:15	5.1	0.9	31.2	1913	2061	1.08	51	1209	62.0	61.7	107	37	 	 
16:50	15:46	13:14:16	4.8	0.9	34.6	2123	2121	1.00	38	1648	62.6	61.3	107	37	 	 
16:52	15:48	13:14:18	4.8	0.9	32.2	1974	1990	1.01	35	1636	57.7	64.3	107	37	 	 
16:54	15:50	13:14:20	4.8	0.9	35.9	2200	2256	1.03	44	1478	65.7	59.4	106	37	 	 
16:55	15:51	13:14:21	5.0	0.9	31.3	1918	1923	1.00	45	1384	62.5	61.4	109	35	 	 
16:58	15:54	13:14:24	5.0	0.9	14.3	878	868	0.99	19	1291	24.8	84.7	99	43	 	 
16:59	15:55	13:14:25	5.0	0.9	48.1	2950	2639	0.89	47	1505	71.1	56.1	100	41	 	 
17:01	15:57	13:14:27	4.8	0.9	35.3	2167	2019	0.93	42	1357	56.9	64.8	103	38	 	 
17:02	15:58	13:14:28	4.8	0.9	41.3	2535	2346	0.93	45	1523	68.7	57.5	103	38	 	 
17:03	15:59	13:14:29	5.2	0.9	34.3	2106	2019	0.96	43	1421	61.8	61.8	107	36	 	 
17:05	16:01	13:14:31	5.2	0.9	31.8	1951	1981	1.02	43	1422	60.9	62.3	107	36	 	 
17:06	16:02	13:14:32	5.2	0.9	37.6	2308	2262	0.98	46	1525	70.4	56.5	107	36	 	 
17:08	16:04	13:14:34	5.2	0.9	28.8	1764	1805	1.02	41	1357	55.8	65.5	108	36	 	 
17:09	16:05	13:14:35	5.3	0.9	36.4	2235	2270	1.02	46	1464	67.1	58.6	106	37	 	 
17:10	16:06	13:14:36	5.3	0.9	30.2	1852	1934	1.04	41	1422	58.8	63.6	108	36	 	 
17:12	16:08	13:14:38	5.2	0.9	34.7	2125	2115	1.00	44	1378	61.3	62.1	104	38	 	 
17:13	16:09	13:14:39	5.3	0.9	33.3	2041	2006	0.98	42	1489	62.5	61.4	108	36	 	 
17:14	16:10	13:14:40	5.2	0.9	34.2	2100	2130	1.01	52	1353	70.0	56.8	109	35	 	 
17:15	16:11	13:14:41	5.2	0.9	34.4	2109	2132	1.01	50	1280	63.5	60.8	107	36	 	 
17:18	16:14	13:14:44	5.3	0.9	36.9	2261	2299	1.02	27	2425	64.7	60.0	106	38	 	 
17:19	16:15	13:14:45	5.5	0.9	36.4	2230	2223	1.00	48	1430	69.2	57.2	107	37	 	 
17:20	16:16	13:14:46	5.5	0.9	33.7	2068	2132	1.03	48	1422	68.2	57.8	108	36	 	 
17:21	16:17	13:14:47	5.3	0.9	34.3	2101	2098	1.00	51	1332	67.7	58.1	109	35	 	 
17:23	16:19	13:14:49	5.3	0.9	29.9	1831	1845	1.01	48	1298	61.8	61.8	110	35	 	 
17:24	16:20	13:14:50	5.3	0.9	33.4	2047	2073	1.01	49	1386	67.6	58.2	109	35	 	 
17:25	16:21	13:14:51	5.3	0.9	34.8	2133	2175	1.02	48	1410	67.7	58.2	109	35	 	 
17:26	16:22	13:14:52	5.3	0.9	28.4	1741	1798	1.03	46	1329	60.9	62.4	110	34	 	 
17:29	16:25	13:14:55	5.3	0.9	34.4	2111	2123	1.01	28	2120	59.2	63.4	105	38	 	 
17:30	16:26	13:14:56	5.3	0.9	31.6	1938	1923	0.99	46	1277	58.5	63.8	105	38	 	 
17:31	16:27	13:14:57	5.3	0.9	29.7	1819	1831	1.01	41	1317	53.4	67.0	106	37	 	 
17:33	16:29	13:14:59	5.5	0.9	34.5	2118	1895	0.89	34	1561	52.9	67.3	102	40	 	 
17:35	16:31	13:15:01	5.5	0.9	33.5	2057	1936	0.94	41	1385	57.3	64.6	103	38	 	 
17:36	16:32	13:15:02	5.5	0.9	43.5	2667	2458	0.92	45	1595	71.9	55.5	104	38	 	 
17:37	16:33	13:15:03	5.5	0.9	37.1	2277	2224	0.98	47	1507	71.2	56.0	108	35	 	 
17:38	16:34	13:15:04	5.5	0.9	35.6	2180	2128	0.98	51	1355	68.9	57.4	109	35	 	 
17:40	16:36	13:15:06	5.6	0.9	28.4	1745	1757	1.01	46	1268	58.1	64.1	109	35	 	 
17:41	16:37	13:15:07	5.5	0.9	32.5	1994	1977	0.99	42	1433	59.7	63.1	106	37	 	 
17:42	16:38	13:15:08	5.5	0.9	33.4	2051	2024	0.99	48	1315	63.1	61.0	106	37	 	 
17:44	16:40	13:15:10	5.6	0.9	28.7	1760	1672	0.95	42	1273	53.8	66.7	108	35	 	 
17:45	16:41	13:15:11	5.6	0.9	37.8	2319	2162	0.93	42	1521	63.4	60.8	104	38	 	 
17:47	16:43	13:15:13	5.6	0.9	31.7	1945	1892	0.97	40	1418	56.7	64.9	104	38	 	 
17:48	16:44	13:15:14	5.6	0.9	31.9	1957	1957	1.00	39	1452	57.3	64.6	105	37	 	 
17:50	16:46	13:15:16	5.6	0.9	35.3	2168	2070	0.96	43	1424	61.5	62.0	103	38	 	 
17:51	16:47	13:15:17	5.6	0.9	39.6	2428	2207	0.91	46	1461	66.9	58.7	104	38	 	 
17:52	16:48	13:15:18	5.6	0.9	34.6	2125	2022	0.95	40	1497	59.5	63.2	104	37	 	 
17:55	16:51	13:15:21	5.6	0.9	37.7	2311	2165	0.94	24	2579	61.9	61.8	105	38	 	 
17:56	16:52	13:15:22	5.6	0.9	37.3	2290	2238	0.98	40	1612	64.0	60.4	104	38	 	 
17:58	16:54	13:15:24	5.7	0.9	34.7	2129	2081	0.98	41	1423	58.9	63.6	104	38	 	 
17:59	16:55	13:15:25	5.7	0.9	42.9	2631	2461	0.94	43	1714	73.5	54.6	106	37	 	 
18:01	16:57	13:15:27	5.6	0.9	32.9	2019	1983	0.98	43	1399	59.5	63.2	106	37	 	 
18:02	16:58	13:15:28	5.6	0.9	45.2	2771	2628	0.95	42	1797	75.9	53.1	105	37	 	 
18:04	17:00	13:15:30	5.8	0.9	31.8	1948	1930	0.99	43	1340	57.8	64.3	106	37	 	 
18:05	17:01	13:15:31	5.8	0.9	38.8	2381	2260	0.95	45	1455	66.1	59.1	102	39	 	 
18:12	17:08	13:15:38	5.8	0.9	41.1	2521	2343	0.93	47	1493	70.5	56.4	105	37	 	 
18:14	17:10	13:15:40	6.0	0.9	33.0	2025	2008	0.99	41	1444	59.7	63.1	106	37	 	 
18:15	17:11	13:15:41	6.0	0.9	40.1	2462	2357	0.96	47	1487	69.7	56.9	105	38	 	 
18:16	17:12	13:15:42	5.8	0.9	43.4	2661	2494	0.94	47	1662	77.9	51.9	107	36	 	 
18:18	17:14	13:15:44	6.0	0.9	34.5	2116	2095	0.99	40	1563	62.9	61.1	105	37	 	 
18:19	17:15	13:15:45	5.8	0.9	40.6	2487	2411	0.97	48	1512	72.0	55.5	106	37	 	 
18:20	17:16	13:15:46	5.8	0.9	35.0	2147	2187	1.02	43	1502	65.3	59.6	107	36	 	 
18:21	17:17	13:15:47	6.0	0.9	41.0	2512	2555	1.02	48	1564	75.1	53.6	106	37	 	 
18:23	17:19	13:15:49	6.0	0.9	43.7	2681	2606	0.97	43	1876	80.4	50.3	108	36	 	 
18:24	17:20	13:15:50	6.0	0.9	37.1	2277	2276	1.00	50	1511	76.2	52.9	110	34	 	 
18:26	17:22	13:15:52	6.0	0.9	38.7	2375	2354	0.99	39	1869	72.4	55.3	107	37	 	 
18:27	17:23	13:15:53	6.0	0.9	38.7	2374	2443	1.03	49	1608	79.1	51.1	110	35	 	 
18:28	17:24	13:15:54	5.8	0.9	39.5	2419	2462	1.02	50	1604	80.2	50.4	110	35	 	 
18:29	17:25	13:15:55	5.8	0.9	37.8	2316	2302	0.99	52	1418	73.3	54.7	109	35	 	 
18:30	17:26	13:15:56	6.0	0.9	34.3	2104	2290	1.09	53	1318	70.0	56.7	108	36	 	 
18:32	17:28	13:15:58	6.0	0.9	31.6	1941	1939	1.00	45	1438	65.4	59.6	109	35	 	 
18:33	17:29	13:15:59	6.0	0.9	36.6	2242	2273	1.01	40	1658	66.3	59.0	105	38	 	 
18:34	17:30	13:16:00	6.0	0.9	36.8	2260	2234	0.99	47	1479	68.8	57.5	107	36	 	 
18:36	17:32	13:16:02	6.0	0.9	39.3	2411	2400	1.00	43	1606	69.3	57.2	106	37	 	 
18:37	17:33	13:16:03	6.2	0.9	35.6	2182	2361	1.08	47	1528	71.1	56.1	106	37	 	 
18:38	17:34	13:16:04	6.3	0.9	34.6	2124	2138	1.01	45	1485	67.0	58.6	107	36	 	 
18:40	17:36	13:16:06	6.2	0.9	38.7	2375	2333	0.98	47	1502	70.4	56.5	107	36	 	 
18:41	17:37	13:16:07	6.2	0.9	38.9	2387	2315	0.97	45	1579	71.2	56.0	106	37	 	 
18:42	17:38	13:16:08	6.2	0.9	47.3	2898	2826	0.98	47	1841	85.6	47.1	107	36	 	 
18:44	17:40	13:16:10	6.2	0.9	38.6	2367	2330	0.98	48	1597	76.7	52.6	110	34	 	 
18:46	17:42	13:16:12	6.2	0.9	38.0	2333	2359	1.01	31	2208	67.9	58.0	107	37	 	 
18:47	17:43	13:16:13	6.2	0.9	42.3	2594	2583	1.00	48	1713	82.9	48.8	109	35	 	 
18:48	17:44	13:16:14	6.2	0.9	44.2	2708	2778	1.03	53	1723	90.7	44.0	110	35	 	 
18:49	17:45	13:16:15	6.2	0.9	40.7	2495	2596	1.04	50	1693	85.4	47.2	111	34	 	 
18:50	17:46	13:16:16	6.2	0.9	34.3	2106	2265	1.08	46	1645	75.9	53.1	112	33	 	 
18:52	17:48	13:16:18	6.3	0.9	41.6	2552	2626	1.03	41	2060	84.1	48.0	111	35	 	 
18:55	17:51	13:16:21	6.3	0.9	16.1	989	1039	1.05	21	1496	31.6	80.5	102	41	 	 
18:56	17:52	13:16:22	6.3	0.9	50.5	3096	2788	0.90	42	1756	74.2	54.1	99	41	 	 
18:58	17:54	13:16:24	6.3	0.9	51.0	3130	2829	0.90	44	1912	84.3	47.9	105	37	 	 
18:59	17:55	13:16:25	6.5	0.9	46.8	2872	2715	0.95	50	1740	87.0	46.2	108	35	 	 
19:00	17:56	13:16:26	6.5	0.9	38.4	2356	2257	0.96	49	1530	74.6	53.9	109	35	 	 
19:01	17:57	13:16:27	6.3	0.9	47.3	2901	2883	0.99	55	1689	92.1	43.1	109	35	 	 
19:02	17:58	13:16:28	6.3	0.9	42.8	2624	2633	1.00	53	1616	85.8	47.0	109	35	 	 
19:04	18:00	13:16:30	6.3	0.9	37.9	2322	2443	1.05	40	1897	75.4	53.4	109	36	 	 
19:05	18:01	13:16:31	6.3	0.9	40.2	2465	2604	1.06	49	1645	80.9	50.0	109	35	 	 
19:06	18:02	13:16:32	6.3	0.9	36.6	2242	2418	1.08	47	1677	79.2	51.0	110	35	 	 
19:07	18:03	13:16:33	6.5	0.9	36.7	2251	2239	0.99	49	1513	74.4	54.0	110	35	 	 
19:09	18:05	13:16:35	6.5	0.9	34.0	2084	2176	1.04	43	1556	66.2	59.1	108	36	 	 
19:10	18:06	13:16:36	6.3	0.9	37.9	2321	2444	1.05	48	1467	70.4	56.5	106	37	 	 
19:11	18:07	13:16:37	6.5	0.9	42.8	2624	2611	0.99	53	1466	77.8	51.9	106	37	 	 
19:12	18:08	13:16:38	6.3	0.9	42.2	2585	2500	0.97	48	1607	77.7	52.0	107	36	 	 
19:14	18:10	13:16:40	6.5	0.9	35.5	2179	2192	1.01	42	1616	67.3	58.4	109	35	 	 
19:15	18:11	13:16:41	6.6	0.9	42.1	2581	2612	1.01	49	1585	78.0	51.8	106	37	 	 
19:16	18:12	13:16:42	6.5	0.9	42.4	2601	2577	0.99	47	1627	76.9	52.5	105	38	 	 
19:18	18:14	13:16:44	6.5	0.9	42.8	2626	2585	0.98	50	1672	82.9	48.8	108	36	 	 
19:19	18:15	13:16:45	6.3	0.9	36.7	2250	2289	1.02	41	1658	68.6	57.6	107	36	 	 
19:21	18:17	13:16:47	6.6	0.9	45.7	2804	2770	0.99	29	2827	81.5	49.6	107	37	 	 
19:22	18:18	13:16:48	6.6	0.9	41.6	2548	2617	1.03	52	1589	82.2	49.2	108	36	 	 
19:23	18:19	13:16:49	6.6	0.9	40.2	2463	2535	1.03	51	1573	80.0	50.6	109	35	 	 
19:25	18:21	13:16:51	6.6	0.9	38.5	2358	2486	1.05	50	1541	77.7	52.0	109	35	 	 
19:26	18:22	13:16:52	6.6	0.9	40.2	2464	2504	1.02	50	1585	78.6	51.4	109	35	 	 
19:27	18:23	13:16:53	6.6	0.9	40.8	2500	2490	1.00	50	1596	79.1	51.1	108	35	 	 
19:28	18:24	13:16:54	6.6	0.9	38.0	2333	2330	1.00	51	1475	75.6	53.3	109	35	 	 
19:29	18:25	13:16:55	6.6	0.9	42.0	2575	2569	1.00	50	1646	82.3	49.1	109	35	 	 
19:31	18:27	13:16:57	6.6	0.9	38.6	2367	2360	1.00	49	1594	78.4	51.5	110	34	 	 
19:32	18:28	13:16:58	6.6	0.9	41.1	2523	2625	1.04	53	1574	83.6	48.4	110	34	 	 
19:33	18:29	13:16:59	6.8	0.9	33.8	2075	2203	1.06	41	1715	70.0	56.7	110	34	 	 
19:35	18:31	13:17:01	6.8	0.9	45.4	2786	2734	0.98	43	1926	83.7	48.2	107	36	 	 
19:36	18:32	13:17:02	6.6	0.9	38.4	2357	2300	0.98	52	1467	75.9	53.1	110	35	 	 
19:37	18:33	13:17:03	6.8	0.9	41.5	2544	2522	0.99	52	1571	82.0	49.3	109	35	 	 
19:38	18:34	13:17:04	6.8	0.9	41.3	2532	2510	0.99	50	1613	81.3	49.7	109	35	 	 
19:39	18:35	13:17:05	6.8	0.9	40.9	2509	2487	0.99	52	1543	80.5	50.3	109	35	 	 
19:40	18:36	13:17:06	6.6	0.9	40.7	2498	2544	1.02	51	1551	78.9	51.3	108	36	 	 
19:42	18:38	13:17:08	6.8	0.9	39.4	2418	2407	1.00	50	1571	78.6	51.4	109	35	 	 
19:43	18:39	13:17:09	6.8	0.9	41.4	2540	2520	0.99	50	1592	80.3	50.4	109	35	 	 
19:44	18:40	13:17:10	6.8	0.9	38.7	2371	2408	1.02	50	1575	78.1	51.7	109	35	 	 
19:45	18:41	13:17:11	6.8	0.9	40.6	2492	2482	1.00	50	1559	78.6	51.4	109	35	 	 
19:47	18:43	13:17:13	6.6	0.9	37.4	2293	2305	1.01	40	1749	69.5	57.1	107	36	 	 
19:48	18:44	13:17:14	6.8	0.9	45.5	2792	2721	0.97	49	1714	83.6	48.3	107	36	 	 
19:49	18:45	13:17:15	6.6	0.9	41.0	2514	2483	0.99	50	1631	80.9	50.0	109	35	 	 
19:51	18:47	13:17:17	6.6	0.9	35.7	2186	2207	1.01	42	1588	66.6	58.8	107	36	 	 
19:52	18:48	13:17:18	7.0	0.9	46.0	2822	2680	0.95	45	1840	82.4	49.1	107	36	 	 
19:53	18:49	13:17:19	7.0	0.9	45.3	2775	2681	0.97	51	1652	84.7	47.6	108	36	 	 
19:54	18:50	13:17:20	6.9	0.9	40.5	2486	2431	0.98	52	1511	78.8	51.3	109	34	 	 
19:55	18:51	13:17:21	7.0	0.9	41.6	2550	2536	0.99	50	1662	83.1	48.7	110	35	 	 
19:57	18:53	13:17:23	6.9	0.9	40.4	2476	2467	1.00	49	1632	80.3	50.4	110	35	 	 
19:58	18:54	13:17:24	6.9	0.9	40.7	2494	2511	1.01	52	1562	81.5	49.6	110	35	 	 
19:59	18:55	13:17:25	6.9	0.9	40.4	2476	2516	1.02	50	1599	80.6	50.2	110	35	 	 
20:00	18:56	13:17:26	6.9	0.9	38.1	2339	2403	1.03	43	1694	73.7	54.5	108	36	 	 
20:02	18:58	13:17:28	6.9	0.9	40.4	2479	2669	1.08	48	1713	82.9	48.8	108	36	 	 
20:03	18:59	13:17:29	7.0	0.9	42.5	2609	2663	1.02	50	1632	82.3	49.2	108	36	 	 
20:04	19:00	13:17:30	6.9	0.9	42.2	2591	2543	0.98	48	1701	81.0	49.9	108	36	 	 
20:05	19:01	13:17:31	6.9	0.9	43.5	2666	2666	1.00	52	1652	86.2	46.7	109	35	 	 
20:06	19:02	13:17:32	7.1	0.9	42.9	2630	2680	1.02	54	1600	85.7	47.0	110	35	 	 
20:08	19:04	13:17:34	7.1	0.9	40.5	2485	2519	1.01	52	1581	81.8	49.5	110	35	 	 
20:09	19:05	13:17:35	7.3	0.9	39.8	2441	2448	1.00	50	1568	79.0	51.2	109	35	 	 
20:10	19:06	13:17:36	7.3	0.9	40.1	2461	2491	1.01	51	1568	79.7	50.7	109	35	 	 
20:11	19:07	13:17:37	7.1	0.9	41.8	2564	2547	0.99	52	1557	80.5	50.2	108	36	 	 
20:12	19:08	13:17:38	7.1	0.9	36.0	2211	2197	0.99	48	1532	73.6	54.5	110	35	 	 
20:13	19:09	13:17:39	7.1	0.9	45.0	2757	2719	0.99	53	1610	85.5	47.2	108	36	 	 
20:15	19:11	13:17:41	7.1	0.9	43.3	2656	2669	1.00	52	1641	85.6	47.1	108	35	 	 
20:16	19:12	13:17:42	7.3	0.9	43.6	2675	2684	1.00	52	1628	84.2	48.0	109	35	 	 
20:17	19:13	13:17:43	7.1	0.9	42.1	2583	2622	1.02	51	1667	85.5	47.2	110	35	 	 
20:18	19:14	13:17:44	7.1	0.9	39.2	2402	2372	0.99	49	1618	79.6	50.8	109	35	 	 
20:19	19:15	13:17:45	7.1	0.9	42.8	2624	2623	1.00	52	1663	86.8	46.4	110	34	 	 
20:21	19:17	13:17:47	7.1	0.9	40.8	2500	2459	0.98	49	1664	81.2	49.8	109	35	 	 
20:22	19:18	13:17:48	7.1	0.9	41.4	2538	2551	1.01	43	1822	78.1	51.7	107	36	 	 
20:23	19:19	13:17:49	7.1	0.9	49.0	3005	2968	0.99	48	1945	93.4	42.3	108	35	 	 
20:24	19:20	13:17:50	7.3	0.9	42.5	2605	2692	1.03	51	1688	85.8	47.0	110	35	 	 
20:26	19:22	13:17:52	7.1	0.9	42.7	2616	2721	1.04	51	1731	88.8	45.1	110	34	 	 
20:27	19:23	13:17:53	7.1	0.9	41.7	2559	2641	1.03	51	1622	83.2	48.6	109	35	 	 
20:28	19:24	13:17:54	7.1	0.9	40.2	2464	2507	1.02	50	1638	81.2	49.8	109	35	 	 
20:29	19:25	13:17:55	7.3	0.9	43.7	2677	2672	1.00	52	1608	83.9	48.2	109	35	 	 
20:30	19:26	13:17:56	7.3	0.9	41.8	2563	2576	1.00	49	1760	85.9	46.9	110	34	 	 
20:31	19:27	13:17:57	7.3	0.9	42.8	2628	2636	1.00	52	1646	85.9	46.9	110	35	 	 
20:33	19:29	13:17:59	7.4	0.9	45.8	2806	2893	1.03	51	1876	95.4	41.0	111	34	 	 
20:34	19:30	13:18:00	7.1	0.9	39.6	2431	2599	1.07	52	1613	84.1	48.0	111	34	 	 
20:35	19:31	13:18:01	7.3	0.9	46.4	2844	2955	1.04	50	1884	94.2	41.8	110	35	 	 
20:38	19:34	13:18:04	7.5	0.9	17.0	1045	1071	1.02	23	1391	32.0	80.2	105	38	 	 
20:39	19:35	13:18:05	7.5	0.9	63.6	3900	3443	0.88	46	2058	95.0	41.3	100	40	 	 
20:41	19:37	13:18:07	7.5	0.9	52.8	3239	3027	0.93	32	2752	87.4	46.0	105	37	 	 
20:42	19:38	13:18:08	7.5	0.9	47.9	2940	2855	0.97	49	1863	90.9	43.8	108	35	 	 
20:43	19:39	13:18:09	7.4	0.9	47.0	2882	2808	0.97	52	1689	88.1	45.5	108	36	 	 
20:44	19:40	13:18:10	7.4	0.9	43.8	2687	2648	0.99	51	1645	83.6	48.3	109	35	 	 
20:46	19:42	13:18:12	7.5	0.9	42.6	2615	2623	1.00	50	1650	83.2	48.6	109	35	 	 
20:47	19:43	13:18:13	7.4	0.9	42.6	2614	2676	1.02	37	2284	83.6	48.4	109	35	 	 
20:49	19:45	13:18:15	7.4	0.9	39.2	2403	2467	1.03	34	2145	73.5	54.6	108	36	 	 
20:51	19:47	13:18:17	7.4	0.9	47.8	2929	2920	1.00	29	2820	81.8	49.5	106	38	 	 
20:53	19:49	13:18:19	7.8	0.9	43.1	2642	2666	1.01	31	2575	80.9	50.0	108	36	 	 
20:55	19:51	13:18:21	7.8	0.9	46.3	2838	2783	0.98	30	2573	77.2	52.3	105	38	 	 
20:57	19:53	13:18:23	7.8	0.9	43.1	2642	2619	0.99	27	2703	72.7	55.1	105	38	 	 
20:58	19:54	13:18:24	7.6	0.9	49.7	3048	2993	0.98	48	1922	93.0	42.5	109	35	 	 
20:59	19:55	13:18:25	7.6	0.9	45.8	2809	2886	1.03	55	1654	91.1	43.7	109	35	 	 
21:01	19:57	13:18:27	7.6	0.9	51.1	3133	3173	1.01	51	1995	101.4	37.3	110	35	 	 
21:02	19:58	13:18:28	7.6	0.9	40.9	2508	2693	1.07	54	1653	88.5	45.3	111	34	 	 
21:03	19:59	13:18:29	7.6	0.9	44.2	2711	2858	1.05	51	1746	88.8	45.1	110	35	 	 
21:04	20:00	13:18:30	7.6	0.9	45.8	2811	2926	1.04	50	1852	93.4	42.3	109	35	 	 
21:05	20:01	13:18:31	7.6	0.9	46.6	2857	2939	1.03	50	1910	96.3	40.5	111	34	 	 
21:07	20:03	13:18:33	7.9	0.9	37.7	2309	2352	1.02	49	1619	79.0	51.2	111	34	 	 
21:08	20:04	13:18:34	7.9	0.9	37.4	2294	2377	1.04	45	1589	72.2	55.4	108	36	 	 
21:09	20:05	13:18:35	7.8	0.9	45.4	2784	2894	1.04	67	1397	93.1	42.4	109	35	 	 
21:10	20:06	13:18:36	7.8	0.9	42.4	2597	2607	1.00	50	1654	82.0	49.3	108	36	 	 
21:11	20:07	13:18:37	7.8	0.9	46.0	2818	2757	0.98	50	1790	90.2	44.2	109	35	 	 
21:12	20:08	13:18:38	7.8	0.9	37.9	2325	2402	1.03	47	1580	74.1	54.2	109	35	 	 
21:14	20:10	13:18:40	7.6	0.9	47.2	2897	2841	0.98	48	1809	86.2	46.7	106	37	 	 
21:15	20:11	13:18:41	7.8	0.9	51.9	3184	3107	0.98	49	1917	93.5	42.2	107	36	 	 
21:16	20:12	13:18:42	7.6	0.9	46.4	2848	2803	0.98	52	1739	89.9	44.4	109	35	 	 
21:17	20:13	13:18:43	7.8	0.9	48.0	2942	2984	1.01	52	1820	94.9	41.3	110	35	 	 
21:19	20:15	13:18:45	7.9	0.9	43.3	2655	2760	1.04	33	2559	83.4	48.4	109	35	 	 
21:21	20:17	13:18:47	7.8	0.9	44.9	2751	2821	1.03	30	2755	82.6	48.9	108	36	 	 
21:23	20:19	13:18:49	7.9	0.9	49.4	3032	3061	1.01	39	2346	90.8	43.9	108	36	 	 
21:24	20:20	13:18:50	7.9	0.9	52.4	3215	3232	1.01	51	1984	100.9	37.6	109	35	 	 
21:25	20:21	13:18:51	7.9	0.9	45.8	2810	2961	1.05	54	1783	96.4	40.4	111	34	 	 
21:26	20:22	13:18:52	7.9	0.9	44.2	2709	2908	1.07	54	1657	89.6	44.7	110	35	 	 
21:27	20:23	13:18:53	7.9	0.9	43.5	2667	2846	1.07	51	1760	89.5	44.7	110	35	 	 
21:28	20:24	13:18:54	8.0	0.9	43.7	2680	3088	1.15	52	1844	96.2	40.5	109	35	 	 
21:30	20:26	13:18:56	7.9	0.9	47.6	2922	3080	1.05	51	1897	97.3	39.9	110	35	 	 
21:31	20:27	13:18:57	8.0	0.9	43.9	2690	3065	1.14	54	1870	100.2	38.1	111	34	 	 
21:32	20:28	13:18:58	7.9	0.9	43.3	2656	2886	1.09	51	1836	93.3	42.3	111	34	 	 
21:33	20:29	13:18:59	8.0	0.9	45.8	2809	3008	1.07	53	1849	97.3	39.9	111	34	 	 
21:34	20:30	13:19:00	7.9	0.9	42.9	2631	2898	1.10	51	1770	90.0	44.4	110	35	 	 
21:35	20:31	13:19:01	7.9	0.9	47.6	2916	3011	1.03	54	1820	97.5	39.7	110	34	 	 
21:36	20:32	13:19:02	8.0	0.9	45.3	2776	2932	1.06	52	1807	94.3	41.7	110	35	 	 
21:38	20:34	13:19:04	8.1	0.9	45.8	2808	3063	1.09	53	1891	99.5	38.5	111	34	 	 
21:39	20:35	13:19:05	8.1	0.9	42.4	2598	2862	1.10	54	1732	93.6	42.2	111	34	 	 
21:40	20:36	13:19:06	8.3	0.9	49.3	3024	3209	1.06	51	1994	101.4	37.3	111	34	 	 
21:41	20:37	13:19:07	8.3	0.9	43.9	2690	2868	1.07	52	1826	95.3	41.1	112	34	 	 
21:42	20:38	13:19:08	8.1	0.9	45.6	2796	3011	1.08	51	1921	98.5	39.1	111	34	 	 
21:43	20:39	13:19:09	8.1	0.9	41.5	2547	2708	1.06	51	1797	91.4	43.5	112	34	 	 
21:44	20:40	13:19:10	8.1	0.9	46.4	2848	3103	1.09	55	1804	99.3	38.6	111	34	 	 
21:46	20:42	13:19:12	8.1	0.9	44.5	2729	2924	1.07	54	1683	90.2	44.3	110	35	 	 
21:47	20:43	13:19:13	8.1	0.9	48.2	2953	3151	1.07	52	1902	99.2	38.7	110	35	 	 
21:48	20:44	13:19:14	8.1	0.9	43.1	2645	2854	1.08	53	1693	89.9	44.4	110	34	 	 
21:49	20:45	13:19:15	8.1	0.9	47.7	2925	3172	1.08	51	1942	98.7	39.0	110	35	 	 
21:50	20:46	13:19:16	8.1	0.9	45.4	2787	2950	1.06	51	1811	92.9	42.6	110	35	 	 
21:52	20:48	13:19:18	8.1	0.9	37.4	2297	2416	1.05	34	2042	70.0	56.7	108	36	 	 
21:53	20:49	13:19:19	8.1	0.9	50.6	3106	3220	1.04	63	1702	107.5	33.6	111	34	 	 
21:54	20:50	13:19:20	8.3	0.9	50.0	3067	3234	1.05	53	1930	101.6	37.2	109	35	 	 
21:55	20:51	13:19:21	8.1	0.9	46.5	2850	2972	1.04	54	1789	95.8	40.8	110	35	 	 
21:56	20:52	13:19:22	8.1	0.9	42.6	2614	2780	1.06	52	1714	89.4	44.7	110	34	 	 
21:58	20:54	13:19:24	8.3	0.9	37.2	2279	2429	1.07	42	1763	73.5	54.6	107	36	 	 
22:00	20:56	13:19:26	8.4	0.9	21.7	1329	1243	0.94	24	1419	34.5	78.7	97	44	 	 
22:02	20:58	13:19:28	8.4	0.9	61.8	3788	3353	0.89	33	2646	87.7	45.8	99	41	 	 
22:03	20:59	13:19:29	8.3	0.9	60.9	3733	3564	0.95	49	2195	107.1	33.8	104	37	 	 
22:04	21:00	13:19:30	8.3	0.9	54.6	3351	3341	1.00	53	1953	103.7	35.9	108	35	 	 
22:06	21:02	13:19:32	8.1	0.9	52.5	3221	3297	1.02	52	1999	104.3	35.5	109	34	 	 
22:07	21:03	13:19:33	8.3	0.9	51.1	3132	3213	1.03	50	2037	101.0	37.6	109	35	 	 
22:08	21:04	13:19:34	8.5	0.9	44.1	2703	2806	1.04	56	1654	92.8	42.7	111	34	 	 
22:09	21:05	13:19:35	8.4	0.9	46.9	2874	2942	1.02	53	1731	91.9	43.2	108	35	 	 
22:10	21:06	13:19:36	8.5	0.9	46.6	2855	2974	1.04	55	1709	94.1	41.9	108	36	 	 
22:11	21:07	13:19:37	8.5	0.9	43.8	2686	2768	1.03	51	1682	86.3	46.7	108	36	 	 
22:12	21:08	13:19:38	8.5	0.9	50.9	3123	3277	1.05	49	2074	102.0	37.0	109	35	 	 
22:14	21:10	13:19:40	8.4	0.9	47.5	2911	3134	1.08	53	1846	98.0	39.4	110	34	 	 
22:15	21:11	13:19:41	8.5	0.9	48.4	2970	3197	1.08	53	1890	99.5	38.5	110	35	 	 
22:16	21:12	13:19:42	8.4	0.9	51.3	3145	3313	1.05	50	2092	105.5	34.8	110	34	 	 
22:17	21:13	13:19:43	8.4	0.9	43.9	2692	2828	1.05	54	1721	92.2	43.0	111	34	 	 
22:18	21:14	13:19:44	8.4	0.9	50.2	3078	3203	1.04	51	2042	104.7	35.3	111	34	 	 
22:19	21:15	13:19:45	8.4	0.9	47.4	2910	3158	1.09	54	1853	100.2	38.1	111	34	 	 
22:21	21:17	13:19:47	8.4	0.9	47.6	2920	3152	1.08	51	1983	101.7	37.2	111	34	 	 
22:22	21:18	13:19:48	8.8	0.9	47.8	2933	3240	1.10	53	1962	103.3	36.2	111	34	 	 
22:23	21:19	13:19:49	8.8	0.9	43.9	2694	2969	1.10	54	1779	96.2	40.6	111	34	 	 
22:24	21:20	13:19:50	8.6	0.9	47.1	2887	3203	1.11	53	1955	103.8	35.8	111	35	 	 
22:25	21:21	13:19:51	8.7	0.9	50.5	3099	3309	1.07	49	2172	106.8	34.0	111	34	 	 
22:26	21:22	13:19:52	8.6	0.9	46.5	2854	3084	1.08	52	1952	101.0	37.6	112	34	 	 
22:27	21:23	13:19:53	8.7	0.9	47.5	2911	3275	1.13	54	1932	103.5	36.0	111	34	 	 
22:29	21:25	13:19:55	8.6	0.9	45.6	2796	3181	1.14	52	1933	100.9	37.7	111	34	 	 
22:30	21:26	13:19:56	8.7	0.9	42.3	2593	3232	1.25	50	2135	105.9	34.6	112	34	 	 
22:31	21:27	13:19:57	8.6	0.9	47.5	2915	3083	1.06	54	1907	102.2	36.9	112	34	 	 
22:32	21:28	13:19:58	8.6	0.9	50.3	3087	3439	1.11	55	2040	111.3	31.2	111	34	 	 
22:33	21:29	13:19:59	8.7	0.9	44.7	2744	3047	1.11	54	1844	99.6	38.4	112	34	 	 
22:34	21:30	13:20:00	8.7	0.9	48.2	2954	3239	1.10	54	1954	105.6	34.7	112	34	 	 
22:35	21:31	13:20:01	8.8	0.9	47.7	2923	3330	1.14	53	2011	106.8	34.0	111	34	 	 
22:36	21:32	13:20:02	8.8	0.9	45.0	2760	3040	1.10	53	1894	100.5	37.9	111	34	 	 
22:38	21:34	13:20:04	8.8	0.9	50.3	3085	3432	1.11	52	2064	107.7	33.5	111	34	 	 
22:39	21:35	13:20:05	8.8	0.9	47.2	2897	3182	1.10	52	1918	100.1	38.2	111	34	 	 
22:40	21:36	13:20:06	8.7	0.9	49.6	3042	3489	1.15	52	2120	110.6	31.7	111	34	 	 
22:41	21:37	13:20:07	8.7	0.9	51.0	3130	3437	1.10	52	2151	111.3	31.2	112	34	 	 
22:42	21:38	13:20:08	8.7	0.9	49.1	3013	3368	1.12	54	1978	106.9	33.9	112	34	 	 
22:43	21:39	13:20:09	8.7	0.9	46.0	2819	3154	1.12	54	1915	103.5	36.0	112	34	 	 
22:44	21:40	13:20:10	8.8	0.9	43.8	2684	2970	1.11	73	1438	105.2	35.0	113	33	 	 
22:45	21:41	13:20:11	8.9	0.9	49.1	3010	3314	1.10	56	1915	106.4	34.2	112	34	 	 
22:46	21:42	13:20:12	8.8	0.9	48.5	2977	3289	1.10	52	1991	103.9	35.8	112	34	 	 
22:47	21:43	13:20:13	8.8	0.9	46.8	2873	3223	1.12	55	1944	107.0	33.9	112	34	 	 
22:49	21:45	13:20:15	8.8	0.9	49.5	3036	3334	1.10	52	2012	104.1	35.7	111	34	 	 
22:50	21:46	13:20:16	8.8	0.9	47.5	2914	3257	1.12	54	1960	105.0	35.1	111	34	 	 
22:51	21:47	13:20:17	8.7	0.9	45.1	2764	3212	1.16	52	1906	99.5	38.5	112	34	 	 
22:52	21:48	13:20:18	8.9	0.9	49.4	3030	3364	1.11	55	1985	109.3	32.5	111	34	 	 
22:53	21:49	13:20:19	8.9	0.9	50.1	3075	3440	1.12	52	2096	108.4	33.0	111	34	 	 
22:54	21:50	13:20:20	8.9	0.9	46.2	2834	3181	1.12	54	1945	104.2	35.6	112	34	 	 
22:55	21:51	13:20:21	9.1	0.9	49.5	3038	3367	1.11	53	2002	106.3	34.3	111	34	 	 
22:57	21:53	13:20:23	8.9	0.9	48.7	2989	3207	1.07	51	2040	104.6	35.4	112	34	 	 
22:58	21:54	13:20:24	9.1	0.9	46.1	2829	3186	1.13	35	2770	97.8	39.6	112	34	 	 
23:00	21:56	13:20:26	8.9	0.9	49.3	3023	3284	1.09	43	2439	103.8	35.9	111	34	 	 
23:01	21:57	13:20:27	8.9	0.9	52.7	3233	3628	1.12	45	2606	116.7	27.9	112	34	 	 
23:02	21:58	13:20:28	8.9	0.9	51.0	3129	3545	1.13	49	2398	117.9	27.1	113	33	 	 
23:04	22:00	13:20:30	9.1	0.9	43.6	2676	3102	1.16	45	2235	101.6	37.2	113	33	 	 
23:05	22:01	13:20:31	8.9	0.9	54.0	3313	3730	1.13	50	2469	122.4	24.3	113	33	 	 
23:06	22:02	13:20:32	9.1	0.9	46.2	2836	3345	1.18	54	2067	110.7	31.6	113	33	 	 
23:07	22:03	13:20:33	9.1	0.9	41.3	2535	3102	1.22	61	1672	102.4	36.7	113	33	 	 
23:08	22:04	13:20:34	9.1	0.9	47.4	2909	3596	1.24	75	1578	118.3	26.9	113	33	 	 
23:08	22:04	13:20:34	9.1	0.9	26.5	1623	3025	1.86	77	1370	105.3	34.9	113	33	 	 
23:10	22:06	13:20:36	9.1	0.9	50.8	3114	3479	1.12	56	1939	107.7	33.4	111	34	 	 
23:11	22:07	13:20:37	9.3	0.9	47.3	2903	3202	1.10	55	1911	104.2	35.6	111	34	 	 
23:12	22:08	13:20:38	9.3	0.9	49.5	3037	3346	1.10	53	2015	107.0	33.9	111	34	 	 
23:13	22:09	13:20:39	9.2	0.9	50.0	3063	3372	1.10	56	1986	110.3	31.8	111	34	 	 
23:14	22:10	13:20:40	9.2	0.9	46.2	2834	3113	1.10	52	1903	99.3	38.6	111	34	 	 
23:15	22:11	13:20:41	9.1	0.9	46.8	2869	3288	1.15	55	1966	108.2	33.1	111	34	 	 
23:16	22:12	13:20:42	9.3	0.9	45.7	2804	3250	1.16	53	1987	105.5	34.8	111	34	 	 
23:17	22:13	13:20:43	9.2	0.9	50.9	3120	3394	1.09	55	2008	110.5	31.7	111	34	 	 
23:18	22:14	13:20:44	9.2	0.9	45.3	2776	3269	1.18	51	2057	104.6	35.4	111	34	 	 
23:20	22:16	13:20:46	9.2	0.9	50.5	3096	3388	1.09	56	1979	109.9	32.1	111	34	 	 
23:21	22:17	13:20:47	9.1	0.9	51.9	3185	3469	1.09	52	2077	107.4	33.6	111	34	 	 
23:22	22:18	13:20:48	9.3	0.9	46.1	2829	3208	1.13	58	1850	107.8	33.4	112	34	 	 
23:23	22:19	13:20:49	9.4	0.9	49.6	3042	3452	1.13	67	1763	118.9	26.5	113	33	 	 
23:24	22:20	13:20:50	9.4	0.9	49.7	3045	3472	1.14	55	2043	112.5	30.5	112	34	 	 
23:25	22:21	13:20:51	9.3	0.9	49.3	3022	3366	1.11	55	2042	112.4	30.5	113	33	 	 
23:26	22:22	13:20:52	9.2	0.9	48.3	2964	3237	1.09	55	1973	107.6	33.5	112	33	 	 
23:27	22:23	13:20:53	9.3	0.9	51.5	3157	3533	1.12	54	2186	118.2	27.0	113	33	 	 
23:28	22:24	13:20:54	9.2	0.9	46.7	2862	3283	1.15	52	2089	109.0	32.6	113	34	 	 
23:29	22:25	13:20:55	9.4	0.9	49.8	3054	3545	1.16	55	2190	120.6	25.5	113	33	 	 
23:30	22:26	13:20:56	9.3	0.9	49.0	3006	3474	1.16	52	2239	115.8	28.4	113	33	 	 
23:32	22:28	13:20:58	9.3	0.9	52.2	3201	3602	1.13	51	2250	114.4	29.3	112	34	 	 
23:33	22:29	13:20:59	9.2	0.9	51.3	3144	3611	1.15	53	2280	120.0	25.8	114	33	 	 
23:34	22:30	13:21:00	9.2	0.9	47.5	2911	3400	1.17	57	2063	117.9	27.1	114	32	 	 
23:35	22:31	13:21:01	9.4	0.9	45.9	2816	3303	1.17	54	2094	113.2	30.1	114	32	 	 
23:36	22:32	13:21:02	9.3	0.9	49.2	3018	3446	1.14	55	2112	115.2	28.8	113	33	 	 
23:37	22:33	13:21:03	9.4	0.9	45.4	2782	3199	1.15	54	1993	107.7	33.4	112	34	 	 
23:38	22:34	13:21:04	9.4	0.9	31.4	1929	3652	1.89	71	1849	130.5	19.3	115	32	 	 
23:39	22:35	13:21:05	9.4	0.9	48.4	2968	3393	1.14	59	1946	114.5	29.2	113	33	 	 
23:40	22:36	13:21:06	9.4	0.9	48.8	2993	3380	1.13	55	2072	113.0	30.2	113	34	 	 
23:41	22:37	13:21:07	9.6	0.9	48.8	2991	3400	1.14	55	2060	113.4	29.9	112	33	 	 
23:42	22:38	13:21:08	9.4	0.9	49.1	3009	3444	1.14	70	1697	118.4	26.8	114	32	 	 
23:43	22:39	13:21:09	9.4	0.9	50.3	3082	3409	1.11	58	2004	116.8	27.8	113	33	 	 
23:44	22:40	13:21:10	9.4	0.9	45.9	2816	3494	1.24	72	1783	128.9	20.3	115	32	 	 
23:45	22:41	13:21:11	9.4	0.9	46.4	2844	3378	1.19	62	1895	117.2	27.6	114	33	 	 
23:46	22:42	13:21:12	9.6	0.9	47.1	2890	3372	1.17	69	1717	118.4	26.8	114	32	 	 
23:47	22:43	13:21:13	9.4	0.9	49.5	3037	3494	1.15	57	2026	114.7	29.1	113	33	 	 
23:48	22:44	13:21:14	9.4	0.9	48.9	2998	3486	1.16	57	2102	119.0	26.5	113	33	 	 
23:49	22:45	13:21:15	9.4	0.9	48.8	2990	3435	1.15	69	1785	123.1	23.9	115	32	 	 
23:50	22:46	13:21:16	9.4	0.9	48.7	2987	3434	1.15	59	1955	116.1	28.2	113	33	 	 
23:51	22:47	13:21:17	9.6	0.9	43.5	2670	3156	1.18	62	1759	108.8	32.8	115	31	 	 
23:52	22:48	13:21:18	9.8	0.9	54.7	3355	3843	1.15	62	2064	127.6	21.1	113	33	 	 
23:53	22:49	13:21:19	9.7	0.9	48.4	2970	3365	1.13	58	1975	113.9	29.6	113	33	 	 
23:54	22:50	13:21:20	9.7	0.9	43.8	2685	3257	1.21	59	1846	109.7	32.2	114	32	 	 
23:55	22:51	13:21:21	9.6	0.9	53.1	3255	3796	1.17	67	1918	129.3	20.1	114	32	 	 
23:56	22:52	13:21:22	9.7	0.9	48.5	2974	3486	1.17	57	2055	116.3	28.1	113	33	 	 
23:57	22:53	13:21:23	9.7	0.9	50.7	3112	3566	1.15	55	2175	119.7	26.0	113	33	 	 
23:58	22:54	13:21:24	9.7	0.9	48.4	2965	3381	1.14	58	1987	114.6	29.2	112	33	 	 
23:59	22:55	13:21:25	9.6	0.9	51.4	3153	3608	1.14	69	1946	134.2	17.1	116	31	 	 
24:00	22:56	13:21:26	9.6	0.9	50.9	3119	3624	1.16	60	2083	125.0	22.8	114	32	 	 
24:01	22:57	13:21:27	9.8	0.9	49.6	3040	3429	1.13	55	2156	117.6	27.3	114	33	 	 
24:02	22:58	13:21:28	9.6	0.9	48.2	2955	3616	1.22	71	1852	132.3	18.2	115	31	 	 
24:03	22:59	13:21:29	9.6	0.9	49.8	3052	3533	1.16	58	2049	119.3	26.2	114	33	 	 
24:04	23:00	13:21:30	9.6	0.9	50.6	3106	3533	1.14	54	2221	120.0	25.8	114	33	 	 
24:05	23:01	13:21:31	9.6	0.9	51.1	3135	3575	1.14	53	2280	121.1	25.2	114	33	 	 
24:06	23:02	13:21:32	9.8	0.9	48.5	2972	3388	1.14	57	2039	116.5	28.0	113	33	 	 
24:07	23:03	13:21:33	9.8	1.1	50.6	3103	3669	1.18	69	1917	132.2	18.3	115	31	 	 
24:08	23:04	13:21:34	9.6	1.3	44.5	2732	3449	1.26	63	1939	121.2	25.1	115	32	 	 
24:09	23:05	13:21:35	9.4	1.3	31.9	1954	3578	1.83	74	1665	123.4	23.8	115	32	 	 
24:10	23:06	13:21:36	9.8	1.3	48.2	2957	3348	1.13	58	2006	115.7	28.5	113	33	 	 
24:11	23:07	13:21:37	9.8	1.3	46.9	2879	3387	1.18	59	1916	112.7	30.3	113	33	 	 
24:12	23:08	13:21:38	9.8	1.3	54.3	3331	3789	1.14	67	1920	129.5	20.0	114	32	 	 
24:13	23:09	13:21:39	9.7	1.3	52.8	3239	3611	1.11	58	2114	122.0	24.6	113	33	 	 
24:14	23:10	13:21:40	9.7	1.3	54.4	3337	3780	1.13	53	2355	125.1	22.7	113	33	 	 
24:15	23:11	13:21:41	9.7	1.3	51.0	3128	3492	1.12	55	2155	118.6	26.7	113	33	 	 
24:16	23:12	13:21:42	9.6	1.3	51.4	3153	3555	1.13	57	2160	122.2	24.4	114	32	 	 
24:17	23:13	13:21:43	9.7	1.3	50.3	3084	3517	1.14	70	1814	126.6	21.8	115	32	 	 
24:18	23:14	13:21:44	9.6	1.3	50.6	3102	3495	1.13	59	2010	119.4	26.2	114	32	 	 
24:19	23:15	13:21:45	9.6	1.3	50.6	3102	3670	1.18	57	2221	126.9	21.6	114	32	 	 
24:20	23:16	13:21:46	9.8	1.3	53.4	3273	3685	1.13	51	2414	123.8	23.5	113	33	 	 
24:21	23:17	13:21:47	9.8	1.3	53.0	3247	3769	1.16	54	2357	126.2	22.0	113	33	 	 
24:22	23:18	13:21:48	9.6	1.7	49.6	3043	3485	1.15	56	2144	119.1	26.4	113	33	 	 
24:23	23:19	13:21:49	9.7	1.8	47.3	2899	3389	1.17	58	1991	116.0	28.3	114	32	 	 
24:24	23:20	13:21:50	9.7	1.8	54.8	3364	3904	1.16	68	1945	132.6	18.0	114	32	 	 
24:25	23:21	13:21:51	9.7	1.8	51.7	3172	3624	1.14	57	2129	120.5	25.5	113	33	 	 
24:26	23:22	13:21:52	9.6	1.8	54.4	3336	3785	1.13	55	2379	131.0	19.1	114	32	 	 
24:27	23:23	13:21:53	9.4	1.8	51.8	3176	3545	1.12	56	2240	124.5	23.1	114	32	 	 
24:29	23:25	13:21:55	9.6	1.8	50.8	3118	3471	1.11	50	2375	118.8	26.6	113	33	 	 
24:30	23:26	13:21:56	9.6	1.8	50.1	3070	3545	1.15	58	2103	122.5	24.3	115	32	 	 
24:31	23:27	13:21:57	9.8	1.8	53.3	3268	3742	1.14	57	2266	129.5	20.0	113	32	 	 
24:32	23:28	13:21:58	9.6	1.8	53.3	3269	3635	1.11	39	2900	113.0	30.2	111	34	 	 
24:33	23:29	13:21:59	9.8	1.8	52.9	3246	3763	1.16	55	2193	119.6	26.1	112	34	 	 
24:34	23:30	13:22:00	9.8	1.8	51.7	3172	3562	1.12	58	2124	122.6	24.3	113	33	 	 
24:35	23:31	13:22:01	9.8	1.8	48.7	2988	3367	1.13	57	2017	114.2	29.4	112	33	 	 
24:36	23:32	13:22:02	9.7	1.9	51.6	3163	3567	1.13	54	2171	117.3	27.5	111	34	 	 
24:38	23:34	13:22:04	9.6	2.3	53.8	3302	3667	1.11	55	2217	122.0	24.6	111	34	 	 
24:38	23:34	13:22:04	9.6	2.3	55.9	3429	3873	1.13	69	1987	137.1	15.3	114	32	 	 
24:39	23:35	13:22:05	9.8	2.3	52.4	3210	3742	1.17	59	2160	128.3	20.7	113	32	 	 
24:41	23:37	13:22:07	9.8	2.3	48.5	2973	3616	1.22	52	2284	119.2	26.4	112	33	 	 
24:42	23:38	13:22:08	9.6	2.3	53.3	3268	3568	1.09	56	2214	124.2	23.3	113	32	 	 
24:43	23:39	13:22:09	9.6	2.3	55.8	3419	3777	1.10	53	2345	123.4	23.7	112	33	 	 
24:44	23:40	13:22:10	9.6	2.3	53.6	3290	3729	1.13	56	2232	125.2	22.6	113	33	 	 
24:45	23:41	13:22:11	9.8	2.3	53.5	3283	3735	1.14	54	2274	122.9	24.0	113	33	 	 
24:46	23:42	13:22:12	9.8	2.3	52.5	3218	3678	1.14	58	2208	127.4	21.3	114	32	 	 
24:47	23:43	13:22:13	9.6	2.3	49.0	3007	3605	1.20	58	2133	124.2	23.2	113	32	 	 
24:48	23:44	13:22:14	9.4	2.3	55.1	3381	3937	1.16	69	2084	143.7	11.2	116	31	 	 
24:49	23:45	13:22:15	9.8	2.3	51.5	3159	3655	1.16	59	2185	129.8	19.8	115	31	 	 
24:50	23:46	13:22:16	9.7	2.3	51.9	3186	3660	1.15	55	2305	125.7	22.3	114	32	 	 
24:51	23:47	13:22:17	9.6	2.3	53.0	3249	3810	1.17	54	2475	132.6	18.1	114	32	 	 
24:52	23:48	13:22:18	9.7	2.6	49.1	3010	3521	1.17	57	2192	124.1	23.3	114	32	 	 
24:53	23:49	13:22:19	9.7	2.8	53.1	3254	3753	1.15	70	1998	139.4	13.9	116	31	 	 
24:54	23:50	13:22:20	9.8	2.8	51.3	3143	3665	1.17	61	2082	127.5	21.2	114	32	 	 
24:55	23:51	13:22:21	9.7	2.8	52.8	3241	3635	1.12	54	2297	123.0	24.0	113	33	 	 
24:56	23:52	13:22:22	9.6	2.8	52.6	3228	3627	1.12	57	2157	123.2	23.8	113	33	 	 
24:57	23:53	13:22:23	9.8	2.8	53.1	3254	3686	1.13	55	2308	125.9	22.2	112	33	 	 
24:58	23:54	13:22:24	9.7	2.8	53.0	3249	3787	1.17	54	2405	128.9	20.4	113	32	 	 
24:59	23:55	13:22:25	9.6	2.8	52.8	3237	3647	1.13	56	2273	126.3	22.0	114	31	 	 
25:01	23:57	13:22:27	9.6	2.8	54.2	3323	3739	1.13	55	2288	126.0	22.2	113	32	 	 
25:02	23:58	13:22:28	9.7	2.8	51.3	3143	3650	1.16	57	2257	127.8	21.0	114	32	 	 
25:03	23:59	13:22:29	9.7	2.8	51.0	3126	3572	1.14	67	1957	131.9	18.5	116	31	 	 
25:04	24:00	13:22:30	9.7	2.8	58.7	3602	4127	1.15	59	2308	137.1	15.3	113	33	 	 
25:05	24:01	13:22:31	9.7	2.8	52.6	3223	3614	1.12	53	2410	128.0	20.9	115	31	 	 
25:06	24:02	13:22:32	9.6	2.8	52.4	3213	3706	1.15	56	2254	126.4	21.9	114	32	 	 
25:07	24:03	13:22:33	9.7	3.3	52.8	3236	3685	1.14	58	2216	127.9	21.0	115	31	 	 
25:08	24:04	13:22:34	9.7	3.4	52.7	3234	3819	1.18	55	2400	132.1	18.4	114	32	 	 
25:09	24:05	13:22:35	9.6	3.4	49.4	3028	3598	1.19	57	2263	129.3	20.1	114	32	 	 
25:10	24:06	13:22:36	9.6	3.4	47.1	2891	3485	1.21	68	1927	131.4	18.8	116	30	 	 
25:11	24:07	13:22:37	9.7	3.4	48.1	2950	3554	1.20	68	1874	127.8	21.0	115	31	 	 
25:11	24:07	13:22:37	9.7	3.4	53.0	3247	3931	1.21	76	1799	136.6	15.6	114	32	 	 
25:12	24:08	13:22:38	9.6	3.4	49.5	3038	3558	1.17	59	2113	124.3	23.2	113	33	 	 
25:13	24:09	13:22:39	9.6	3.4	32.9	2019	3617	1.79	71	1914	135.1	16.5	116	31	 	 
25:14	24:10	13:22:40	9.8	3.4	47.9	2936	3594	1.22	63	1994	126.0	22.2	114	32	 	 
25:15	24:11	13:22:41	9.8	3.4	52.2	3201	3826	1.19	69	2030	140.0	13.5	116	31	 	 
25:16	24:12	13:22:42	9.7	3.4	52.8	3236	3665	1.13	61	2128	130.3	19.5	115	31	 	 
25:17	24:13	13:22:43	9.7	3.4	48.5	2976	3483	1.17	64	1939	123.8	23.5	116	31	 	 
25:18	24:14	13:22:44	9.7	3.4	56.6	3471	4176	1.20	64	2184	139.4	13.8	113	33	 	 
25:19	24:15	13:22:45	9.6	3.4	54.1	3319	3690	1.11	59	2195	129.1	20.2	114	32	 	 
25:20	24:16	13:22:46	9.8	3.4	52.7	3230	3727	1.15	67	2060	137.4	15.1	116	30	 	 
25:21	24:17	13:22:47	9.8	3.5	53.0	3253	3746	1.15	64	2093	133.6	17.5	115	31	 	 
25:22	24:18	13:22:48	9.7	3.5	51.5	3157	3716	1.18	59	2230	131.2	18.9	114	32	 	 
25:23	24:19	13:22:49	9.7	4.1	54.9	3365	4012	1.19	70	2103	146.7	9.3	115	31	 	 
25:24	24:20	13:22:50	9.6	4.1	50.8	3113	3708	1.19	60	2229	133.7	17.4	115	31	 	 
25:25	24:21	13:22:51	9.6	4.1	51.1	3137	3875	1.24	71	2034	145.3	10.2	117	30	 	 
25:26	24:22	13:22:52	9.7	4.1	55.5	3402	3999	1.18	57	2473	140.0	13.5	115	31	 	 
25:27	24:23	13:22:53	9.6	4.1	51.7	3171	3919	1.24	57	2441	138.2	14.6	115	31	 	 
25:28	24:24	13:22:54	9.6	4.1	52.8	3238	3711	1.15	56	2356	132.1	18.4	115	32	 	 
25:29	24:25	13:22:55	9.8	4.1	56.3	3450	3992	1.16	55	2576	140.5	13.2	115	31	 	 
25:30	24:26	13:22:56	9.8	4.1	49.7	3051	3634	1.19	59	2185	129.8	19.8	115	31	 	 
25:31	24:27	13:22:57	9.6	4.1	55.9	3427	3971	1.16	67	2145	144.6	10.6	116	31	 	 
25:32	24:28	13:22:58	9.6	4.1	52.2	3201	3680	1.15	63	2135	133.4	17.5	116	31	 	 
25:33	24:29	13:22:59	9.7	4.1	53.1	3256	3844	1.18	58	2273	131.1	18.9	113	33	 	 
25:34	24:30	13:23:00	9.7	4.1	53.2	3260	3945	1.21	68	2149	146.5	9.4	116	30	 	 
25:35	24:31	13:23:01	9.6	4.1	49.1	3012	3795	1.26	61	2279	138.1	14.7	116	31	 	 
25:36	24:32	13:23:02	9.6	4.1	51.9	3181	3867	1.22	56	2490	138.4	14.5	115	31	 	 
25:37	24:33	13:23:03	9.8	4.6	51.0	3130	3692	1.18	67	2055	138.6	14.4	117	30	 	 
25:38	24:34	13:23:04	9.6	4.6	56.0	3434	3983	1.16	65	2177	142.0	12.3	116	31	 	 
25:39	24:35	13:23:05	9.6	4.7	51.9	3182	3760	1.18	58	2228	128.5	20.6	113	33	 	 
25:39	24:35	13:23:05	9.6	4.7	55.1	3378	4001	1.18	69	2067	142.5	11.9	115	31	 	 
25:40	24:36	13:23:06	9.6	4.7	45.5	2791	3439	1.23	68	1876	127.9	20.9	117	30	 	 
25:41	24:37	13:23:07	9.8	4.7	56.5	3467	4076	1.18	69	2082	143.6	11.2	115	31	 	 
25:42	24:38	13:23:08	9.6	4.7	49.1	3010	3586	1.19	61	2104	128.8	20.4	115	31	 	 
25:43	24:39	13:23:09	9.6	4.7	57.8	3545	4186	1.18	67	2238	150.9	6.8	115	31	 	 
25:44	24:40	13:23:10	9.6	4.7	55.0	3375	3905	1.16	61	2320	142.1	12.2	116	31	 	 
25:45	24:41	13:23:11	9.7	4.7	52.4	3212	3758	1.17	59	2285	134.4	16.9	115	31	 	 
25:46	24:42	13:23:12	9.6	4.7	52.8	3237	3749	1.16	61	2206	133.7	17.4	115	31	 	 
25:47	24:43	13:23:13	9.7	4.7	57.6	3529	4233	1.20	65	2231	145.5	10.1	114	32	 	 
25:48	24:44	13:23:14	9.7	4.7	51.7	3173	3677	1.16	63	2135	133.5	17.5	115	31	 	 
25:49	24:45	13:23:15	9.7	4.7	56.1	3439	4250	1.24	69	2228	153.7	5.0	116	31	 	 
25:50	24:46	13:23:16	9.7	4.7	51.0	3126	3959	1.27	62	2332	144.2	10.9	116	31	 	 
25:51	24:47	13:23:17	9.8	4.7	45.3	2781	3390	1.22	64	1897	121.1	25.2	116	31	 	 
25:52	24:48	13:23:18	9.7	4.7	54.9	3370	3951	1.17	68	2072	141.3	12.7	115	31	 	 
25:52	24:48	13:23:18	9.7	4.7	52.5	3218	3799	1.18	71	2055	146.8	9.3	117	30	 	 
25:53	24:49	13:23:19	9.6	4.8	56.5	3466	4015	1.16	62	2292	141.8	12.4	115	31	 	 
25:54	24:50	13:23:20	9.6	4.8	47.2	2895	3657	1.26	63	2056	129.8	19.8	116	30	 	 
25:55	24:51	13:23:21	9.6	4.8	56.8	3482	4093	1.18	67	2136	142.4	12.0	115	31	 	 
25:56	24:52	13:23:22	9.8	4.8	54.9	3366	3977	1.18	59	2341	137.7	14.9	114	32	 	 
25:57	24:53	13:23:23	9.8	4.8	52.9	3243	3871	1.19	73	1959	143.3	11.4	116	30	 	 
25:58	24:54	13:23:24	9.7	4.8	53.2	3262	3747	1.15	60	2225	133.5	17.5	115	31	 	 
25:59	24:55	13:23:25	9.6	4.8	51.0	3128	3855	1.23	74	2021	149.7	7.5	117	29	 	 
26:00	24:56	13:23:26	9.6	4.8	44.9	2754	3480	1.26	71	1928	137.7	14.9	118	29	 	 
26:01	24:57	13:23:27	9.7	4.8	55.1	3378	4046	1.20	76	1974	149.9	7.4	116	31	 	 
26:01	24:57	13:23:27	9.6	4.8	50.5	3096	3822	1.23	73	1973	144.3	10.8	117	30	 	 
26:02	24:58	13:23:28	9.6	4.8	31.3	1917	3856	2.01	81	1841	149.3	7.7	117	29	 	 
26:03	24:59	13:23:29	9.8	4.8	42.9	2630	3334	1.27	71	1821	130.1	19.6	118	29	 	 
26:04	25:00	13:23:30	9.7	4.8	40.8	2503	4068	1.63	68	2154	146.9	9.2	116	31	 	 
26:05	25:01	13:23:31	9.7	4.8	50.4	3092	3578	1.16	70	2048	142.9	11.7	118	29	 	 
26:06	25:02	13:23:32	9.6	4.8	56.7	3479	4070	1.17	65	2205	143.8	11.1	115	31	 	 
26:06	25:02	13:23:32	9.8	5.2	50.0	3068	3899	1.27	71	2036	143.7	11.2	116	30	 	 
26:07	25:03	13:23:33	9.8	5.2	52.7	3234	3756	1.16	61	2295	139.1	14.0	116	30	 	 
26:08	25:04	13:23:34	9.8	5.3	51.1	3135	4012	1.28	72	2106	152.2	5.9	117	30	 	 
26:09	25:05	13:23:35	9.6	5.3	43.4	2661	3421	1.29	71	1926	135.9	16.0	119	28	 	 
26:10	25:06	13:23:36	9.6	5.3	52.5	3223	4014	1.25	73	1978	144.7	10.5	115	31	 	 
26:11	25:07	13:23:37	9.6	5.3	50.4	3088	3708	1.20	73	1920	140.5	13.2	117	30	 	 
26:12	25:08	13:23:38	9.6	5.3	51.3	3144	3632	1.16	52	2389	124.7	23.0	115	31	 	 
26:13	25:09	13:23:39	9.6	5.3	55.2	3383	3920	1.16	68	2015	137.4	15.1	115	32	 	 
26:14	25:10	13:23:40	9.6	5.3	53.3	3266	3926	1.20	72	1935	139.9	13.6	115	31	 	 
26:15	25:11	13:23:41	9.7	5.3	50.7	3109	3724	1.20	67	1943	131.0	19.0	115	31	 	 
26:15	25:11	13:23:41	9.7	5.3	54.2	3325	3946	1.19	71	2032	143.4	11.4	115	31	 	 
26:16	25:12	13:23:42	9.7	5.3	53.2	3264	3980	1.22	72	2116	153.0	5.5	117	30	 	 
26:17	25:13	13:23:43	9.6	5.3	46.5	2851	3737	1.31	71	1967	140.5	13.2	117	30	 	 
26:18	25:14	13:23:44	9.6	5.3	56.2	3444	4123	1.20	72	2081	150.4	7.0	116	31	 	 
26:19	25:15	13:23:45	9.6	5.3	53.3	3268	4064	1.24	72	2019	145.9	9.8	116	31	 	 
26:20	25:16	13:23:46	9.7	5.3	49.0	3002	3523	1.17	73	1865	136.5	15.6	117	29	 	 
26:20	25:16	13:23:46	9.7	5.3	50.8	3113	3710	1.19	71	1953	139.5	13.8	117	30	 	 
26:21	25:17	13:23:47	9.7	5.3	56.1	3441	4071	1.18	74	2013	149.1	7.8	116	31	 	 
26:22	25:18	13:23:48	9.6	6.0	48.1	2952	3823	1.29	75	1955	146.6	9.4	118	29	 	 
26:23	25:19	13:23:49	9.7	6.0	47.4	2906	3540	1.22	71	1925	135.9	16.0	118	30	 	 
26:24	25:20	13:23:50	9.7	6.1	50.0	3067	3640	1.19	73	1815	132.8	17.9	115	31	 	 
26:25	25:21	13:23:51	9.6	6.2	46.3	2842	3509	1.23	62	2104	130.2	19.6	117	30	 	 
26:26	25:22	13:23:52	9.7	6.2	47.0	2881	3460	1.20	65	2075	133.9	17.3	118	29	 	 
26:26	25:22	13:23:52	9.4	6.2	43.2	2652	3335	1.26	66	2069	136.4	15.7	120	27	 	 
