647
797
496
635
645
667
688
693
669
640
643
674
686
730
776
716
619
938
666
1298
501
724
630
658
706
790
825
857
743
718
681
698
713
717
725
709
667
625
601
646
639
822
921
917
944
938
967
925
870
761
740
727
729
747
765
794
797
837
802
810
799
758
759
764
733
755
771
806
812
762
776
786
798
817
833
846
819
754
728
768
820
830
768
703
703
699
713
742
685
694
687
741
856
865
848
822
772
735
697
635
659
645
670
732
747
693
674
673
739
810
866
883
923
938
912
893
818
767
720
682
618
651
611
638
649
796
831
800
857
942
963
922
895
849
808
795
768
672
650
634
646
644
789
888
874
877
867
850
816
772
768
745
690
655
643
664
794
897
929
982
945
909
879
861
812
763
776
798
836
786
847
874
854
824
812
826
808
831
848
763
800
808
838
786
822
849
845
815
848
861
815
819
820
796
767
771
747
752
758
820
832
827
706
685
686
688
676
684
709
747
767
778
801
811
783
766
734
709
686
667
658
655
650
656
683
747
787
783
731
710
722
736
733
727
729
715
633
626
662
626
690
949
947
933
960
967
951
944
927
885
834
799
802
790
785
799
819
791
717
694
678
698
757
796
781
770
759
687
673
666
686
722
753
767
764
693
700
688
693
711
652
654
643
723
804
816
777
743
749
735
730
726
710
694
683
678
689
729
731
729
724
706
685
681
735
791
801
771
696
685
634
678
643
669
738
782
771
730
714
724
719
728
770
853
783
782
767
800
814
756
702
717
735
698
683
686
706
736
760
806
818
859
889
903
888
880
798
771
758
796
783
848
909
842
887
870
882
897
897
851
873
862
813
854
861
877
856
877
880
785
793
824
851
838
839
850
774
811
828
856
854
856
842
796
827
832
849
885
888
849
828
754
750
762
777
823
783
825
857
906
896
886
852
840
839
830
851
844
833
821
797
813
810
754
771
762
791
762
811
810
751
821
845
820
829
840
835
782
804
786
732
716
682
697
723
763
763
808
840
866
850
796
759
723
724
753
793
852
868
851
829
798
806
815
841
829
833
792
736
735
731
730
711
744
763
799
833
896
918
870
896
881
873
810
822
804
747
721
708
734
751
757
801
854
864
888
895
882
813
837
831
826
772
793
804
801
835
863
894
860
890
874
855
812
822
817
830
808
803
784
697
729
780
887
887
904
893
880
854
841
832
784
822
832
863
837
873
854
770
760
740
745
752
788
818
760
683
635
672
659
688
677
694
727
693
681
715
739
747
695
713
704
693
684
688
690
687
686
695
688
647
635
648
691
743
769
790
796
800
786
779
757
689
668
676
700
773
834
857
842
719
696
689
696
701
726
735
758
716
714
748
773
823
863
883
907
849
834
795
726
723
698
703
736
750
759
740
753
784
808
811
829
818
723
683
697
704
743
816
819
833
802
801
792
808
814
816
844
857
845
879
881
873
841
814
816
771
737
702
685
688
742
828
934
960
866
843
825
847
827
763
738
730
749
757
783
813
832
799
843
870
880
871
806
807
795
769
767
784
784
779
799
801
810
779
806
771
792
815
819
825
842
864
867
896
913
890
832
828
804
789
787
810
875
869
910
908
884
851
798
776
771
743
774
763
783
808
871
850
875
878
868
800
758
702
688
700
754
816
824
869
878
854
835
811
771
751
772
813
865
854
887
900
860
851
804
780
708
707
710
760
805
816
871
889
853
880
841
803
797
766
774
755
718
728
727
756
759
737
708
710
684
677
685
703
721
729
761
730
784
782
839
802
779
725
704
693
705
680
646
676
641
632
627
620
592
585
620
592
573
566
566
563
562
558
557
559
558
557
555
553
546
543
543
539
536
541
536
530
527
521
545
640
733
747
706
672
739
792
800
742
730
736
747
707
688
718
814
810
789
786
840
800
784
781
770
777
701
720
662
652
643
635
608
587
593
583
605
553
578
558
551
548
544
541
539
538
534
535
533
524
524
521
521
520
523
541
562
565
545
553
572
579
581
571
577
568
379
734
549
545
539
537
541
540
536
530
539
551
563
582
600
617
626
670
662
637
628
634
641
632
621
624
628
629
613
622
614
602
602
588
588
584
582
580
571
572
573
580
593
611
612
638
647
637
627
628
615
602
603
597
585
594
590
617
619
631
635
609
646
620
606
589
618
580
559
561
556
551
553
549
552
550
557
565
571
583
602
615
623
626
645
648
688
635
609
620
662
661
703
729
710
673
672
670
668
630
622
645
691
712
736
794
792
732
704
687
670
649
641
637
633
646
638
627
621
635
662
650
668
695
719
686
659
648
638
620
607
599
598
602
622
627
615
619
629
637
646
685
688
625
615
604
603
611
620
627
614
617
630
635
638
655
679
716
714
714
739
737
686
695
718
743
731
746
779
747
754
738
735
700
702
714
760
723
744
765
789
729
729
757
727
705
671
700
696
715
699
714
669
677
662
651
628
626
612
623
640
642
667
677
698
682
716
745
798
787
771
737
659
647
640
634
597
615
587
566
578
633
664
661
656
708
719
668
655
658
657
656
656
670
786
829
794
762
768
763
719
709
698
708
706
679
684
696
736
762
743
734
695
700
674
651
616
616
610
614
625
630
632
620
604
630
616
630
626
617
636
702
759
746
725
738
729
695
682
656
657
646
638
634
633
621
612
619
615
622
620
618
624
633
622
590
632
601
605
599
603
608
614
620
601
581
584
568
603
595
598
563
566
553
590
565
562
584
595
600
607
617
605
615
618
626
612
634
621
603
609
590
593
585
588
599
604
619
614
637
649
632
624
619
599
595
604
596
604
596
605
607
621
612
618
615
614
588
599
579
576
565
575
560
567
568
571
569
588
604
628
669
683
643
602
585
604
572
547
553
583
526
534
536
530
539
517
512
514
514
506
509
502
499
500
495
493
492
501
482
481
481
482
474
473
475
489
483
483
475
479
485
477
471
477
478
479
469
469
483
483
472
475
477
484
470
469
475
474
474
466
466
473
471
471
463
463
471
465
464
462
459
465
466
478
470
470
467
468
469
460
455
461
462
462
457
461
462
462
465
461
460
459
454
460
464
466
459
458
464
464
466
455
456
458
455
460
454
453
449
448
457
451
452
441
440
441
438
446
449
458
446
445
444
443
452
447
454
452
452
456
448
454
450
454
448
443
448
445
453
453
444
444
441
448
447
447
443
444
441
443
438
440
449
442
442
433
430
433
430
438
437
447
445
438
436
437
438
440
438
439
440
438
440
441
446
465
468
463
455
452
450
446
448
448
448
445
445
442
441
443
443
453
442
442
442
441
442
441
448
439
444
447
452
454
447
453
448
442
441
437
438
434
438
434
436
431
434
436
438
436
433
440
439
450
439
443
443
447
447
441
448
443
439
441
438
442
440
440
433
438
434
431
431
430
436
435
437
432
437
433
430
432
432
435
434
445
439
438
436
433
436
433
436
437
442
436
438
432
426
425
424
429
423
434
432
438
430
429
428
429
428
426
431
432
440
438
438
438
438
444
438
442
438
445
433
434
431
430
436
435
439
439
440
434
435
431
431
432
428
436
433
442
435
437
434
433
439
442
448
437
438
435
434
431
426
432
429
437
424
429
423
430
426
423
425
425
432
424
430
430
428
420
421
420
420
425
425
430
423
431
430
435
429
428
425
428
430
427
427
427
433
434
437
433
431
428
429
429
424
425
424
432
428
433
434
436
427
428
426
426
428
424
428
423
427
427
430
429
423
427
423
423
419
427
424
432
426
437
431
429
427
427
431
429
430
432
439
442
438
439
437
443
444
445
438
441
438
437
441
437
440
438
442
433
431
432
427
433
428
429
427
432
429
430
425
422
427
422
428
426
429
429
431
428
429
426
422
423
424
426
422
420
420
427
421
427
420
419
421
421
420
423
425
425
427
428
426
422
424
419
422
423
420
422
421
429
423
432
427
429
423
420
415
417
417
417
422
424
421
424
429
429
433
436
436
437
432
433
428
436
433
438
434
439
436
434
432
435
438
435
440
441
448
441
438
432
434
437
430
441
434
438
439
438
433
433
438
438
437
436
436
438
436
442
438
438
439
443
434
432
428
427
429
425
423
423
429
423
427
423
417
420
419
420
418
418
417
427
421
429
420
419
412
411
412
412
414
410
417
413
420
417
422
416
427
417
420
420
422
421
420
424
421
421
421
427
421
424
416
421
417
418
414
412
413
414
416
412
410
407
414
414
411
410
412
409
411
412
409
412
411
416
413
415
411
420
416
423
420
427
421
418
420
419
419
417
417
415
423
420
422
416
419
416
419
425
426
426
423
426
423
431
426
427
418
420
417
419
417
414
419
415
425
416
421
416
422
424
414
420
415
419
416
415
415
422
418
422
414
419
411
410
414
412
412
410
409
410
417
413
418
413
418
410
409
409
408
410
413
410
407
411
408
411
411
411
409
416
419
420
418
423
424
421
428
432
433
430
430
424
431
434
434
430
432
435
434
438
442
442
441
436
433
435
435
432
438
438
447
452
446
446
444
443
438
438
442
445
446
446
445
447
440
444
438
441
446
440
447
446
444
448
449
448
458
466
467
480
479
494
494
494
491
497
493
483
483
495
486
495
490
499
499
499
489
489
490
504
525
542
537
529
525
525
518
510
508
510
507
494
489
487
486
491
494
501
499
506
505
506
526
535
538
529
530
536
526
523
522
529
530
520
520
521
535
532
527
527
526
532
550
553
543
542
534
536
521
511
504
498
498
495
494
492
521
546
621
650
612
591
578
568
552
545
543
557
550
546
546
557
561
551
537
539
543
545
539
539
536
532
539
547
565
573
565
553
548
546
538
534
528
527
544
564
552
559
555
553
536
536
526
533
543
536
535
537
534
538
562
574
561
550
543
552
546
543
538
531
538
534
531
534
531
547
544
539
543
542
550
543
546
546
552
551
542
544
549
554
549
552
553
563
558
561
563
560
558
547
545
540
541
536
543
546
555
550
569
559
557
558
559
554
550
550
561
561
558
552
554
563
557
562
556
561
562
556
546
527
524
530
529
542
546
547
547
537
538
560
578
605
621
583
580
575
569
560
557
563
570
568
566
564
568
559
562
551
561
564
562
565
563
575
559
545
546
542
538
534
531
538
539
537
535
534
551
549
544
553
557
563
565
563
574
567
574
560
562
556
551
549
546
537
526
527
535
539
538
546
555
589
578
567
565
562
571
556
560
542
540
532
534
534
531
527
526
531
520
515
515
516
511
512
504
511
513
511
506
509
516
514
515
514
514
507
507
508
507
512
512
515
518
513
507
500
500
501
504
500
502
496
504
497
500
498
502
493
499
496
503
495
500
498
504
496
498
494
497
490
504
495
495
489
496
494
499
487
489
491
496
485
488
485
492
481
485
478
485
479
479
480
483
482
478
485
492
486
493
489
494
496
497
495
498
500
504
494
492
495
498
489
488
491
489
484
481
485
484
483
482
484
490
489
497
489
490
491
490
482
480
478
476
469
477
478
478
474
473
479
475
481
473
481
478
481
477
479
484
484
486
480
484
483
483
477
483
481
479
477
475
482
479
483
482
481
483
482
482
481
485
479
478
471
472
474
473
472
468
469
471
471
472
473
482
483
482
479
487
487
495
493
484
484
483
483
488
495
495
492
483
492
489
483
481
491
485
481
484
489
487
490
486
483
477
477
479
479
475
474
475
478
474
478
479
488
487
494
490
497
494
501
489
493
491
492
487
483
487
493
485
483
481
483
486
478
480
479
482
477
476
472
477
473
473
474
471
478
474
474
473
473
475
473
481
480
492
490
488
497
494
495
487
493
485
487
476
481
478
478
477
481
482
475
478
479
473
468
463
464
460
464
465
468
478
477
480
470
478
475
475
473
476
477
476
476
482
485
487
479
495
495
492
479
488
484
486
479
479
479
476
474
475
475
470
468
470
471
468
463
466
467
466
469
471
481
489
493
495
484
478
474
464
470
468
453
466
460
457
466
462
462
458
455
464
465
463
464
465
477
476
478
479
485
483
479
479
482
485
481
479
481
478
472
465
466
475
474
480
480
485
483
477
476
477
476
479
479
479
484
486
491
492
496
501
503
505
495
509
508
521
518
521
512
499
492
483
497
496
499
511
521
525
526
521
520
511
502
507
514
514
519
533
536
530
526
528
512
513
514
512
507
517
519
521
519
521
533
524
531
518
521
516
519
513
521
527
535
548
543
543
535
545
551
538
534
528
530
544
545
538
533
527
529
528
523
523
524
543
534
540
531
542
532
524
527
522
539
533
534
525
526
524
541
562
563
559
559
572
553
550
537
546
529
534
521
524
520
523
531
550
580
565
566
570
569
560
550
555
542
539
539
542
562
561
541
545
545
545
544
549
551
577
574
565
562
563
565
564
550
528
531
524
523
523
523
526
522
532
529
537
532
534
529
524
535
545
563
559
559
554
560
543
550
539
545
535
543
540
546
539
544
542
548
548
537
540
543
537
530
523
516
516
518
523
529
535
541
559
548
561
565
582
575
564
561
560
537
533
522
522
519
527
531
531
534
529
535
530
532
527
532
528
532
529
537
541
529
541
536
532
532
532
530
1076
528
537
535
539
530
536
529
527
522
521
521
514
526
532
546
551
546
552
547
542
539
538
537
531
516
513
512
507
512
511
537
554
552
546
554
563
547
553
560
559
543
545
547
555
543
552
546
550
539
542
532
533
532
540
541
556
550
552
552
550
550
546
548
552
541
548
543
546
538
544
542
556
542
555
542
545
535
544
538
541
531
535
535
535
541
535
537
536
539
534
539
539
543
543
550
553
549
550
540
535
531
528
529
528
525
536
555
551
542
531
534
522
527
527
523
529
530
530
528
528
525
536
527
539
530
532
525
521
515
510
520
541
579
575
565
542
527
518
519
516
513
512
515
512
510
509
515
515
521
537
541
543
544
558
551
549
546
551
540
524
533
528
529
525
528
526
530
526
521
514
521
517
521
523
521
525
530
529
532
528
524
526
533
531
526
529
525
523
516
511
513
517
506
512
512
510
515
515
517
518
521
526
526
523
520
522
522
519
516
508
521
510
513
516
516
513
511
514
516
516
518
519
517
519
525
523
528
523
527
533
536
522
1059
531
528
524
523
520
524
514
521
515
524
514
522
518
520
521
521
515
520
516
516
510
502
499
499
502
501
496
494
493
508
507
523
532
537
532
536
532
524
523
527
523
516
508
515
509
513
508
503
501
494
501
1000
499
507
509
509
510
507
510
512
516
515
513
510
511
511
508
511
500
505
503
505
503
504
500
504
503
503
504
501
513
501
511
496
504
501
505
503
502
501
504
500
499
494
498
492
492
487
494
499
505
509
503
506
515
517
514
506
511
1023
1015
499
495
497
995
504
1031
363
1629
486
486
485
480
487
486
490
495
491
487
486
491
719
754
491
486
498
494
489
489
981
476
479
482
480
479
475
475
475
472
479
483
485
495
480
489
490
488
490
489
492
493
493
480
480
945
475
472
473
468
467
460
462
458
458
939
479
482
487
501
491
497
485
482
478
477
490
486
480
477
481
485
481
475
473
479
481
479
476
472
472
482
472
470
472
471
473
465
474
464
466
461
463
467
464
472
931
461
462
473
466
468
460
461
459
464
473
465
461
456
459
464
458
457
454
451
451
447
457
455
454
448
451
453
453
454
453
451
452
447
448
444
450
446
450
447
447
443
441
439
442
447
450
445
440
441
439
436
436
435
441
438
440
433
433
434
431
437
432
436
433
440
437
434
432
428
434
424
431
429
435
427
426
424
426
426
425
425
425
428
849
423
428
426
431
432
430
426
429
431
428
435
429
438
431
431
430
426
425
422
844
422
412
429
420
428
424
429
419
423
421
427
424
422
424
422
428
426
431
424
427
425
426
426
424
425
849
425
422
421
848
419
423
420
423
426
417
422
426
423
428
417
423
422
420
426
854
424
430
424
426
427
427
431
428
425
853
427
430
424
425
425
421
423
422
424
422
427
419
429
422
426
424
418
421
418
421
422
417
418
420
414
418
419
418
417
416
422
411
423
413
419
831
416
411
413
828
411
411
409
417
407
427
417
426
413
415
412
409
412
408
406
407
411
409
410
406
413
404
411
406
413
411
402
813
409
406
407
402
407
402
808
408
406
409
342
1292
406
405
408
402
403
405
406
401
418
408
417
412
417
415
425
416
416
413
412
417
412
411
408
412
407
413
401
406
407
402
401
398
407
406
399
404
411
401
411
412
397
407
398
405
399
407
401
405
405
407
403
408
404
408
399
405
401
398
405
400
408
399
408
401
407
400
410
401
405
400
399
400
396
402
397
405
794
396
410
402
401
795
792
785
386
393
391
389
394
393
392
393
605
862
700
352
4135
470
386
391
389
392
393
394
390
393
385
395
780
386
390
385
391
387
390
383
391
380
388
382
390
382
388
383
384
385
382
380
384
382
380
381
763
377
754
381
375
383
377
378
376
382
372
377
372
381
374
380
375
381
372
377
373
382
373
376
374
380
373
380
376
378
374
380
377
378
377
382
375
380
375
379
374
380
373
378
373
379
372
375
371
379
372
374
368
377
371
372
371
372
370
378
369
374
371
374
369
377
367
374
369
377
365
372
368
378
363
373
367
374
367
369
367
364
368
370
357
367
360
362
363
361
361
361
363
359
363
357
365
361
360
363
365
360
363
362
364
360
365
360
364
361
363
358
363
357
363
361
362
361
362
357
360
358
358
362
357
366
360
368
363
367
364
368
364
374
367
374
368
375
369
373
364
372
366
373
365
370
369
371
370
370
370
372
368
372
367
375
363
375
366
373
365
371
368
372
365
376
364
377
359
370
362
730
370
366
367
363
366
362
367
359
364
356
368
359
363
358
355
357
358
359
353
354
355
357
355
359
350
365
359
365
357
365
357
365
359
368
360
362
360
363
355
363
358
363
719
353
364
360
359
354
361
352
354
355
360
354
358
354
709
354
355
354
355
354
358
354
360
353
363
357
364
356
359
360
360
357
361
358
360
352
362
354
361
354
362
356
358
355
357
353
356
352
355
347
348
351
351
349
353
354
353
355
350
356
352
357
354
356
701
353
359
353
359
349
357
353
354
353
353
350
352
351
354
350
347
352
347
354
348
355
348
355
351
356
348
355
352
357
354
354
352
357
350
353
354
357
347
353
346
352
353
350
347
345
354
348
352
349
356
349
351
1051
355
350
354
349
354
347
348
351
351
348
349
344
342
348
344
349
343
347
345
348
346
349
345
349
349
350
345
349
347
351
348
349
343
346
345
342
349
341
345
338
349
341
350
343
349
345
347
345
345
343
343
344
686
342
348
343
350
336
349
344
690
346
344
687
339
346
339
346
342
347
336
347
336
347
686
341
341
339
679
673
336
338
333
336
336
340
333
339
334
676
332
335
334
342
327
333
335
670
671
332
337
327
340
330
339
331
339
328
336
335
337
331
333
336
331
331
663
333
337
330
331
334
331
335
330
338
330
331
328
334
332
339
331
334
334
332
338
328
664
338
331
336
333
332
336
329
337
331
340
331
336
331
339
334
340
336
334
335
336
671
665
341
335
337
332
339
331
337
659
336
330
339
669
330
335
458
543
332
337
329
333
327
336
332
336
331
333
333
668
329
341
323
670
336
333
336
330
333
337
325
337
328
337
325
336
331
334
331
328
330
327
331
323
330
326
331
329
335
328
328
331
329
335
324
328
328
333
331
334
327
330
337
327
334
327
333
326
336
330
334
330
330
329
325
334
327
328
325
332
324
336
654
330
324
334
318
331
325
327
329
326
327
326
328
322
333
321
330
328
327
325
323
328
319
331
321
331
323
331
326
326
653
327
323
326
653
324
654
647
835
471
1949
512
1101
316
961
968
318
328
642
329
318
973
650
323
651
319
325
646
325
326
323
323
646
639
324
322
325
320
323
458
503
324
639
327
321
319
321
322
320
318
320
319
324
318
321
321
321
324
316
318
320
321
321
326
324
319
326
320
327
320
323
321
326
324
319
327
319
328
318
323
322
325
320
328
317
320
325
320
322
321
323
321
321
321
316
325
318
323
317
323
320
324
321
314
322
314
321
318
317
318
642
320
318
320
321
318
321
321
320
320
320
322
644
319
322
325
318
646
636
323
319
321
315
325
326
309
322
317
322
320
316
322
317
324
312
323
317
322
638
315
640
313
322
319
320
321
637
317
320
308
328
317
320
316
317
322
313
318
319
318
316
318
318
320
315
316
315
319
320
314
314
318
315
627
318
319
313
317
313
322
312
317
314
320
316
319
314
315
319
312
318
315
318
314
318
313
313
319
310
322
313
316
318
308
322
306
320
314
317
315
635
309
631
318
313
317
313
627
311
311
315
313
945
315
314
306
635
631
629
312
312
313
317
311
1278
334
666
358
775
689
942
309
419
521
312
314
310
313
313
311
313
312
623
313
308
305
318
618
307
315
501
435
310
622
314
309
313
936
311
313
306
312
313
306
313
310
312
309
308
313
628
303
317
313
315
310
313
312
313
313
313
312
310
310
316
315
312
310
315
315
309
315
314
319
308
314
313
316
310
318
314
315
311
314
313
318
317
313
315
312
314
316
321
311
319
318
313
315
319
320
322
318
322
314
319
319
318
316
319
315
320
320
319
326
315
325
317
322
318
324
324
327
330
335
342
346
351
355
354
356
348
358
355
354
345
354
348
349
339
349
344
347
340
339
342
343
345
337
342
342
341
337
344
343
347
340
345
347
350
340
348
343
348
346
346
343
346
346
341
341
344
347
343
351
345
344
348
351
349
349
352
354
352
349
354
354
355
355
357
357
356
354
359
360
361
356
356
358
356
360
359
352
355
354
359
352
359
358
359
716
353
367
358
360
353
372
360
362
3265
362
364
364
364
367
725
363
1097
743
369
371
370
371
375
371
376
370
752
377
755
374
382
374
385
675
474
383
388
388
391
384
391
384
388
382
385
386
585
569
385
773
4359
2420
788
397
402
398
401
405
402
402
403
406
406
405
812
400
401
404
397
402
406
401
398
410
465
357
413
417
416
415
420
417
415
426
423
422
424
424
846
1256
441
856
854
430
430
424
425
1721
434
305
2706
438
625
670
867
458
450
307
2681
2183
441
436
862
433
428
436
429
432
1303
1308
439
438
1311
438
878
867
441
1320
445
350
599
847
466
2605
453
443
452
447
452
452
1809
452
450
450
447
452
444
443
452
449
910
449
455
463
454
462
454
466
459
914
457
456
458
913
455
463
498
415
466
457
464
463
462
462
463
469
458
461
460
462
464
457
461
462
472
461
469
468
466
475
939
459
473
468
461
463
458
462
457
466
463
450
467
464
924
459
925
460
456
447
454
453
450
453
442
447
458
449
454
456
455
914
930
460
458
457
465
459
465
465
454
464
464
463
458
461
467
460
460
464
453
463
461
930
456
466
466
470
462
463
464
471
465
465
462
471
469
464
472
465
468
466
462
457
464
458
462
458
463
459
470
469
465
469
471
472
480
479
475
477
473
481
475
478
470
473
475
474
469
461
479
472
469
476
476
474
475
481
477
472
474
471
476
483
479
477
466
481
482
474
472
470
479
474
479
480
472
481
471
478
477
475
481
469
476
479
480
471
478
481
479
475
479
479
479
483
480
477
473
478
476
473
484
478
481
478
482
486
476
482
480
481
478
482
483
471
480
954
473
470
483
472
489
472
473
483
482
483
486
483
485
476
481
477
482
475
473
478
477
475
479
962
472
477
482
954
468
483
480
477
473
478
477
477
475
479
475
479
479
480
481
477
478
476
483
478
473
486
476
479
482
962
470
473
478
479
470
468
481
478
478
475
477
478
474
472
478
477
475
473
475
474
470
470
469
467
474
457
468
462
465
927
467
464
922
463
466
466
463
467
470
467
477
476
482
475
479
479
485
482
479
482
477
484
483
487
480
478
481
481
482
480
477
486
476
478
477
478
490
476
482
482
488
476
478
483
479
479
476
480
480
475
472
472
467
471
471
466
477
472
476
476
471
479
471
479
466
468
469
463
465
461
464
465
460
472
460
465
479
469
469
471
949
466
481
957
1199
256
496
262
546
984
990
694
1928
2181
264
1647
1065
571
2299
724
1309
364
274
336
477
265
862
3255
1372
4580
484
479
480
477
973
480
901
1503
477
952
468
361
599
474
479
473
476
477
952
470
476
484
963
478
490
769
591
581
492
479
480
482
952
952
485
953
478
482
486
486
474
484
477
481
480
483
477
479
479
480
479
479
480
474
484
477
479
482
481
488
474
483
479
479
475
472
478
478
477
474
472
480
474
483
477
480
484
479
479
481
481
476
477
475
482
944
470
480
478
478
475
959
481
480
484
477
485
467
473
474
465
472
465
472
472
466
476
466
473
468
943
471
477
481
482
483
478
487
482
484
480
953
476
476
477
477
484
472
478
960
478
469
479
473
480
469
478
479
475
479
609
547
269
952
477
476
485
946
475
753
675
863
315
742
393
572
886
388
567
1062
476
958
846
585
869
1037
479
479
881
418
631
262
431
758
486
485
654
307
473
406
352
1157
942
480
1075
361
962
347
537
335
1206
487
485
969
478
485
481
813
618
471
474
474
1808
608
952
1737
1162
1043
399
1438
480
478
754
676
478
479
477
477
471
479
475
476
479
957
962
485
484
481
480
488
482
484
476
482
481
478
481
479
962
479
482
488
478
480
481
485
473
400
561
960
483
966
478
486
475
481
478
479
478
480
479
473
965
471
481
344
392
273
506
259
536
674
309
1052
484
1377
479
3275
402
1632
575
502
2142
747
351
617
486
479
479
484
487
961
480
489
489
479
483
484
487
486
486
489
966
475
481
476
479
470
476
478
474
469
475
468
475
474
477
482
477
486
485
481
486
579
381
482
482
484
477
478
483
481
479
474
481
483
480
480
483
479
490
985
995
490
995
492
496
485
489
491
483
486
330
631
960
488
475
978
2534
1518
479
1383
2267
1305
3159
315
966
352
270
1255
1135
2262
469
2233
1058
465
467
470
476
469
477
476
476
477
539
410
2854
1546
1189
1150
618
800
479
953
481
485
484
480
482
483
482
1433
1453
489
947
736
719
479
963
483
1952
1036
1347
475
471
946
387
1496
464
940
476
475
467
477
473
476
481
485
484
486
1954
491
1200
734
482
479
481
478
479
479
476
478
477
478
481
483
489
483
490
501
984
492
495
492
488
973
259
1191
479
487
1450
1458
497
491
490
486
479
292
488
287
374
1876
724
690
467
955
477
698
853
595
1139
2191
2086
402
1224
264
380
705
2416
407
1040
528
514
510
517
1034
521
545
568
571
612
631
617
607
595
583
260
699
371
357
549
548
534
532
524
526
1586
3224
3337
571
438
688
1121
555
554
548
1087
563
579
609
7688
702
683
611
821
711
287
385
599
575
1656
531
517
516
512
515
518
520
824
750
518
514
519
539
553
543
573
605
682
698
651
594
589
567
576
539
557
1101
370
740
542
550
420
724
591
343
341
537
455
2103
621
450
710
570
563
556
557
559
581
579
579
1129
578
1197
364
326
694
671
617
608
350
805
562
559
574
350
854
584
580
580
671
487
593
610
608
608
640
621
629
593
1163
566
558
563
546
551
550
1118
568
598
598
601
610
634
664
669
634
608
612
600
584
573
568
558
557
552
549
546
539
547
527
527
544
532
580
663
805
744
700
630
601
578
572
548
541
535
527
540
521
523
529
538
543
540
556
533
536
540
540
521
525
536
549
548
539
545
553
575
582
584
444
562
725
573
567
561
568
549
1085
542
557
306
833
548
1111
571
594
642
986
330
759
670
1262
611
600
591
588
585
579
569
567
549
284
807
531
527
533
547
565
564
579
591
590
601
597
597
569
585
584
584
585
576
578
573
566
556
548
547
575
626
631
621
655
663
670
648
634
611
589
590
564
554
556
563
579
586
620
632
637
648
643
599
603
584
585
572
568
579
609
608
632
599
624
612
653
655
655
642
649
640
641
639
618
624
606
437
749
563
576
543
524
554
526
537
550
583
603
600
384
3052
582
565
567
559
560
550
554
579
578
595
591
631
633
712
708
689
651
625
605
592
590
564
564
563
576
583
604
606
593
588
581
603
583
599
581
588
594
587
569
584
561
564
574
556
590
578
603
616
619
609
581
602
396
341
479
1797
593
965
734
404
524
747
543
575
714
712
787
819
727
707
711
701
656
626
618
609
608
595
593
593
590
545
583
607
619
625
614
601
588
586
570
578
579
608
594
626
670
661
635
652
675
669
644
623
608
598
592
584
580
566
563
593
622
637
629
633
604
600
582
582
591
608
638
672
774
771
754
663
641
632
608
604
598
597
602
600
592
578
601
631
646
621
604
619
581
598
605
610
609
610
605
603
593
569
566
563
571
585
600
602
604
568
603
564
574
580
609
647
625
635
624
644
616
607
599
659
658
658
639
607
622
604
264
337
596
598
596
599
604
600
592
582
616
633
640
629
650
648
661
656
661
668
657
646
639
627
617
612
611
606
606
605
615
618
616
627
629
628
638
627
620
604
591
590
584
603
570
572
571
580
563
567
562
561
545
560
573
563
567
556
561
569
554
559
567
562
564
563
565
563
563
560
561
557
559
561
562
563
561
562
561
562
564
566
570
550
333
771
544
536
533
529
527
522
521
521
515
510
521
537
557
706
890
800
765
746
683
640
613
614
608
521
664
587
585
580
575
573
571
576
572
578
578
576
566
568
548
545
539
547
555
564
574
592
596
621
632
630
597
568
583
565
563
550
548
548
554
584
636
688
679
659
657
618
605
581
585
584
592
602
621
626
672
694
692
703
719
698
661
669
650
629
613
641
633
639
621
615
615
624
636
421
781
913
703
687
677
654
641
638
639
652
622
614
607
608
611
622
612
651
653
646
628
630
636
638
632
617
646
667
636
617
612
605
635
646
645
625
612
605
589
566
555
588
548
544
561
610
708
766
784
783
766
729
708
705
669
661
644
623
603
604
602
604
610
635
654
753
668
630
598
602
611
627
614
594
593
597
581
586
581
596
592
629
649
645
659
685
689
683
645
643
631
616
609
598
591
584
567
566
563
563
563
562
566
563
557
561
560
556
557
553
556
557
549
548
542
563
577
555
606
625
642
609
605
586
584
566
556
554
545
546
553
564
583
589
584
593
585
585
564
562
563
567
578
603
551
1341
638
625
605
601
590
582
576
569
561
567
546
549
536
553
583
646
682
671
665
674
670
651
622
594
588
584
576
581
591
598
606
607
604
613
604
597
609
648
645
640
647
620
631
607
625
621
623
627
636
649
656
666
661
663
650
634
680
648
671
643
627
611
599
591
578
575
552
553
556
564
581
587
575
585
579
628
653
669
661
635
608
597
581
575
574
576
574
572
572
573
574
555
554
564
577
616
628
509
713
595
586
603
617
624
618
613