751
716
756
788
740
753
735
737
711
679
683
664
662
669
663
701
696
744
729
705
688
647
672
638
654
649
655
674
683
695
670
693
697
717
747
776
766
788
803
800
785
793
756
770
775
767
779
771
775
780
714
716
686
724
756
770
813
838
870
873
869
771
743
755
767
801
797
791
773
769
827
851
861
866
810
797
781
778
804
727
737
766
784
830
833
769
735
852
890
892
873
871
811
745
704
723
797
845
896
899
912
890
863
809
765
740
682
673
682
669
688
688
700
732
811
877
936
953
926
926
911
872
853
820
767
767
766
805
812
794
740
741
692
678
712
740
799
811
800
902
855
808
815
855
875
808
783
772
755
769
775
785
769
774
769
788
790
798
790
811
843
850
826
811
775
744
759
910
963
1001
987
958
958
932
920
920
883
866
878
872
869
889
857
816
795
846
864
886
903
908
881
877
869
879
867
875
886
865
855
834
840
873
906
903
887
824
861
910
945
940
923
919
864
854
850
818
859
903
916
903
855
845
844
854
824
843
843
796
772
749
761
810
813
808
847
902
918
875
830
813
808
823
811
795
772
817
881
907
938
914
915
910
911
884
877
861
872
885
841
853
893
913
873
861
853
796
783
813
850
918
906
922
942
942
890
829
803
846
907
985
967
928
940
933
926
846
825
824
834
820
854
908
932
880
826
849
859
880
876
888
890
857
835
851
879
871
874
876
840
854
884
882
835
818
847
865
790
784
773
752
751
704
707
705
725
812
845
839
840
829
784
767
748
746
760
769
768
789
793
810
801
776
757
757
770
789
823
834
784
774
790
813
854
895
906
859
805
762
734
803
929
907
944
927
941
920
886
875
857
812
813
812
848
872
846
804
789
825
895
872
824
815
795
778
764
738
738
766
768
757
779
797
828
833
838
844
876
873
904
901
863
826
863
921
952
928
885
850
863
852
881
855
877
871
890
891
843
827
823
802
806
802
844
843
851
869
868
826
774
760
809
910
964
947
909
879
871
830
835
816
794
764
733
717
771
820
858
878
877
857
860
877
882
846
814
771
818
874
912
933
934
916
886
851
868
864
878
861
889
911
897
846
840
857
869
860
843
904
893
866
843
892
889
855
841
850
855
821
801
775
784
848
931
956
979
942
958
937
891
866
867
860
842
882
891
881
855
882
882
855
896
933
918
854
851
829
803
800
845
856
854
911
889
863
881
885
843
837
896
922
916
879
897
900
888
837
875
871
904
885
949
894
856
823
852
912
914
903
854
845
866
882
870
927
944
925
904
928
912
899
875
895
919
915
893
915
918
906
873
915
909
879
834
789
805
816
829
810
802
813
796
834
843
847
829
839
844
844
823
839
848
828
822
837
853
819
863
901
920
898
920
918
925
884
916
925
926
908
882
917
961
961
934
916
879
846
834
848
870
888
843
886
882
903
879
913
907
901
821
782
788
836
873
945
930
933
949
938
930
876
895
876
867
859
802
800
796
813
799
826
889
857
839
784
771
777
809
850
859
844
777
768
737
718
688
692
698
698
729
799
849
854
872
858
838
854
882
874
847
816
764
770
762
772
802
801
774
805
832
872
882
823
810
799
787
776
826
871
915
846
838
833
832
802
800
813
816
793
799
818
824
854
815
777
785
799
819
799
811
857
863
863
829
862
886
883
878
855
802
824
773
717
703
673
709
685
659
658
655
651
638
622
620
623
605
598
591
593
595
598
601
597
600
614
624
626
636
635
646
657
687
712
730
712
731
771
766
751
771
787
758
754
770
763
779
795
798
792
807
806
795
784
795
766
731
720
721
736
737
759
789
766
775
748
706
720
721
737
732
721
728
719
691
683
687
653
648
665
664
685
717
737
759
781
757
737
710
685
655
654
652
662
680
684
672
695
725
695
688
646
636
620
613
608
591
588
588
588
597
630
691
727
728
732
736
735
746
754
774
790
803
793
787
799
764
741
738
733
725
754
760
728
723
697
697
724
744
757
747
760
759
758
749
743
727
710
721
734
759
766
782
780
766
754
749
743
727
727
700
698
693
695
723
755
749
740
753
767
758
768
752
756
748
730
725
718
714
682
683
684
712
768
781
820
810
824
821
806
793
735
719
724
731
711
743
805
787
799
774
737
732
751
753
746
729
726
722
716
712
715
717
734
738
753
760
748
739
704
705
695
665
654
667
677
719
771
811
810
808
817
812
807
784
773
754
764
765
802
812
793
782
770
763
754
744
708
723
690
704
690
691
684
675
682
671
680
684
687
684
679
679
684
690
701
723
724
732
738
733
748
736
744
735
722
711
710
709
714
727
705
713
716
724
750
769
737
742
740
723
695
675
682
698
723
746
752
797
829
818
766
745
728
732
712
708
756
779
785
777
769
761
741
712
722
722
742
757
753
729
707
682
669
661
656
676
707
745
752
774
775
784
776
766
762
748
743
763
764
732
733
733
737
707
680
701
710
741
754
735
754
789
764
751
724
699
695
690
698
695
709
710
728
776
803
807
800
796
809
807
802
761
740
729
706
694
674
645
683
717
721
722
700
685
664
655
649
646
648
640
631
624
627
632
640
641
644
673
698
685
688
705
706
700
683
662
655
680
685
687
674
664
663
660
660
675
703
736
744
732
732
741
731
720
700
688
694
713
729
725
728
734
714
708
722
738
753
755
738
718
691
675
662
641
636
640
649
660
680
703
714
742
739
733
735
697
660
647
647
643
638
642
661
684
688
683
666
707
721
725
734
728
688
685
688
662
642
638
642
661
669
656
653
651
676
669
646
638
641
638
627
610
597
591
585
592
599
611
631
623
614
609
608
625
637
633
644
643
645
634
633
637
644
646
642
628
611
603
590
584
586
591
598
583
585
591
598
628
656
680
655
649
657
659
633
629
627
626
591
615
616
615
638
658
677
656
663
669
678
672
673
651
613
637
592
596
585
583
586
584
569
564
570
566
554
561
552
558
549
555
549
549
545
549
543
533
541
531
535
460
588
540
521
518
523
516
519
512
509
519
507
504
512
498
501
504
500
501
500
503
493
489
498
493
491
489
489
483
484
486
481
478
478
481
478
472
472
475
475
467
469
471
473
467
467
466
470
470
464
462
465
468
462
456
459
462
458
450
448
450
453
451
445
441
441
442
446
443
439
438
437
436
438
439
441
437
434
434
437
437
442
437
438
438
427
427
431
432
439
438
435
427
423
422
431
428
436
433
429
422
423
427
429
429
423
425
427
429
426
423
424
429
422
422
436
429
426
423
429
421
420
421
429
429
419
422
422
424
417
414
416
422
415
415
416
423
426
412
411
412
416
410
406
408
415
405
407
408
415
410
406
407
410
410
406
401
404
404
405
400
401
400
403
399
402
405
402
401
409
407
405
403
406
407
406
402
400
400
401
403
404
401
400
402
404
404
404
408
407
409
402
402
402
401
405
404
404
400
403
403
406
407
404
404
407
408
407
406
408
406
410
408
411
408
406
406
400
400
398
402
403
405
405
403
402
403
405
407
404
405
406
403
402
401
403
399
400
401
404
400
402
403
406
405
404
405
408
408
406
404
407
408
405
401
402
403
405
401
401
402
404
402
405
406
406
404
407
411
404
406
408
406
404
400
401
399
401
402
405
404
402
398
400
400
407
408
399
396
398
399
400
400
396
396
396
397
398
398
396
396
398
397
399
396
396
398
397
396
396
397
397
396
396
400
400
396
394
395
398
396
393
394
396
398
393
396
397
394
395
395
397
396
397
396
398
396
396
397
398
398
397
396
399
399
398
396
399
399
402
398
399
396
396
395
397
398
401
398
395
396
397
399
395
396
396
398
400
397
397
398
397
395
396
396
396
394
395
395
394
393
393
402
399
390
392
393
396
398
393
395
396
404
393
396
393
396
399
398
396
393
396
395
399
395
396
396
396
398
399
395
397
396
398
398
398
396
396
396
397
393
396
404
399
395
396
394
402
399
394
392
396
398
398
391
394
396
397
395
394
396
397
395
395
398
398
399
396
398
396
400
396
396
396
396
393
394
395
396
391
393
397
390
388
389
388
393
392
391
391
384
383
383
382
382
383
386
382
379
381
384
385
383
382
384
386
388
384
384
386
390
387
385
387
388
389
390
387
387
388
389
390
389
389
391
393
389
390
392
392
388
389
390
389
387
389
391
389
388
389
389
391
390
392
389
388
387
389
389
386
384
385
389
390
385
385
387
391
387
386
389
387
385
387
388
386
385
387
390
386
386
388
389
386
386
390
389
385
387
388
389
389
387
386
388
394
388
387
387
389
390
389
387
389
390
391
389
387
391
392
391
390
391
394
396
394
393
394
394
394
394
396
394
391
393
394
393
391
390
393
390
386
388
393
388
384
386
390
387
384
383
387
385
382
382
383
384
385
385
385
384
384
381
383
383
384
386
393
391
388
385
386
387
389
394
388
384
388
386
390
395
391
388
388
388
396
387
395
395
395
394
396
391
392
392
392
393
390
391
396
393
390
390
388
392
396
392
389
387
389
391
389
387
386
387
388
390
391
389
386
388
388
389
385
385
387
388
390
388
386
386
391
387
386
387
392
390
389
395
400
391
395
399
400
399
401
396
399
402
403
402
403
403
398
404
396
406
409
408
411
408
403
408
408
401
405
406
409
409
412
409
405
410
409
410
402
410
410
410
405
410
413
414
408
415
417
417
419
416
416
420
414
408
409
409
420
424
427
428
426
429
434
435
437
431
432
440
445
448
438
448
451
450
441
451
453
454
458
459
459
460
465
473
474
475
481
484
482
482
485
487
489
487
488
493
493
488
488
490
495
493
497
503
501
495
496
501
499
500
498
493
487
484
481
483
493
507
524
529
526
528
534
531
527
530
535
529
527
530
531
531
526
531
534
536
534
537
542
549
541
541
545
546
546
542
537
532
532
530
532
538
540
541
539
532
530
521
521
521
522
531
548
555
549
537
534
532
537
551
583
580
575
578
584
577
570
576
584
574
565
568
567
579
574
598
611
619
646
632
617
596
585
598
613
624
634
632
607
597
592
584
581
574
579
570
564
561
568
555
553
555
556
562
557
555
544
550
542
538
542
554
562
564
562
567
574
563
563
576
573
559
581
576
565
563
578
572
565
560
576
570
557
556
570
566
562
560
567
564
558
553
552
550
540
535
529
526
531
534
539
545
547
547
539
536
533
529
532
531
529
531
552
586
579
575
560
560
550
556
563
567
570
582
598
583
583
587
592
588
573
588
596
598
586
590
602
603
583
587
596
587
586
575
585
573
567
563
570
570
575
581
583
584
580
573
564
565
563
564
568
573
576
566
576
574
573
566
576
578
585
593
591
599
609
624
610
604
606
608
608
595
584
574
591
579
582
574
582
581
578
560
561
559
537
551
537
528
538
528
521
525
519
517
521
512
513
517
512
513
514
512
504
511
516
498
497
507
503
496
498
503
497
491
499
502
491
490
490
497
490
487
491
491
486
481
482
487
484
478
481
483
485
481
481
484
484
481
482
483
487
483
479
481
485
486
484
487
488
482
477
475
477
483
479
478
474
471
475
470
470
468
467
469
464
465
461
464
466
458
454
456
460
463
458
452
454
455
458
456
458
456
455
451
449
457
458
452
449
447
452
454
459
452
446
446
446
451
450
449
447
442
445
444
449
446
449
449
448
444
440
441
440
442
442
439
436
431
433
430
431
430
431
427
428
423
427
424
422
419
412
414
415
417
413
417
419
419
419
422
421
424
421
418
419
417
424
421
419
421
426
426
427
427
428
430
435
431
429
428
429
431
431
431
433
436
435
433
433
436
432
427
428
428
431
430
434
433
435
435
437
431
428
431
432
430
429
434
433
436
433
435
436
434
432
430
431
434
434
434
437
436
436
433
428
430
426
426
420
423
426
427
426
424
420
423
424
421
419
418
423
419
420
422
422
420
424
423
421
419
420
421
419
421
418
418
419
422
420
425
427
428
423
427
428
425
420
420
420
418
417
415
420
417
419
420
424
419
418
414
417
415
412
409
409
406
406
406
409
412
413
412
411
411
410
411
411
414
415
414
412
412
413
414
413
414
413
416
419
416
415
416
418
421
420
417
421
424
422
419
419
419
421
420
419
418
421
419
421
417
417
416
419
416
414
416
411
411
407
407
406
407
411
408
407
411
408
409
406
408
407
409
407
407
406
409
406
407
407
413
410
414
412
412
413
416
415
414
414
415
415
412
414
414
417
412
415
414
416
412
413
413
413
409
412
411
413
413
414
409
412
411
414
411
411
412
411
415
412
414
412
418
415
415
414
420
419
418
416
420
421
421
426
424
424
422
420
424
421
425
421
421
421
420
423
422
421
420
421
423
423
425
424
425
430
433
437
434
434
434
434
438
438
437
434
436
438
439
441
441
441
441
443
448
450
449
447
447
447
453
455
459
460
457
460
468
474
473
473
472
475
474
472
471
469
467
464
461
459
460
463
475
484
492
494
489
486
486
494
496
495
488
489
493
500
507
500
501
500
501
503
509
498
497
500
510
511
504
502
502
509
507
503
496
494
497
505
505
504
501
501
500
503
501
501
498
494
487
480
478
473
476
476
481
481
482
480
485
496
491
495
497
512
503
503
501
504
512
525
517
522
519
516
518
521
514
508
510
510
515
510
509
513
524
521
522
523
534
530
532
531
522
516
516
516
509
513
519
528
526
529
536
544
555
540
544
541
537
541
538
541
538
529
523
516
516
513
509
509
513
512
513
509
508
503
500
500
506
505
505
506
515
514
513
512
515
516
520
509
513
515
527
521
522
536
539
532
533
534
536
522
524
518
514
507
513
510
507
502
512
511
512
507
513
517
516
512
513
513
511
508
506
506
497
498
494
487
487
483
484
479
481
484
490
491
488
494
499
502
498
506
513
515
515
526
526
523
528
525
516
507
509
507
510
505
509
509
514
525
538
543
546
541
534
531
530
530
528
526
525
531
544
546
550
546
550
555
552
544
552
555
560
547
538
544
538
528
520
521
509
513
514
513
513
510
514
514
515
511
512
512
518
519
519
533
528
534
539
543
557
548
550
548
545
537
524
519
513
515
513
509
503
504
509
511
508
512
515
508
510
502
507
509
510
504
508
508
509
506
507
501
505
502
507
509
514
513
518
510
513
503
501
500
499
496
501
508
515
515
518
511
510
506
505
508
513
517
510
512
511
518
521
519
515
513
516
509
506
503
509
507
509
507
512
515
514
514
515
521
521
519
515
521
525
521
516
514
513
511
501
502
499
498
494
498
501
499
498
500
502
503
507
510
500
499
501
501
495
491
493
494
496
490
490
485
488
487
487
483
483
482
483
479
480
479
480
481
479
486
486
479
477
476
478
481
490
491
488
485
486
487
479
479
480
479
485
482
482
479
479
481
477
466
468
476
473
465
466
473
471
470
472
471
473
476
475
473
473
482
480
475
475
478
485
478
475
475
479
479
473
472
475
474
469
467
466
467
468
466
461
464
469
472
471
466
463
464
468
469
465
460
461
465
466
460
455
459
461
461
458
455
456
453
455
456
454
451
449
456
458
456
453
451
456
455
459
454
449
449
449
457
453
450
451
449
446
447
452
443
440
439
443
444
441
439
437
437
437
435
438
438
439
433
430
428
425
429
430
431
427
431
429
431
430
427
428
430
432
430
431
433
441
438
438
436
437
438
438
442
443
445
446
444
441
436
435
441
445
445
442
439
440
438
436
439
443
441
438
437
440
437
438
440
443
441
437
435
432
435
435
438
436
438
435
435
434
429
431
431
436
430
429
427
428
426
424
427
426
431
426
428
428
422
421
422
423
420
424
426
428
425
426
426
422
424
424
426
423
425
425
428
428
423
419
419
421
421
421
420
426
425
422
421
417
421
417
418
420
423
421
426
429
430
428
425
426
426
427
425
426
429
435
429
427
426
424
426
425
425
427
435
433
435
434
434
435
434
440
442
443
444
439
440
438
441
443
446
445
445
447
444
447
450
449
449
446
446
444
447
450
450
447
441
441
436
437
439
444
439
433
431
428
428
425
428
425
427
426
427
426
420
419
420
419
415
412
411
412
412
415
414
417
414
416
415
421
416
414
416
416
417
414
416
420
421
419
422
424
425
423
425
420
421
418
423
416
411
412
412
414
409
409
409
413
411
410
408
413
410
412
409
410
408
412
414
412
409
410
411
411
413
409
410
408
409
411
410
406
409
408
410
411
411
409
413
416
415
412
415
414
415
414
414
412
409
408
409
407
402
403
401
403
399
399
398
399
399
402
397
398
395
393
393
394
394
394
393
392
392
394
395
394
392
394
395
396
396
397
395
396
396
399
396
397
398
398
396
396
394
396
396
398
397
400
401
401
398
398
398
399
397
396
398
398
398
396
398
397
402
399
399
398
403
401
399
399
399
399
396
395
397
394
394
393
394
391
390
388
389
388
388
386
386
384
387
381
383
383
385
384
382
382
384
386
385
381
384
382
385
382
383
384
387
387
387
389
392
396
392
393
394
394
395
393
395
394
397
396
396
396
396
396
398
396
396
396
394
393
395
394
393
393
391
391
393
391
390
389
390
387
388
389
387
385
386
385
383
382
383
385
381
378
380
379
381
377
377
377
379
381
381
384
380
382
379
385
380
382
380
385
382
382
381
384
382
382
378
379
377
380
378
381
378
376
376
376
372
372
374
373
371
371
371
373
371
371
374
374
379
377
380
376
378
380
379
378
380
380
378
376
377
379
378
374
376
375
374
371
374
372
374
371
373
375
372
373
371
372
374
375
377
377
372
377
376
378
372
376
376
375
371
374
376
374
371
373
374
371
371
372
369
368
369
368
369
365
366
369
368
367
365
365
367
368
372
370
372
369
372
369
374
369
371
370
373
369
368
369
369
369
366
366
368
369
365
367
367
367
364
367
369
368
368
370
372
370
368
368
371
367
366
366
366
367
362
363
365
364
360
363
361
365
363
364
366
366
366
367
364
363
363
366
360
360
361
362
358
360
359
362
358
361
359
364
362
363
357
360
362
360
359
356
359
361
359
357
360
360
366
358
364
363
363
362
360
363
362
362
359
360
363
360
360
361
365
362
363
365
368
366
364
367
367
366
367
363
360
364
362
364
359
361
362
360
363
360
363
364
362
361
364
363
361
358
358
359
358
354
356
356
356
353
356
357
360
356
358
355
356
354
355
356
355
352
354
355
355
351
356
356
357
354
356
358
354
355
356
352
354
354
354
351
355
356
358
354
357
358
358
354
354
356
357
353
353
356
354
352
354
355
359
359
356
354
356
356
355
355
354
350
352
355
354
354
352
354
355
357
356
355
353
354
354
356
353
350
352
354
354
350
354
352
355
355
353
352
354
354
351
352
353
348
352
350
352
348
354
354
352
354
356
352
350
353
354
351
351
347
350
350
354
348
352
351
354
348
349
351
349
350
345
348
350
345
345
349
349
351
346
348
351
348
349
343
348
350
349
346
352
353
353
350
355
351
352
354
354
348
348
351
354
352
351
350
352
355
354
354
355
357
353
354
354
353
349
354
353
352
348
352
355
349
355
353
355
351
354
352
350
350
350
349
351
345
349
351
353
349
351
352
350
350
350
350
346
349
347
350
345
347
351
345
354
352
350
349
350
352
348
349
349
344
345
349
348
343
346
349
349
352
345
349
348
348
345
346
345
347
348
341
345
344
350
341
350
345
348
343
343
346
346
344
343
344
345
344
341
345
346
345
344
345
348
342
342
344
343
344
340
343
344
342
342
345
346
341
342
344
343
342
344
339
338
341
343
345
343
343
343
345
340
341
340
344
338
342
342
341
343
341
344
342
339
343
343
338
341
340
340
342
345
342
342
345
341
342
343
340
341
341
342
343
340
343
344
344
339
344
343
338
340
343
342
338
342
344
341
343
343
341
340
339
339
342
340
337
341
341
339
341
343
341
340
336
339
338
341
334
339
339
340
340
337
341
334
338
336
340
337
334
338
340
337
336
339
333
338
334
338
332
335
337
340
336
336
336
339
333
334
336
336
333
335
337
339
333
333
338
335
333
334
335
336
333
337
338
333
335
338
336
331
334
337
335
338
334
337
336
337
335
334
335
335
338
332
339
336
337
332
335
334
335
334
332
336
334
338
337
337
331
334
334
336
334
334
333
336
336
335
333
336
334
334
331
332
335
331
334
336
335
334
332
332
333
335
333
331
336
336
334
334
335
331
332
334
335
329
332
336
335
332
334
332
332
334
332
332
334
332
336
335
332
335
333
330
331
332
332
332
335
333
331
333
334
331
333
334
331
330
337
334
332
330
334
331
332
332
328
334
330
333
334
330
332
330
329
334
327
330
334
329
332
332
329
330
332
330
330
331
329
332
331
332
327
332
329
331
329
328
332
328
331
332
328
329
332
330
328
333
330
331
330
331
329
329
329
329
328
328
332
332
328
331
330
326
329
329
329
328
328
331
329
331
325
331
327
331
326
328
331
333
328
330
331
329
328
330
327
330
329
330
329
327
332
328
327
327
329
329
329
329
333
326
330
329
332
327
330
328
327
330
330
329
326
330
329
328
327
325
332
326
329
330
326
328
329
329
325
330
330
328
326
330
329
328
327
325
330
324
330
329
325
328
329
322
325
327
324
329
325
327
326
329
326
328
328
328
330
327
329
328
326
328
329
326
328
330
325
330
329
326
327
329
327
326
328
326
329
325
329
329
325
329
327
326
326
325
325
327
326
328
323
328
323
328
324
323
327
325
327
325
325
323
326
324
324
324
324
324
324
325
324
321
325
327
323
321
326
323
325
323
326
321
325
325
323
323
321
325
322
325
325
322
323
324
323
320
327
323
322
325
326
319
323
325
322
324
323
325
322
324
324
323
323
325
322
321
326
323
322
324
323
320
322
322
324
321
322
323
321
320
323
326
318
322
323
323
322
322
324
320
322
321
326
320
321
324
321
325
322
322
320
323
320
321
321
321
322
318
324
318
320
321
322
318
322
322
320
321
323
320
321
321
319
321
322
322
320
317
325
319
320
323
322
317
322
324
321
322
320
323
320
324
320
323
318
322
321
324
322
319
325
321
323
320
322
321
324
321
320
324
318
324
323
321
321
324
317
323
322
321
320
322
320
320
325
319
323
319
320
319
323
320
321
321
321
318
327
319
320
324
318
323
321
319
324
320
321
319
324
320
321
320
324
320
323
318
326
321
323
319
327
323
324
321
324
324
324
323
323
324
324
325
323
326
324
325
323
327
325
325
326
323
328
326
329
322
329
325
327
328
328
330
327
331
329
330
328
334
331
331
334
334
334
336
331
339
336
335
338
340
340
339
341
343
343
340
343
344
343
344
339
345
342
336
343
341
340
345
339
341
340
341
344
344
347
345
342
348
346
345
345
348
345
346
345
348
346
347
350
346
350
349
350
347
352
350
351
354
355
354
354
354
358
356
355
355
359
358
355
358
359
360
358
357
360
360
366
362
363
365
366
367
361
368
366
364
366
371
367
366
361
367
365
369
365
363
361
364
359
360
365
362
361
367
368
370
367
376
376
373
379
383
382
378
384
383
383
384
379
378
380
380
376
375
381
382
379
380
388
388
386
393
392
388
396
394
392
395
396
394
396
399
395
399
398
401
399
396
406
400
397
405
403
401
404
409
403
407
412
410
410
414
412
409
418
416
414
421
416
413
421
419
418
426
425
428
438
437
438
434
432
433
430
429
435
433
431
434
434
435
437
433
436
433
430
435
435
432
438
433
432
428
430
425
420
420
418
424
426
424
426
435
426
434
436
434
432
432
432
432
427
433
433
430
433
435
431
436
433
434
438
438
437
442
445
441
450
450
449
455
451
458
457
456
461
459
456
452
447
448
441
440
438
436
432
432
427
438
434
438
436
447
447
452
460
457
465
468
466
469
470
466
469
464
467
469
467
470
480
473
474
482
479
479
486
482
478
488
485
485
487
487
491
488
491
485
490
491
490
491
490
501
488
490
493
499
498
496
497
499
498
490
489
491
487
489
481
489
487
485
477
491
491
487
502
500
500
502
502
497
505
499
499
502
499
503
504
505
501
502
497
507
505
501
505
506
504
505
502
504
507
496
507
506
506
509
504
508
505
496
506
504
499
496
497
501
497
495
496
497
494
497
497
502
499
503
501
493
486
493
482
483
492
492
484
496
488
494
494
493
496
499
503
502
503
501
505
502
500
504
501
496
503
501
505
503
489
496
497
485
497
496
488
502
504
503
507
513
503
519
519
512
516
506
515
510
499
514
505
509
511
501
515
509
518
519
509
521
510
510
521
520
512
517
519
521
516
517
518
512
509
511
503
519
520
514
525
526
527
531
525
534
530
531
531
519
527
525
527
529
524
530
525
522
530
522
531
530
529
538
532
541
527
533
542
539
532
532
527
532
528
523
521
524
523
523
524
516
523
513
516
525
522
521
534
523
526
521
520
527
527
521
514
522
521
518
516
510
512
512
503
506
510
521
523
526
517
534
533
523
540
529
546
543
542
541
533
541
540
527
539
531
523
529
523
534
532
525
536
529
544
544
541
538
544
541
538
537
524
535
531
523
522
531
521
521
528
522
527
522
522
533
529
521
528
529
529
525
516
507
519
512
502
511
504
503
506
507
519
517
505
516
515
517
509
509
507
506
502
510
512
509
519
521
517
526
531
533
541
531
546
544
536
549
542
528
539
529
530
539
540
539
536
548
545
540
543
543
534
533
540
530
538
538
526
531
540
546
538
540
549
541
545
546
538
538
529
527
525
516
522
519
518
525
527
522
533
535
524
537
534
538
538
533
542
541
534
540
544
532
543
542
543
532
543
534
527
536
532
526
534
525
526
530
527
529
537
535
528
536
536
533
533
529
522
521
520
522
521
520
514
521
524
518
517
523
522
526
525
530
524
529
537
526
538
539
534
532
541
531
532
536
539
524
540
539
541
541
546
551
540
549
550
551
540
534
540
537
527
526
537
534
530
527
536
538
533
536
542
548
528
544
541
529
534
542
529
531
537
539
525
537
537
525
537
536
525
533
533
528
527
530
532
524
528
529
531
523
528
531
522
521
527
517
525
516
515
520
514
517
517
516
515
516
519
525
519
520
523
520
516
519
516
516
517
520
517
515
517
520
520
521
513
519
519
507
511
513
517
509
512
516
517
518
519
521
523
522
525
527
527
527
532
535
534
542
532
541
537
535
531
539
537
529
532
540
535
532
542
540
531
538
541
538
533
535
534
537
532
532
535
534
523
527
529
519
527
526
525
524
522
521
521
521
523
526
523
529
529
530
534
531
531
533
537
527
535
536
522
531
534
525
528
533
521
528
527
524
531
530
529
529
534
531
541
531
530
535
538
530
532
537
536
528
527
531
528
521
525
525
523
521
521
521
521
524
523
526
528
524
528
534
528
533
533
536
536
538
529
537
530
529
531
529
525
528
526
526
526
524
528
532
525
526
533
530
527
523
527
530
531
520
528
525
527
526
528
531
530
531
532
536
529
531
534
539
534
532
536
545
543
544
545
538
542
545
535
543
545
542
536
542
543
535
546
550
540
543
550
547
542
551
547
543
531
536
532
525
521
525
526
521
519
523
523
521
521
522
528
526
528
533
532
531
542
541
541
539
545
537
542
544
547
533
539
541
543
531
536
543
542
538
546
542
539
541
538
539
538
537
535
537
533
531
532
532
529
532
529
533
529
522
528
523
524
526
528
530
529
535
529
539
538
535
536
541
536
541
535
539
540
539
537
539
537
544
538
540
540
538
538
540
533
534
534
531
530
529
528
524
527
526
523
524
521
520
522
520
525
525
524
526
525
525
531
528
525
526
525
523
520
523
519
520
522
521
524
527
526
525
530
528
527
532
528
536
530
536
529
534
531
530
531
527
524
522
524
519
523
522
520
523
521
517
524
525
520
1049
518
522
519
519
520
517
517
515
517
521
520
518
527
521
526
532
531
522
1057
529
528
529
521
523
521
520
520
521
522
522
526
528
529
530
531
529
532
538
531
532
536
538
533
533
534
533
533
523
529
529
525
525
526
528
524
527
529
527
527
533
530
533
537
531
539
543
539
539
545
539
543
546
539
542
547
534
546
542
533
544
540
537
540
544
534
541
539
538
535
537
535
535
533
533
531
531
533
529
535
532
530
539
537
534
534
535
535
530
533
530
539
525
533
530
528
526
526
521
522
521
523
516
520
520
521
519
523
524
528
523
520
522
523
522
522
532
529
527
533
534
526
529
531
531
530
529
530
528
529
536
530
521
525
522
525
532
523
531
544
539
541
548
545
545
534
548
535
536
536
537
535
542
536
537
534
538
539
540
538
543
531
534
503
1094
522
1038
527
535
540
546
553
558
558
558
560
560
562
562
562
561
562
550
553
559
562
570
576
579
581
581
585
584
582
581
574
579
572
564
568
563
560
550
545
540
541
546
561
568
578
570
583
582
587
590
593
596
602
591
592
603
612
624
623
635
647
646
640
638
633
607
617
616
610
602
616
627
622
631
636
633
641
643
621
641
636
633
631
635
641
626
649
647
642
651
646
639
639
639
640
620
636
639
618
631
638
646
651
631
650
645
638
621
638
635
635
636
644
654
653
659
661
655
634
642
633
623
605
617
616
606
606
617
624
614
630
628
618
615
606
588
586
591
593
601
594
600
619
617
627
616
639
634
631
612
627
619
617
603
622
620
630
632
650
652
641
657
655
647
633
642
636
633
634
638
644
643
652
656
656
637
626
637
636
634
626
633
654
656
661
665
658
663
664
657
655
647
625
635
626
619
611
623
626
615
622
636
652
665
647
671
667
662
644
651
652
648
646
635
653
651
640
663
662
668
653
672
660
657
647
626
627
638
648
660
646
654
662
670
680
659
683
683
678
661
678
672
667
660
670
676
662
685
683
675
679
681
676
657
677
673
658
659
675
676
658
680
670
668
646
665
662
642
657
656
661
650
665
666
664
646
666
659
656
643
658
657
644
659
663
666
647
668
665
669
657
680
678
678
664
688
684
678
662
681
678
662
666
671
666
651
653
656
655
638
657
650
655
649
665
670
672
648
674
660
646
639
648
640
634
615
611
620
628
622
622
642
645
645
623
626
629
632
632
636
639
623
635
632
619
633
628
624
617
614
625
631
639
647
649
647
648
646
637
634
634
631
629
639
640
644
647
646
658
652
673
678
692
688
685
687
675
673
660
631
635
637
637
626
650
638
635
632
611
635
618
586
594
571
580
564
580
580
589
587
609
615
617
610
596
607
603
597
596
588
579
566
568
562
557
557
562
567
563
568
580
606
640
647
644
626
609
594
595
591
586
594
593
594
588
577
578
570
573
568
571
586
602
613
642
657
661
646
648
645
641
638
615
604
616
614
614
638
657
671
671
643
660
646
653
648
647
621
631
628
622
616
604
626
615
618
625
625
630
623
605
614
607
607
606
610
604
595
589
581
574
572
581
578
586
602
616
615
602
598
610
609
612
611
609
604
604
599
582
583
585
592
616
652
673
672
672
662
651
645
647
628
627
626
639
640
642
650
657
664
667
669
668
668
674
682
684
689
692
700
694
681
671
664
649
646
646
648
655
665
671
662
672
677
683
691
687
682
685
678
674
658
661
654
656
650
671
689
712
696
703
703
702
686
687
675
665
649
657
661
664
646
648
642
638
655
666
677
678
672
670
656
650
645
642
626
637
640
642
650
663
671
688
689
681
694
692
698
688
690
689
690
681
690
687
688
677
687
689
696
688
679
688
689
691
688
706
708
693
693
690
692
685
702
708
709
697
706
700
684
700
690
683
663
681
680
673
659
684
669
645
656
645
641
628
621
621
633
636
650
653
662
665
668
658
674
670
652
660
663
662
649
674
670
670
652
675
668
673
653
679
671
668
647
663
668
683
697
688
713
715
717
700
710
705
695
701
697
684
668
687
688
681
691
696
702
676
700
683
673
658
673
664
647
657
666
665
649
676
670
653
647
659
657
646
638
646
644
628
646
642
639
632
646
648
653
636
660
653
650
637
648
646
638
647
649
654
646
663
664
662
643
649
655
670
692
697
700
712
711
703
679
689
682
675
659
676
675
679
663
680
674
656
678
667
668
654
652
660
660
654
639
656
647
652
653
677
687
691
685
704
708
698
698
706
702
689
699
659
678
671
663
657
653
643
625
639
629
623
626
620
607
618
631
652
683
682
700
713
716
694
706
702
710
697
710
717
729
707
723
715
717
687
701
691
691
678
698
706
713
701
729
738
721
720
716
710
698
684
694
696
697
689
712
703
672
669
690
675
685
693
681
694
688
668
671
658
657
643
662
667
685
682
706
718
721
704
713
711
696
675
684
677
665
684
690
706
694
715
713
670
674
677
670
658
653
634
661
663
661
655
688
686
663
695
693
670
693
687
684
664
692
697
686
709
704
705
682
689
683
683
675
648
670
658
666
649
658
666
677
680
664
681
681
673
665
668
662
646
658