809
1119
1111
1095
947
926
1066
1208
1167
1052
1106
1099
1075
1048
1001
1036
1061
1037
1035
947
977
986
1011
1002
893
931
1016
1030
958
1003
1041
1049
977
998
1020
914
894
895
1062
1078
1026
1039
1021
1003
994
1008
941
825
808
866
848
979
1023
1095
1023
1029
1004
962
973
938
897
940
863
889
1039
1103
1109
1110
1035
898
867
943
1068
1063
1060
1066
1020
1007
957
897
813
857
1117
1029
1004
993
982
1046
1104
1046
1078
1047
921
995
1113
1040
912
908
1073
1005
1020
1081
1077
1079
992
919
857
898
1020
1069
1071
1063
1033
999
936
799
793
813
778
871
1088
1080
1008
1021
930
923
800
827
997
1092
1063
1039
983
942
942
953
995
968
981
982
958
918
909
840
813
784
755
710
702
713
759
838
863
767
797
784
832
860
853
748
738
726
752
886
1008
997
974
907
870
835
810
885
941
1015
1046
1007
981
975
895
937
887
803
849
1027
1064
1062
1066
1041
967
984
915
1063
1112
1120
1044
1062
940
1010
1022
1058
1019
971
1084
1196
1157
1070
1047
994
1019
1014
1070
1053
1050
811
869
1012
1134
1170
1140
1088
1036
974
1059
1096
1089
1057
996
922
854
776
754
724
720
739
779
823
838
843
812
830
817
921
1074
1023
932
863
830
802
798
829
919
1069
1054
967
902
885
902
868
822
823
835
894
829
1036
1110
1042
1062
1026
1004
987
985
945
979
990
829
860
960
1136
1126
1094
1132
1050
1045
1034
898
819
897
1014
1071
1027
880
840
825
766
809
774
880
944
903
910
1035
1021
984
994
992
1006
1011
1013
987
984
924
835
881
1088
1027
1043
1022
948
797
830
885
841
922
896
870
1025
1047
884
812
766
831
1039
1055
1044
1030
987
902
871
857
849
1126
1049
1106
1031
1008
1005
983
1047
1065
1062
1074
1056
1079
1026
1067
1053
896
875
931
1072
1056
1008
899
824
726
717
794
1037
1066
1020
860
824
831
896
880
886
807
837
821
786
783
783
778
812
850
855
835
838
862
895
888
891
868
841
886
1015
1071
959
963
890
821
890
1006
939
1038
1105
1120
1022
1039
1030
1006
1085
1110
1025
1116
1087
1096
968
857
798
788
796
790
878
1244
1156
1129
1090
1031
974
834
880
920
1212
1181
1034
995
894
835
938
1023
1114
1075
1052
999
994
883
820
848
908
884
1041
987
1052
1023
954
954
881
884
977
942
911
871
814
782
794
797
779
764
763
813
890
910
900
835
778
739
691
687
688
689
688
710
719
716
716
705
700
704
711
714
779
783
759
708
735
795
796
783
871
897
849
841
769
809
843
871
843
927
897
828
758
713
729
778
1027
1011
1008
1005
1005
892
882
927
944
914
918
991
1037
1022
996
985
928
844
890
945
929
1017
1049
1013
981
935
868
1000
988
913
874
812
840
823
839
900
1201
1086
1015
993
959
979
897
998
1111
1049
996
886
900
983
1007
1026
1037
1037
949
871
917
1025
1030
960
948
928
910
994
1013
1049
1052
1036
1011
934
903
929
868
918
990
911
979
1058
1070
1028
950
861
857
830
854
1021
1015
1078
1082
990
1012
978
956
952
849
895
874
797
781
931
1128
1055
1058
987
910
935
1045
1040
1091
1074
1089
1046
1078
1085
1023
1033
903
964
1059
1055
1056
985
938
826
810
811
822
780
740
715
770
869
993
995
938
736
705
702
696
693
676
675
665
648
638
626
610
593
585
585
579
577
566
561
557
555
553
544
544
540
536
537
534
534
540
555
594
671
815
841
872
846
855
836
827
817
756
816
810
805
784
805
779
759
817
814
803
779
800
862
907
873
866
875
884
896
892
882
859
794
755
743
723
779
867
855
869
903
916
880
798
715
695
661
700
794
841
866
924
1016
997
962
896
862
818
727
763
860
875
765
859
904
921
891
814
720
730
720
778
922
928
960
985
958
918
879
800
711
668
658
642
651
663
712
790
914
948
930
948
942
876
822
730
696
681
717
792
875
922
972
968
868
755
731
722
715
782
1079
961
985
1073
1063
1002
998
1004
1007
975
873
747
897
900
840
875
826
786
738
712
697
672
652
636
623
613
604
598
589
578
573
559
550
544
540
537
533
526
530
524
523
525
538
543
564
593
622
631
655
668
648
658
640
622
615
606
596
593
585
588
586
582
576
575
571
583
582
577
570
562
561
560
566
565
565
563
560
551
557
1112
563
562
575
581
588
596
593
580
565
561
554
555
556
557
554
552
554
559
558
563
571
588
604
605
598
596
618
646
686
679
708
704
673
685
679
636
640
610
588
581
560
561
545
541
1061
521
524
507
517
505
501
501
494
496
978
485
479
489
476
951
471
936
464
921
456
910
454
449
453
454
446
447
449
447
441
441
454
447
440
449
450
443
443
447
450
442
439
449
445
439
444
447
441
438
890
442
435
450
444
438
442
888
441
437
451
445
440
447
447
444
442
444
447
445
443
450
448
438
449
452
446
444
894
417
462
447
445
437
438
890
440
432
445
440
436
438
439
433
435
427
439
436
430
430
865
428
422
432
429
430
428
423
431
429
423
422
845
423
418
418
417
422
419
416
416
415
417
419
414
414
827
414
414
412
406
415
409
411
409
410
410
824
412
408
409
821
416
411
410
408
416
411
415
411
412
414
828
409
409
408
408
413
415
406
411
402
415
408
404
410
406
411
406
413
411
407
414
407
416
414
414
416
409
419
415
422
416
418
419
418
422
416
413
419
839
415
412
416
411
424
417
410
413
831
410
409
409
407
415
410
409
408
411
415
413
406
409
410
421
832
411
413
420
415
415
417
412
424
419
411
416
829
416
409
408
404
411
411
403
403
401
405
809
403
402
402
404
406
403
395
404
397
402
397
405
402
403
401
813
404
396
408
397
409
406
405
407
406
413
823
409
409
415
414
417
418
413
420
421
419
420
415
424
425
414
413
831
415
412
413
411
419
418
410
413
416
422
420
415
419
843
423
843
421
429
421
420
421
423
419
415
409
421
829
415
409
412
405
418
413
404
406
405
413
813
408
400
408
402
413
410
404
404
403
410
409
414
410
408
412
827
413
404
412
403
415
822
413
410
412
830
418
411
416
834
414
411
415
409
413
416
412
409
409
410
414
415
412
403
408
812
411
407
405
403
414
816
412
406
409
822
411
407
409
408
412
408
409
407
404
406
815
406
402
405
399
412
410
407
401
403
405
815
413
403
407
402
415
827
412
406
411
826
414
408
408
404
412
411
402
405
405
412
406
407
406
403
404
816
406
399
405
800
406
402
400
396
406
400
406
402
402
400
399
405
810
403
400
404
399
402
406
412
408
399
403
402
410
404
410
406
400
410
815
407
402
403
808
813
403
401
403
810
410
398
403
396
410
408
411
409
402
403
406
412
813
406
406
407
815
408
402
404
399
411
411
404
402
402
408
404
413
408
401
405
404
414
406
404
408
401
410
405
417
412
405
405
409
415
408
407
409
402
405
406
413
408
398
402
397
400
402
406
403
397
401
396
402
814
407
401
404
401
405
407
410
408
399
403
396
404
813
400
400
400
395
404
801
398
395
396
788
798
394
390
391
389
391
394
394
390
391
391
388
391
388
395
389
396
396
391
391
388
394
395
398
396
390
396
391
391
391
401
786
396
391
396
391
396
398
399
396
393
398
395
403
402
402
400
404
401
405
411
408
401
402
403
411
813
410
403
411
825
416
408
412
409
415
415
408
418
421
412
407
418
426
424
413
421
420
421
420
414
418
414
424
421
410
419
826
416
409
411
828
824
415
413
412
410
410
410
411
413
406
421
416
408
417
413
409
410
409
409
408
409
409
409
408
410
401
407
408
406
405
408
405
405
407
403
405
408
407
408
413
416
415
421
416
426
426
429
434
430
439
438
439
441
438
438
439
440
438
440
439
446
445
450
453
457
474
488
499
496
497
515
512
510
506
510
515
511
502
500
504
511
515
517
521
550
564
560
568
583
604
580
582
575
561
554
563
563
561
549
545
541
542
543
551
547
552
545
532
530
522
521
525
531
549
550
562
559
555
549
542
535
528
525
524
521
528
533
540
545
545
550
539
554
544
524
513
512
570
809
775
718
667
599
547
529
540
594
786
742
689
631
560
533
511
507
515
550
661
754
734
679
635
606
604
607
622
589
579
561
555
551
567
614
649
647
656
632
630
613
589
568
564
551
551
538
543
543
541
546
538
540
541
1106
548
538
528
531
523
521
513
508
502
510
505
503
506
514
521
522
532
528
536
532
539
531
524
521
538
538
535
537
532
533
538
562
585
590
582
569
551
543
526
519
507
505
499
511
535
568
597
597
588
594
600
604
601
594
591
607
639
680
658
635
637
617
604
602
596
597
595
587
577
575
571
583
623
655
646
629
610
594
577
583
597
613
608
613
619
640
653
646
644
618
613
601
591
588
588
580
584
565
563
564
556
559
554
554
549
543
532
543
540
547
549
552
550
540
539
535
534
529
546
556
553
558
564
566
576
587
609
613
603
606
604
591
584
577
569
557
558
543
562
574
596
605
610
585
593
564
561
549
537
528
530
513
523
506
507
506
499
512
504
505
512
505
513
500
504
503
494
498
498
486
495
489
969
482
476
482
478
471
479
475
472
479
476
469
475
476
466
471
474
461
469
941
466
472
473
468
941
470
468
483
475
472
480
478
475
484
477
476
484
478
476
487
480
473
479
478
469
479
474
467
475
472
461
470
470
462
459
455
460
456
451
465
457
449
460
461
453
455
458
463
457
456
471
457
452
459
461
450
452
453
454
452
902
453
449
453
455
450
450
447
457
455
450
456
456
456
455
917
459
451
455
460
448
451
455
455
446
445
458
452
445
450
453
448
441
442
455
450
442
447
900
445
440
453
449
441
443
442
459
451
442
452
458
454
449
914
457
451
463
460
455
454
914
452
447
456
452
451
450
450
457
457
453
456
467
459
457
928
460
454
460
455
444
447
447
441
439
431
441
437
431
432
432
440
437
430
431
429
438
435
432
432
429
443
444
438
439
447
451
446
440
452
451
442
444
889
443
438
451
453
448
447
910
452
451
463
460
450
448
898
445
438
443
440
443
438
434
443
443
436
430
430
440
433
437
436
434
443
885
437
432
438
435
445
445
438
436
891
446
434
438
435
447
444
436
443
438
444
450
440
444
439
449
453
440
438
438
445
877
431
427
441
437
438
434
430
440
880
441
434
447
447
446
446
904
450
441
448
888
438
434
439
442
426
433
425
439
438
433
434
429
439
445
434
430
431
441
438
435
434
431
439
439
433
433
868
438
427
430
426
436
436
423
424
424
438
428
421
436
435
429
427
429
438
438
428
431
435
440
440
433
436
877
440
432
442
440
443
441
438
444
447
440
440
438
451
892
450
445
452
454
460
456
459
456
462
452
458
450
466
454
453
445
454
449
446
452
907
452
462
455
460
453
460
454
457
459
459
459
457
462
458
464
463
472
473
477
478
481
496
494
499
488
497
487
492
479
477
465
471
926
927
470
474
469
478
480
481
491
490
489
488
490
480
486
482
486
975
490
505
512
511
519
516
518
513
510
508
512
516
519
521
522
527
529
536
540
547
552
553
556
539
539
540
551
561
559
551
553
541
531
522
514
504
500
1000
511
523
543
543
549
550
552
540
543
543
536
535
544
535
532
535
539
541
543
534
521
507
505
998
508
499
504
496
500
493
489
492
508
514
540
534
540
538
514
505
511
520
525
526
524
524
530
531
543
554
552
544
537
538
543
558
549
546
546
534
541
547
571
571
567
565
566
571
585
589
581
573
566
565
564
572
563
563
561
558
551
1099
551
551
559
563
575
574
569
566
552
554
545
536
541
548
550
1114
562
565
560
553
555
554
547
545
541
544
537
533
532
525
530
532
531
529
1041
525
522
521
516
521
517
521
525
524
530
525
521
518
502
494
489
483
491
1017
527
524
532
520
516
511
511
508
521
521
524
534
522
532
544
551
548
547
547
539
536
530
528
1027
506
495
499
492
493
499
497
502
501
499
507
506
512
515
517
524
521
526
535
530
531
537
537
530
534
530
530
520
523
1029
518
516
519
521
525
1063
538
538
542
533
538
542
539
544
537
532
521
525
533
538
545
543
535
1063
529
526
532
522
527
523
530
519
521
519
514
521
520
513
515
522
518
1032
521
512
518
513
515
511
505
500
502
489
492
494
498
491
488
997
497
488
496
501
491
490
488
503
491
489
493
497
486
486
985
483
481
495
488
479
486
491
489
481
484
493
486
479
492
489
479
478
964
475
471
472
477
476
466
460
466
942
467
460
472
944
468
466
477
477
468
469
475
487
481
479
489
497
493
486
494
491
481
975
479
472
485
478
469
478
477
476
468
471
481
479
472
481
485
484
483
489
492
481
477
482
477
468
480
481
473
475
954
470
469
481
476
474
488
485
480
488
491
483
486
972
479
479
485
476
470
478
478
469
467
475
476
469
463
471
470
460
469
470
466
463
931
464
457
473
466
458
471
473
466
467
476
471
472
471
479
476
467
480
478
466
478
483
475
475
958
476
939
475
463
464
467
462
463
928
465
458
466
466
459
459
455
463
463
455
455
923
463
456
461
465
460
454
914
455
446
447
904
442
442
448
449
450
450
443
451
454
447
449
443
457
457
447
444
450
455
453
444
450
905
449
442
457
459
453
451
455
464
457
446
459
456
448
451
453
450
448
916
456
451
463
467
454
454
458
461
452
443
454
454
441
442
895
444
442
452
904
448
911
453
450
459
458
450
450
445
455
457
445
447
450
455
447
438
451
454
450
443
446
454
452
442
442
441
452
450
444
440
435
443
440
433
433
429
437
438
431
433
424
435
433
435
433
427
435
872
436
432
432
873
437
432
434
870
439
430
435
871
440
433
436
881
440
438
442
444
441
441
435
443
448
435
436
883
443
432
443
440
449
444
447
455
456
448
452
451
454
453
451
460
453
450
449
887
438
433
442
434
432
432
426
437
437
432
424
425
434
428
430
431
425
432
437
429
426
431
440
438
430
436
431
439
438
431
430
425
433
428
421
421
418
425
422
424
420
417
421
846
420
410
417
414
418
418
414
414
407
421
842
417
413
415
416
421
427
419
416
412
424
841
420
415
421
844
426
418
423
413
427
849
418
417
417
836
425
416
413
411
422
840
423
419
420
418
428
428
423
421
417
426
852
427
416
423
845
418
413
414
835
418
404
410
407
416
411
414
409
404
411
405
419
411
405
404
402
412
409
415
412
405
408
407
419
416
413
408
410
421
831
412
405
415
412
416
410
819
418
408
410
409
418
412
407
411
403
407
404
415
411
399
407
400
409
406
415
408
401
409
820
412
405
411
406
417
413
406
412
401
409
822
411
401
406
399
406
406
414
408
401
403
402
413
810
406
397
407
401
415
409
401
407
396
408
817
412
401
405
400
410
405
416
408
406
405
405
416
410
402
406
400
413
409
411
409
404
408
406
411
412
403
408
404
414
415
407
410
404
420
822
412
405
414
413
410
407
404
417
814
409
401
410
409
411
404
399
405
806
412
396
408
819
408
402
403
818
414
406
408
407
421
417
403
410
402
409
408
405
403
396
409
804
402
396
404
405
399
399
392
400
393
408
801
400
396
398
801
399
394
393
393
396
792
399
395
394
394
398
796
397
392
397
801
399
394
399
393
400
402
402
396
394
400
795
404
395
393
392
401
795
401
393
394
393
400
391
396
394
281
500
388
395
784
394
388
389
389
398
392
386
393
385
390
387
392
395
384
387
381
389
387
396
392
384
383
382
392
777
385
377
386
381
385
380
383
388
386
383
378
381
378
381
770
381
375
382
374
381
374
387
754
378
375
381
369
379
377
379
371
380
382
375
371
372
377
369
375
367
381
751
375
372
375
368
378
752
372
377
374
368
375
372
375
374
380
377
371
378
373
378
379
382
375
382
381
372
377
373
377
372
383
747
373
376
376
373
374
370
381
754
374
372
375
370
379
753
376
376
374
372
375
370
381
747
379
371
374
373
375
751
750
376
372
371
371
377
754
372
379
377
365
373
370
371
369
377
739
376
370
368
368
371
366
371
368
372
741
373
365
372
365
369
362
374
741
732
367
363
370
363
366
362
368
741
368
361
370
366
365
362
369
729
733
367
362
366
354
367
359
363
358
370
358
366
364
359
359
359
360
357
360
357
371
356
363
364
358
357
357
359
358
359
726
360
357
359
357
357
354
359
354
364
714
364
355
359
355
361
350
721
362
355
368
363
354
363
357
358
356
358
354
361
361
354
360
354
358
357
361
356
363
361
355
358
354
363
355
361
357
368
358
366
363
356
365
356
362
361
366
354
367
362
357
363
355
361
351
360
356
359
350
364
711
358
353
358
352
355
353
356
349
359
709
354
355
355
348
354
350
354
344
358
351
354
350
360
349
356
356
353
354
349
355
344
353
348
350
347
351
344
350
349
353
347
352
343
354
698
698
344
350
698
348
343
350
344
347
344
349
345
343
338
352
340
345
341
349
687
343
354
688
695
343
348
692
349
347
346
341
349
346
345
340
351
343
348
341
352
344
348
348
350
693
700
345
352
349
346
353
347
349
339
350
348
329
364
354
702
344
355
696
352
346
348
345
349
339
349
343
344
342
344
687
341
346
341
351
686
694
338
349
689
346
344
343
338
348
341
343
340
342
337
344
339
343
336
342
340
344
336
342
687
336
344
684
335
342
342
337
338
334
341
334
338
337
341
337
337
673
334
335
338
336
335
337
337
341
671
676
333
339
674
335
332
338
334
336
331
340
332
339
332
338
334
336
338
337
336
336
336
337
337
336
332
338
664
331
334
414
582
336
328
336
333
336
329
339
671
332
340
666
674
335
338
334
331
339
335
334
330
338
330
335
332
334
666
333
337
327
337
335
335
332
334
328
331
335
330
660
331
333
330
330
330
333
329
332
328
332
324
336
324
330
663
328
337
661
666
665
327
333
333
333
333
325
338
329
333
326
334
326
333
330
333
659
325
329
660
655
329
329
656
326
330
327
330
323
335
325
333
327
335
325
333
664
326
333
665
323
337
654
324
335
321
335
659
660
324
332
659
319
335
655
319
332
658
651
660
321
335
659
654
659
654
319
338
657
321
335
657
322
338
653
322
337
655
320
335
652
321
333
653
320
330
656
319
332
653
648
651
651
650
326
328
323
329
324
328
321
327
323
324
644
318
325
316
329
319
320
319
325
320
323
319
324
321
320
322
321
323
319
318
323
321
321
319
321
317
318
323
324
315
320
323
636
320
321
320
314
646
323
318
321
317
324
321
324
642
319
323
320
325
318
323
323
324
317
327
322
325
319
323
319
322
324
324
319
321
320
643
319
322
315
325
645
321
325
643
646
317
325
648
318
323
646
313
329
640
321
320
317
323
313
320
316
320
312
325
312
321
316
319
318
321
317
319
313
321
312
317
316
313
317
634
628
313
321
310
319
308
315
313
314
628
314
320
313
315
314
314
316
625
631
628
308
318
630
309
317
309
313
311
316
312
314
317
317
313
314
314
311
313
315
314
621
629
626
308
314
625
623
311
314
311
315
314
312
314
315
311
312
308
316
313
313
312
624
303
320
623
628
310
315
307
312
313
313
629
312
316
313
313
309
315
312
310
314
624
306
317
622
626
627
307
317
306
314
309
315
626
311
317
308
317
310
316
310
311
306
626
311
312
624
304
316
623
625
305
315
303
310
309
314
307
314
310
317
306
313
307
313
309
616
621
299
319
302
310
306
311
618
311
314
302
315
310
306
307
1230
605
304
307
620
308
313
306
310
306
306
311
607
616
610
299
312
307
310
302
318
303
311
309
613
614
297
319
300
306
305
311
298
315
308
311
310
308
303
313
307
305
307
607
616
302
312
300
305
306
310
305
313
307
310
309
310
304
613
303
309
612
295
316
298
308
611
298
314
301
311
304
309
307
312
306
306
305
609
302
312
608
611
299
311
610
305
311
308
309
304
308
306
299
312
294
317
300
312
298
305
304
310
614
305
312
305
307
304
615
303
310
604
610
354
256
303
306
307
307
304
313
305
304
309
609
604
295
312
294
306
298
311
296
315
303
308
310
304
303
610
300
311
296
313
296
303
298
310
298
313
302
307
303
604
308
302
296
308
915
304
304
308
296
309
305
302
306
307
310
300
311
307
305
305
314
307
310
302
314
309
310
310
309
320
307
316
311
320
304
313
322
316
306
324
310
320
314
317
324
315
315
325
313
320
317
315
318
319
322
313
326
321
317
320
318
323
316
326
317
323
313
318
327
320
323
313
323
326
318
327
323
321
327
322
326
327
318
330
327
318
332
649
330
326
323
325
327
329
324
331
330
319
670
318
666
327
329
332
337
324
335
334
333
335
336
333
333
339
331
336
337
332
341
337
337
340
332
344
336
340
339
337
345
337
341
344
338
341
345
341
344
338
352
344
341
350
349
340
353
351
339
359
346
350
354
356
348
357
356
438
267
356
353
354
357
354
357
356
354
357
356
348
361
362
347
360
362
347
363
361
353
364
363
355
367
365
361
370
367
367
364
369
371
368
369
368
372
362
375
369
364
375
369
362
377
372
361
378
376
365
380
378
374
382
379
381
383
380
386
382
376
387
384
383
390
383
384
392
390
387
389
389
387
390
380
397
391
392
396
396
396
402
387
401
399
394
397
395
396
401
391
402
398
388
400
400
393
403
399
400
407
391
406
398
392
403
405
395
407
401
407
403
402
406
408
415
410
408
413
416
404
422
417
416
421
419
418
423
427
423
418
425
425
429
418
421
428
418
430
424
414
426
424
421
427
416
424
424
422
420
421
420
421
423
428
409
425
420
836
424
428
419
426
433
421
436
430
435
429
431
435
427
433
436
422
430
432
432
423
429
434
435
445
437
879
436
440
438
438
438
429
437
432
441
437
426
444
443
438
447
447
446
450
454
447
462
455
453
463
444
455
453
460
453
441
460
451
459
457
461
456
457
466
458
469
467
468
467
464
468
461
469
447
474
461
917
458
459
461
459
462
463
462
448
470
466
467
461
471
466
458
472
457
474
471
466
469
468
469
451
470
468
465
464
465
460
450
464
462
452
462
464
461
459
460
463
464
460
470
462
457
470
463
464
469
465
462
468
472
462
471
471
475
469
477
472
473
479
473
478
479
479
475
485
478
955
478
477
482
481
479
479
481
482
480
478
486
470
480
481
479
478
481
479
479
479
479
485
470
486
487
483
487
487
485
964
484
481
483
487
481
491
485
481
489
488
487
485
494
482
495
495
491
494
486
492
494
490
492
484
487
495
490
490
487
483
483
487
481
474
495
484
489
483
490
490
491
486
491
488
493
488
483
494
487
488
486
491
490
488
484
487
488
491
492
488
496
492
496
498
496
494
501
498
494
501
998
497
495
494
498
494
488
1000
501
504
502
511
505
1010
504
502
496
502
488
499
498
491
498
491
498
500
495
501
498
501
505
496
508
492
507
498
499
498
492
490
480
483
488
482
485
492
483
494
497
493
494
499
505
512
506
509
509
509
509
512
512
510
520
512
509
513
509
511
510
513
511
507
513
512
513
513
517
504
513
514
1026
513
514
511
509
511
513
518
511
516
509
510
510
512
521
517
522
519
522
517
517
511
519
517
520
518
1038
522
517
520
522
515
521
515
515
512
511
512
520
517
519
521
513
515
510
514
511
506
512
511
504
509
509
504
505
502
508
501
503
504
502
502
1005
500
508
501
508
508
508
507
503
508
503
1005
498
502
489
1001
1005
501
507
504
510
507
511
511
510
503
512
1027
511
521
514
515
513
516
512
513
511
1016
1014
504
505
503
509
507
505
510
503
508
506
508
504
504
508
505
1015
506
511
511
510
506
515
502
513
515
507
511
506
509
509
501
509
502
507
507
501
505
497
505
498
504
501
503
490
507
504
507
506
511
503
509
504
506
508
1012
509
512
512
518
505
516
512
513
497
513
511
514
512
514
513
508
510
514
508
512
503
512
510
513
511
510
516
511
517
506
516
506
512
504
511
511
513
513
515
513
518
512
517
515
522
514
520
517
1043
519
521
1031
513
521
509
516
508
510
509
515
517
525
524
524
521
521
518
517
521
526
521
528
520
523
517
524
523
526
523
526
521
525
521
518
520
514
518
512
508
506
515
514
514
502
520
523
521
517
523
516
520
519
520
511
514
507
506
505
1010
499
504
500
503
497
504
502
510
508
509
497
516
511
510
510
1025
505
509
505
505
505
503
498
503
504
501
504
503
505
507
504
509
503
510
503
503
505
504
504
496
503
504
502
505
496
496
501
497
495
498
498
499
497
501
500
496
502
497
494
502
495
499
497
499
503
497
504
497
500
499
504
494
502
505
502
502
506
502
501
506
507
507
1011
503
513
500
508
509
503
508
502
503
497
498
497
495
505
504
506
508
504
511
496
509
504
499
504
500
506
503
505
509
505
511
507
509
510
508
504
499
509
494
503
496
503
504
499
504
510
503
511
507
1021
1019
506
515
502
515
514
511
516
515
511
516
515
511
513
516
509
520
514
519
516
519
521
521
521
516
521
521
522
519
513
515
521
512
521
519
519
518
518
517
514
512
511
505
511
507
517
508
518
515
516
515
1041
520
528
517
526
510
521
522
519
522
520
521
522
519
519
523
1040
520
525
521
527
524
530
527
533
526
537
534
535
534
525
527
523
518
521
516
520
514
517
507
514
512
509
515
1032
517
516
514
521
513
520
516
514
515
514
513
513
513
513
507
514
510
518
513
517
515
515
517
516
515
511
515
510
510
509
507
506
503
504
496
499
499
506
498
508
508
1019
507
510
505
507
514
507
502
507
509
504
502
506
500
501
493
498
494
496
498
498
494
503
501
497
506
490
503
504
495
505
498
498
504
501
510
512
513
517
515
520
1033
517
521
515
524
513
514
514
510
509
515
516
515
516
515
515
516
515
518
516
522
515
521
516
1031
513
519
511
514
1025
508
517
504
514
514
512
512
510
509
512
509
515
509
509
510
1024
509
517
497
520
507
513
505
506
505
502
501
501
501
507
503
501
510
502
507
504
508
506
507
504
508
505
499
499
502
494
500
503
496
496
496
490
496
505
510
507
511
516
516
516
513
520
513
514
517
507
511
507
510
504
505
512
516
513
510
513
506
508
497
507
493
502
498
497
497
499
497
497
497
494
497
499
498
501
500
500
506
509
1030
525
530
532
540
545
548
539
547
537
545
544
531
545
543
545
525
540
543
544
543
544
540
543
547
2222
575
570
550
553
571
576
578
564
575
568
558
561
559
548
547
545
548
546
552
552
548
552
552
546
554
528
548
529
542
549
551
554
541
552
551
551
556
555
554
562
542
547
547
551
552
560
535
550
560
563
563
566
565
563
554
553
539
538
538
540
533
541
541
556
539
567
576
588
582
587
582
582
568
574
569
565
561
558
548
543
541
543
548
538
546
552
562
569
575
570
583
590
600
595
592
608
585
613
637
646
631
617
614
606
593
581
575
560
542
551
552
554
562
565
565
563
565
561
565
564
563
573
575
585
575
571
570
550
557
548
544
538
545
535
535
534
542
535
533
540
567
567
571
570
571
572
572
559
563
561
561
555
554
558
554
557
564
557
569
573
581
581
593
596
592
591
590
589
581
586
583
589
582
594
594
599
596
602
604
594
607
603
598
601
598
597
585
589
586
586
577
575
572
569
561
556
550
550
551
558
557
560
562
563
561
560
561
556
549
549
546
545
540
540
542
544
546
549
554
554
551
551
547
542
538
534
537
533
532
535
541
545
542
547
543
553
558
563
561
563
565
564
563
556
557
556
559
557
561
565
575
580
577
575
576
578
572
572
568
567
558
558
555
551
552
552
563
572
587
587
601
602
598
597
596
594
588
588
585
585
575
579
577
585
593
613
623
630
658
653
642
642
623
613
599
592
581
574
565
560
563
558
563
569
576
579
585
579
578
577
580
571
573
571
569
564
555
559
551
553
562
572
580
589
598
600
592
593
585
581
576
568
563
559
558
558
562
569
576
573
584
584
582
582
583
580
577
571
569
565
561
563
563
563
567
577
583
582
589
593
591
592
582
574
572
572
564
563
556
552
554
1653
1696
572
577
583
579
572
573
563
566
558
552
548
547
546
547
546
550
1658
567
571
566
579
580
581
577
584
582
586
588
583
596
601
606
601
621
624
625
620
633
631
627
611
623
620
619
611
625
625
630
626
646
646
637
654
654
646
630
636
629
611
627
624
624
617
635
638
644
645
647
659
665
663
652
639
630
632
629
629
619
632
629
633
640
652
653
649
640
640
631
626
617
627
629
635
632
646
645
640
657
654
648
638
644
639
630
620
622
620
633
629
626
624
628
623
615
623
626
631
639
647
664
673
674
675
688
695
682
666
667
665
658
653
658
668
674
674
692
691
679
657
652
638
615
633
628
626
618
637
636
633
644
643
641
637
641
638
635
643
640
642
640
643
640
638
636
631
633
633
631
620
630
620
614
613
608
606
598
606
605
609
613
624
625
623
633
636
635
627
637
634
631
632
630
624
614
616
607
602
601
605
604
606
615
619
622
618
632
633
633
627
637
631
628
625
627
624
618
631
631
628
651
652
651
659
649
635
641
634
626
624
612
620
619
620
638
645
655
679
679
669
669
659
646
638
634
630
623
630
632
630
619
620
624
629
631
623
628
620
611
617
616
617
614
625
629
630
627
634
648
662
662
655
648
646
638
631
623
633
634
633
625
642
646
651
651
672
676
674
673
674
663
651
648
642
633
627
628
633
635
638
654
662
670
671
677
670
661
668
661
648
659
655
654
655
668
671
677
706
712
705
698
694
680
663
672
662
662
664
680
688
691
702
704
692
679
679
670
656
660
655
652
650
656
663
670
672
668
662
670
668
662
670
662
652
639
650
650
652
649
670
678
672
672
679
665
652
642
638
632
628
631
636
636
640
647
671
687
690
701
714
708
698
695
681
666
661
661
657
648
655
662
663
666
676
695
701
698
699
690
673
656
657
656
652
653
659
680
700
700
696
692
690
680
667
667
654
648
644
643
641
641
644
655
656
656
660
663
661
650
644
651
651
647
647
659
660
658
652
673
677
669
662
665
664
657
651
646
646
640
636
632
645
667
685
682
681
679
666
649
632
629
624
619
609
618
621
624
626
624
633
638
638
637
650
646
644
635
649
649
646
637
642
640
635
629
620
628
632
637
640
660
676
684
677
677
668
656
641
644
632
623
611
618
622
633
640
646
658
661
651
633
635
630
625
618
609
613
613
612
613
619
628
636
635
634
631
610
603
604
601
606
606
609
609
604
600
591
587
581
584
582
580
577
581
577
587
578
573
563
564
562
562
558
562
557
563
585
616
646
666
673
671
659
649
642
637
627
618
614
627
639
635
629
622
630
628
618
607
607
604
602
596
588
588
586
585
582
578
573
576
587
601
620
632
626