784
845
840
781
732
691
768
873
759
854
842
789
860
835
808
837
805
851
856
815
894
927
847
930
844
912
820
828
825
751
787
791
766
864
877
823
933
918
797
839
798
753
786
777
733
790
797
744
811
825
838
739
794
789
756
808
811
777
814
842
809
824
877
805
835
824
764
830
843
782
820
813
761
779
715
767
748
749
793
796
808
745
777
752
703
746
742
721
731
754
777
782
855
832
778
792
776
709
711
703
735
802
811
792
804
785
770
712
701
701
771
800
771
770
721
747
778
800
795
771
743
731
697
667
658
659
679
647
691
725
687
687
686
647
653
672
638
665
686
682
709
690
702
698
710
695
720
727
733
695
676
658
670
835
847
846
804
757
739
729
736
724
751
772
739
674
657
646
651
648
665
652
670
666
677
653
646
659
697
760
759
707
702
717
746
727
715
686
663
669
682
710
705
756
789
838
896
857
839
800
776
769
773
783
789
792
744
777
770
780
794
738
726
676
657
641
667
689
663
659
641
652
688
750
733
707
692
681
687
683
672
654
654
659
730
835
810
850
893
883
844
769
790
781
740
798
838
807
868
883
830
885
890
821
836
805
756
800
803
763
852
834
782
819
808
792
742
773
806
801
801
815
811
767
792
796
775
738
779
790
809
803
840
840
816
848
828
774
796
801
764
811
820
780
845
844
765
810
784
779
809
780
725
708
744
804
772
807
850
795
809
795
798
818
787
741
746
783
815
903
956
888
884
853
803
844
863
812
877
892
790
837
841
793
850
841
836
855
815
796
812
791
800
745
733
736
759
797
772
753
775
786
788
788
744
716
696
655
644
629
653
704
716
756
772
786
728
737
721
707
677
657
666
659
680
732
786
778
763
734
706
681
684
695
717
731
724
697
702
771
919
941
887
907
927
909
932
955
922
937
911
900
939
979
936
976
972
916
939
896
896
931
938
962
857
892
878
829
909
932
803
896
911
892
797
867
897
861
921
972
912
966
909
919
909
896
905
854
772
794
835
899
838
915
896
845
867
885
882
904
930
870
903
896
822
865
857
824
866
859
805
760
832
896
912
930
931
889
812
856
836
776
864
876
805
864
868
815
805
878
880
830
908
867
823
756
786
806
778
815
848
839
790
872
882
858
879
878
832
840
869
851
777
804
823
774
800
742
682
682
694
712
754
801
740
698
693
727
794
767
758
704
661
686
693
702
697
724
734
724
711
690
678
669
653
628
622
635
690
815
841
826
851
945
992
975
816
708
813
837
886
919
894
856
851
869
877
852
859
877
874
850
866
851
851
791
811
809
779
829
859
798
871
852
824
864
865
801
840
882
831
898
903
818
764
813
866
916
902
836
872
865
837
830
840
842
801
855
852
825
813
869
861
786
846
814
814
788
805
809
764
796
791
796
752
729
726
706
720
703
679
691
726
750
757
763
777
752
757
812
786
772
758
738
701
685
694
736
803
844
850
868
856
736
743
792
924
959
964
941
965
972
952
938
908
874
872
863
886
918
940
938
916
953
956
960
966
920
901
942
815
784
816
865
967
921
969
819
862
846
808
823
825
819
819
850
852
796
851
885
896
911
890
833
852
868
844
835
884
902
869
862
871
849
811
874
885
853
885
896
844
874
856
807
839
841
871
835
814
883
893
778
834
820
760
786
826
863
819
901
854
805
832
787
742
750
788
810
770
813
801
771
798
771
809
802
764
787
747
698
669
646
656
635
643
664
701
715
734
707
717
697
690
677
692
671
665
667
723
737
699
735
715
727
688
696
703
666
674
687
662
682
666
638
699
661
637
629
631
627
619
626
643
677
673
686
726
745
721
784
854
798
722
719
691
681
641
698
665
701
774
917
871
862
818
753
752
788
750
735
794
879
817
938
961
814
849
848
753
796
748
732
723
742
726
669
625
605
604
594
603
622
647
624
613
599
604
1171
563
562
537
543
533
521
523
528
514
520
538
575
639
648
646
643
644
630
611
589
573
570
579
591
591
604
614
611
616
637
628
621
612
628
638
639
1232
717
820
821
792
740
658
615
602
604
591
598
604
610
613
639
660
645
650
691
733
666
669
705
724
693
703
681
652
647
650
674
652
658
648
656
664
652
645
621
603
607
623
653
682
705
722
771
779
828
772
757
738
699
729
764
737
765
794
820
808
822
796
769
733
722
739
786
773
720
719
751
777
781
800
826
849
870
873
856
815
820
729
638
654
668
683
648
630
689
795
847
790
703
688
652
654
656
641
657
652
655
664
678
718
682
679
656
684
669
685
718
754
755
750
733
702
688
714
728
678
641
630
667
687
724
719
688
646
637
636
654
646
634
664
661
758
794
778
761
728
688
649
615
594
588
598
656
835
901
878
830
776
705
646
612
623
645
685
725
715
721
698
666
627
604
604
609
623
664
717
754
766
714
716
690
694
700
693
686
701
748
775
755
782
774
758
738
551
874
695
675
684
725
738
760
775
764
752
722
676
663
646
682
726
829
868
899
906
886
829
829
815
808
775
825
797
782
766
816
841
813
817
860
829
811
820
768
722
763
822
846
815
811
797
807
775
759
740
679
658
629
631
618
602
585
584
679
720
754
757
732
698
667
651
628
604
605
593
600
592
589
587
578
563
560
558
559
553
566
579
593
635
626
661
653
689
670
626
601
606
622
601
582
570
564
562
555
537
543
543
540
539
528
533
530
526
531
531
533
531
533
523
523
536
540
536
528
528
525
523
531
556
589
612
606
595
573
563
544
544
550
567
585
599
603
573
566
566
566
570
568
557
551
557
574
588
625
644
642
638
611
596
590
583
575
562
551
538
537
541
540
553
556
582
563
560
566
539
529
523
526
515
519
515
506
505
994
491
489
492
491
496
493
495
503
495
490
492
480
475
477
469
472
471
461
465
474
471
469
478
473
469
466
463
461
456
457
458
450
456
455
457
456
464
459
462
454
453
456
449
452
450
447
445
448
444
446
444
446
448
441
438
882
446
444
446
444
441
443
434
438
438
434
431
437
434
432
428
427
429
430
428
427
432
423
427
430
427
426
422
425
424
419
423
832
422
421
429
425
425
416
422
422
418
426
421
417
418
416
418
415
415
415
416
417
411
416
414
409
408
412
413
408
412
413
412
417
416
417
414
418
414
412
416
419
419
413
416
410
412
414
409
415
414
415
412
409
412
409
414
409
413
409
415
414
413
415
410
414
408
406
412
412
420
414
417
412
411
411
413
413
409
418
414
408
409
410
406
413
413
414
413
413
412
411
412
411
410
408
409
404
407
404
406
404
407
409
409
405
407
410
407
411
407
409
411
408
412
408
412
406
405
413
412
412
407
414
407
405
407
410
410
412
417
408
405
409
408
409
405
411
411
407
403
409
410
406
410
402
404
409
408
417
411
415
412
405
406
406
407
403
411
410
412
406
412
414
411
416
416
411
410
411
416
409
413
405
406
406
408
406
403
407
404
403
403
409
407
403
409
407
409
400
402
407
401
406
406
406
399
407
406
405
409
407
400
406
405
406
401
409
404
402
400
400
405
398
401
405
397
403
399
405
401
398
397
399
403
402
404
400
403
399
398
402
402
408
403
412
407
401
398
403
401
400
405
408
414
410
412
416
411
419
409
411
412
413
418
411
410
410
408
419
413
415
408
411
411
408
410
406
406
404
405
404
400
404
398
396
403
403
403
399
405
401
397
401
402
406
402
403
401
397
400
400
407
402
406
400
397
400
400
405
398
403
397
396
398
397
403
401
408
401
398
403
401
406
402
407
406
396
400
399
399
396
403
404
400
400
401
403
398
400
396
397
403
402
404
401
405
399
399
400
396
402
398
404
400
401
397
396
401
396
396
393
395
399
396
399
394
396
393
393
397
396
399
395
399
398
390
395
395
396
394
398
396
402
393
396
400
396
400
397
401
398
393
395
396
396
392
395
389
393
396
397
396
397
397
391
396
392
387
393
395
396
393
400
398
394
396
396
402
405
410
401
401
398
400
403
396
399
398
397
398
396
402
395
398
397
396
395
392
399
392
398
393
393
387
392
390
391
394
390
395
392
388
386
388
391
394
394
391
394
393
396
388
386
392
386
395
390
395
386
387
390
386
392
387
392
387
396
392
390
390
388
388
389
390
388
393
388
389
382
385
388
385
387
382
387
386
381
382
386
388
384
390
385
391
388
384
384
386
387
391
396
392
396
392
389
392
387
393
388
393
393
395
386
391
394
391
395
390
392
387
383
385
389
391
389
396
390
390
388
387
387
388
393
386
395
390
391
392
382
386
385
389
384
387
384
388
389
393
389
391
388
386
393
387
390
384
382
387
383
394
387
392
387
388
387
383
386
385
389
384
385
381
381
385
385
384
382
386
382
385
385
385
377
380
385
381
387
380
386
383
387
383
379
384
379
389
384
390
385
389
386
386
384
383
387
387
388
385
388
387
389
392
392
390
390
395
388
396
386
391
389
391
390
389
780
392
395
396
393
392
393
396
391
388
390
388
393
387
387
390
392
393
389
784
395
393
396
395
786
394
392
401
401
400
400
398
397
397
394
392
398
396
396
401
398
398
401
400
400
409
416
427
434
435
431
424
421
420
422
418
422
430
444
458
457
451
447
441
446
447
442
443
445
445
442
440
440
444
444
441
437
442
443
441
449
455
474
479
479
474
463
459
455
449
452
458
475
489
481
479
477
478
478
471
471
470
475
483
477
473
471
466
469
475
489
495
492
492
479
475
471
468
470
475
480
475
471
476
469
467
468
471
478
484
497
511
508
509
497
487
480
470
469
470
477
475
471
473
469
478
481
481
489
491
494
501
512
539
543
538
521
512
505
507
493
487
481
479
476
476
469
467
467
465
463
464
472
483
494
489
482
485
490
493
491
491
495
495
490
492
498
503
494
496
496
501
496
491
493
489
489
501
504
511
501
494
491
495
496
490
486
483
480
479
476
481
487
493
505
517
523
517
508
500
491
485
480
481
483
493
498
499
501
498
501
510
529
540
532
527
521
521
515
509
507
507
504
496
493
491
495
501
503
503
500
496
497
499
502
502
517
526
521
522
514
505
496
490
487
483
488
491
501
502
502
509
508
516
513
513
514
515
524
516
510
510
512
505
495
497
491
500
500
496
503
503
511
504
504
506
502
510
514
521
521
514
510
502
496
492
490
504
503
512
507
508
510
513
521
517
521
522
525
524
521
526
521
515
514
513
513
506
506
502
506
505
500
500
502
514
521
524
536
545
543
537
543
538
526
523
518
512
508
515
514
520
518
512
511
506
507
507
515
526
540
545
542
535
521
514
507
510
509
506
507
495
495
492
498
496
496
493
495
499
492
500
508
502
504
503
493
489
492
480
482
482
474
475
479
471
476
483
479
479
475
468
468
459
462
461
454
450
454
449
456
453
456
456
451
451
458
452
456
449
454
456
450
446
893
450
449
446
446
442
450
445
440
443
437
439
431
433
438
433
443
438
438
435
434
436
431
428
428
432
434
431
434
428
424
429
430
436
431
434
428
424
431
428
436
430
428
425
426
430
426
433
431
426
426
427
430
423
429
427
423
422
417
422
415
420
418
417
419
421
422
416
423
422
418
415
414
417
413
415
413
418
417
410
411
414
415
413
418
412
423
417
414
411
412
414
411
414
410
415
410
406
403
401
404
404
410
405
410
406
406
405
405
408
397
402
398
401
400
405
406
408
407
412
405
408
410
409
408
408
412
410
411
411
413
409
407
407
407
412
409
409
407
409
407
414
414
417
410
414
417
416
416
410
417
412
415
412
409
413
411
416
412
420
419
417
414
417
419
418
417
413
420
416
413
413
413
419
421
426
423
426
420
416
413
415
414
413
416
413
417
418
418
418
420
419
418
418
413
420
414
414
417
421
415
419
420
415
419
413
417
424
426
426
422
425
420
420
417
416
418
412
418
416
409
413
412
414
411
418
418
411
413
414
419
412
416
413
412
412
410
412
410
414
409
412
407
405
409
411
408
405
411
406
408
410
408
408
406
411
407
412
409
409
404
403
410
411
414
413
415
413
411
413
415
413
410
415
410
416
407
410
412
409
413
413
415
415
421
414
415
416
414
412
411
414
405
413
407
409
403
407
407
405
407
403
411
407
408
404
406
401
407
409
412
413
410
413
407
411
408
409
408
409
409
410
414
411
417
411
410
415
420
420
416
426
419
421
417
420
424
424
427
421
422
418
418
424
420
423
417
423
422
412
414
417
416
412
415
412
412
408
414
414
416
421
416
418
414
418
416
412
410
417
415
420
415
415
417
415
419
414
412
411
823
415
422
417
418
419
424
420
416
414
416
419
415
417
416
418
419
420
415
415
413
413
413
411
416
408
408
409
408
408
415
421
416
423
420
428
426
424
423
430
425
426
426
424
428
425
436
435
441
438
433
429
430
427
425
420
422
422
847
431
441
444
444
447
450
453
451
448
449
449
452
444
444
444
442
447
449
459
455
463
450
453
445
448
446
448
445
447
451
455
457
458
461
469
464
464
463
464
460
457
455
454
456
468
466
471
463
459
454
458
450
450
445
441
444
446
453
448
451
453
461
449
454
448
449
443
445
448
457
460
467
467
462
460
459
456
460
458
459
460
451
452
446
448
445
454
450
449
448
447
447
452
455
467
467
469
462
466
465
460
459
461
462
459
460
457
457
453
457
455
459
450
454
451
457
453
453
455
462
463
462
462
466
463
461
456
454
454
451
459
458
464
453
458
453
456
456
452
450
450
450
453
447
447
447
448
452
452
460
452
457
453
462
456
458
458
460
459
456
454
451
449
451
449
454
455
457
456
452
455
450
460
454
455
455
456
457
456
455
457
453
452
451
449
454
456
465
459
461
458
466
458
462
459
461
456
452
452
456
459
465
461
465
460
458
462
459
467
463
467
461
464
458
465
462
462
456
454
452
451
450
459
454
460
458
459
463
463
466
466
475
474
479
471
473
463
465
456
460
457
455
455
456
462
470
468
472
467
463
461
458
459
458
469
473
482
483
486
479
478
471
472
465
466
463
470
473
479
475
475
468
464
459
456
454
456
460
472
473
472
469
469
466
468
473
477
481
473
472
467
469
462
471
462
464
460
465
460
457
455
456
457
462
464
473
475
479
486
495
496
489
490
491
485
479
475
471
469
474
470
474
471
465
466
467
464
463
465
459
462
458
462
463
474
469
477
469
469
459
462
455
456
452
460
462
470
470
468
468
471
468
461
466
458
459
460
454
459
459
460
456
461
458
455
457
455
909
458
464
464
461
458
459
455
455
453
455
455
455
452
451
449
449
450
455
457
459
460
456
457
459
457
456
453
458
454
456
454
462
461
458
454
459
454
906
458
454
459
451
453
448
450
447
451
448
456
450
453
451
459
451
453
453
453
448
444
452
444
444
449
450
458
449
455
461
459
462
461
464
457
461
466
461
457
459
460
462
453
456
457
453
450
446
441
441
443
451
445
447
441
445
447
442
444
442
440
444
442
446
442
450
440
444
446
439
446
444
438
435
438
438
436
440
432
435
436
437
438
430
431
430
431
437
435
441
443
436
440
440
445
443
433
441
438
440
436
433
434
435
438
435
434
430
425
432
426
430
426
433
431
422
427
426
430
426
436
432
425
427
427
431
426
432
424
420
424
422
427
424
432
431
422
426
424
429
428
427
424
420
423
424
425
421
422
415
421
416
412
415
416
419
417
420
416
423
419
417
414
418
422
419
421
417
420
413
417
419
422
427
424
427
422
425
418
416
415
416
417
417
422
419
429
425
425
425
424
423
420
422
415
420
420
418
422
422
422
415
426
420
421
419
420
427
423
425
420
423
424
427
426
427
426
422
424
418
420
415
421
423
427
425
422
424
419
421
425
416
415
416
419
412
417
414
418
416
413
409
409
409
407
410
405
410
408
416
412
417
412
411
409
408
411
410
410
406
412
410
414
413
409
409
409
412
408
411
407
417
419
418
417
420
417
415
418
412
414
409
406
409
409
414
410
411
406
409
402
406
399
406
406
409
406
402
405
402
407
400
404
399
406
404
408
409
405
404
403
405
401
403
400
404
401
405
403
399
400
398
396
396
397
392
399
393
396
391
395
391
399
398
401
396
396
397
394
396
399
401
400
402
401
402
399
401
400
404
396
396
399
397
404
397
403
399
405
398
399
401
399
404
402
407
401
404
402
402
397
398
399
399
400
399
404
396
400
397
396
400
399
399
399
400
396
401
396
396
394
389
394
395
396
396
398
394
399
397
390
394
393
392
388
394
388
391
386
395
389
392
388
387
390
389
388
388
392
389
392
387
390
387
391
389
389
384
385
387
384
388
386
389
385
395
387
391
386
384
384
383
386
387
387
383
386
384
385
383
386
383
390
385
387
386
382
383
380
385
384
384
381
387
386
382
382
384
386
384
388
384
389
384
382
384
383
382
381
385
381
384
380
383
380
382
378
376
376
378
381
382
382
379
383
378
385
380
384
378
379
382
378
378
380
383
382
380
383
385
380
387
384
389
386
387
386
382
388
388
392
386
393
389
392
387
392
393
393
388
388
389
385
392
388
391
384
390
385
387
389
389
388
391
388
386
775
389
384
391
386
387
387
386
387
386
388
388
391
387
390
387
384
385
385
391
390
392
386
391
385
388
386
384
380
381
384
382
384
379
385
382
382
381
374
377
378
381
378
380
376
380
374
380
372
377
374
372
374
375
374
371
373
371
375
373
374
371
374
371
374
370
373
370
371
368
371
372
367
368
365
365
363
372
366
369
363
367
365
369
365
368
364
369
364
368
362
367
364
365
363
362
366
360
362
361
364
360
361
361
363
363
363
360
360
362
363
359
362
359
365
360
363
360
365
361
366
361
367
362
366
361
367
364
368
362
366
362
362
362
368
367
363
368
366
364
365
367
368
366
365
368
368
369
364
370
362
370
363
371
362
366
363
362
360
363
366
365
360
362
361
364
360
362
364
362
365
360
364
361
364
359
359
363
358
357
359
359
358
361
359
361
356
359
360
362
361
359
360
359
359
360
356
360
355
360
355
362
355
360
354
359
354
359
354
359
353
358
354
354
353
357
354
354
353
352
351
353
354
355
352
354
351
351
350
352
353
354
352
353
350
350
350
353
353
353
351
350
351
354
349
351
353
352
349
350
352
353
349
349
351
350
352
352
352
346
351
349
354
346
352
348
353
349
350
350
352
347
352
350
352
349
352
349
353
350
353
350
351
349
349
352
351
348
349
348
350
348
348
350
349
350
349
353
352
351
350
349
351
352
352
354
350
350
350
354
700
352
351
350
353
351
354
350
355
350
356
351
354
349
354
348
356
347
354
346
350
349
353
345
351
346
347
345
351
347
350
347
347
346
344
349
349
345
348
346
347
348
349
345
346
348
345
350
348
350
347
346
347
349
349
344
346
350
346
345
346
349
344
348
347
346
345
348
345
347
345
349
343
349
345
348
343
347
345
346
342
348
342
346
344
345
340
347
342
347
341
345
340
346
341
343
339
338
342
344
341
342
340
340
337
342
340
342
340
341
338
341
339
346
340
343
341
342
342
341
346
343
341
340
342
340
342
343
344
339
341
342
341
343
339
341
341
337
344
342
343
340
338
340
341
342
338
341
340
342
336
341
341
340
339
340
343
338
345
340
346
339
346
337
347
339
346
341
341
338
341
341
341
339
337
341
340
343
335
341
339
342
339
341
339
342
338
340
338
342
336
343
336
342
338
338
337
340
335
338
336
337
338
335
336
340
337
336
336
334
339
337
339
333
337
339
337
338
336
335
338
335
338
338
338
332
338
337
336
337
336
337
339
335
340
335
340
337
334
342
336
334
335
336
337
334
335
336
336
337
335
333
674
334
334
337
337
334
338
332
337
335
336
333
337
334
336
334
338
336
334
333
336
333
334
337
333
334
331
335
334
330
665
334
333
332
329
667
331
330
332
335
329
335
331
335
331
334
331
332
330
336
331
333
333
333
328
334
331
330
332
329
335
325
331
331
330
330
333
331
332
327
334
663
333
330
332
333
331
330
332
335
330
333
330
333
331
335
328
334
329
333
329
336
327
336
328
334
327
335
329
331
331
330
326
331
331
327
333
329
329
330
328
328
332
327
330
330
328
326
334
329
330
327
331
329
330
330
333
327
330
330
330
330
333
332
328
330
333
332
332
330
330
333
334
328
334
328
329
333
332
328
334
328
332
329
331
328
331
328
329
327
332
325
332
324
333
324
332
323
332
323
329
326
327
324
328
325
327
322
326
322
328
322
328
322
327
323
324
325
322
323
324
324
320
322
323
327
321
329
323
328
322
329
326
328
328
329
327
329
328
324
329
321
329
328
324
324
330
322
326
326
327
322
326
325
327
327
323
325
328
322
323
327
327
322
327
320
327
324
326
319
325
324
646
323
324
643
327
319
328
319
326
321
327
318
326
320
326
321
326
324
321
321
326
322
318
328
322
323
325
322
322
324
326
321
321
326
323
319
321
325
322
322
321
328
324
321
650
322
327
322
324
321
327
322
327
318
326
320
325
323
323
321
324
323
324
318
328
317
327
316
326
318
645
323
319
326
318
323
320
321
319
320
321
319
321
318
321
322
319
320
322
318
325
319
326
318
324
320
325
319
325
323
324
318
327
319
330
319
326
322
323
321
326
321
323
319
327
320
318
326
321
320
320
323
320
323
320
319
318
324
321
318
315
326
322
317
318
324
320
319
316
326
318
318
319
637
320
316
322
319
319
317
319
320
322
317
322
319
320
319
320
318
323
317
318
320
322
321
320
313
322
316
324
317
316
318
321
320
319
316
321
316
323
315
319
317
322
315
320
317
322
315
321
316
318
315
321
315
320
314
322
316
320
315
319
314
323
316
319
317
319
315
321
315
320
317
318
316
320
317
319
313
323
313
322
313
320
316
322
315
320
317
318
310
326
313
321
313
322
314
323
312
321
310
328
314
317
320
316
318
319
317
318
637
314
322
308
328
315
318
311
327
316
321
313
324
317
631
325
313
637
318
319
318
316
318
315
323
313
324
313
323
313
637
318
313
322
316
318
319
320
313
323
314
321
311
323
316
318
318
318
315
323
315
315
319
314
319
317
319
317
318
316
316
317
320
309
323
316
320
314
319
316
316
318
319
316
318
315
318
315
321
314
318
313
322
314
317
315
318
314
319
315
318
313
321
313
317
318
317
314
313
320
317
315
318
313
314
316
318
312
322
312
632
314
312
322
310
318
314
315
307
327
311
316
316
316
631
313
314
317
309
313
325
313
314
317
315
634
314
633
312
318
314
316
315
317
311
318
315
314
634
313
316
314
317
313
320
308
323
311
319
311
322
314
317
260
372
632
315
314
318
315
315
317
314
317
316
319
313
328
308
321
313
315
312
325
313
318
313
318
309
322
314
321
314
313
494
461
312
319
634
312
319
313
316
315
314
319
319
314
314
318
317
316
319
319
317
317
632
326
317
318
309
330
319
318
310
331
319
317
311
329
319
321
319
313
325
321
319
642
322
322
316
324
322
320
313
329
321
322
637
327
326
323
320
330
323
319
652
321
323
325
325
323
652
325
326
326
322
327
325
327
327
320
334
325
326
325
333
325
324
331
332
327
985
333
327
664
336
332
328
336
335
328
335
335
335
335
325
339
335
335
330
343
334
327
347
336
335
328
350
337
326
350
338
334
339
343
339
328
350
338
331
348
340
341
332
350
342
333
348
344
342
336
353
341
342
339
689
349
348
342
345
349
346
338
354
344
346
336
357
344
338
354
349
343
341
357
345
344
346
354
344
346
352
349
346
349
343
354
350
348
342
360
348
350
345
360
346
343
358
350
344
354
354
346
354
352
346
348
357
349
345
363
349
344
361
351
349
355
354
350
349
1056
354
351
350
356
351
348
356
701
357
355
354
352
361
355
351
363
357
354
364
358
356
367
359
1079
368
360
361
359
729
367
361
360
368
360
359
363
363
361
362
367
363
362
367
364
362
365
369
364
729
378
367
362
376
372
368
368
378
368
737
376
369
371
1109
370
372
371
737
374
371
369
742
375
373
373
371
381
375
750
379
377
377
374
381
377
378
755
383
382
380
768
383
382
389
381
381
380
381
381
385
383
377
382
384
380
379
382
387
388
389
386
383
397
387
385
394
388
385
393
388
385
391
389
386
388
778
394
388
388
392
386
390
391
385
390
390
384
389
389
384
388
391
385
389
393
388
777
393
392
389
396
392
388
396
392
392
388
396
392
391
391
392
396
396
391
391
393
392
392
393
394
393
392
398
396
393
401
396
394
402
400
396
398
396
401
401
399
397
399
400
798
402
398
397
394
399
398
396
395
396
402
400
400
400
400
399
406
403
404
399
408
400
405
409
402
399
403
401
400
401
406
402
404
404
411
408
405
406
813
414
406
404
412
401
399
412
399
400
410
397
405
401
401
401
406
399
400
401
407
408
402
403
413
406
402
401
407
408
404
401
412
405
398
410
403
400
410
405
404
406
408
406
408
410
411
407
407
408
408
412
413
413
411
411
410
407
419
414
418
414
412
412
412
413
413
412
409
421
418
421
416
416
420
419
414
416
419
418
418
415
422
422
418
423
419
417
416
417
421
425
419
417
427
424
421
421
421
422
422
420
426
421
417
430
423
421
426
421
419
421
423
421
420
424
421
419
424
425
425
424
427
420
421
419
419
414
412
422
422
416
417
424
418
421
423
420
418
420
426
422
417
428
422
848
424
421
423
425
425
421
420
431
425
423
434
425
424
429
424
425
425
419
419
426
422
422
426
422
418
425
423
421
422
426
422
419
426
424
424
424
428
426
427
426
433
427
426
425
424
423
422
430
431
430
426
429
430
430
426
422
434
427
427
431
424
421
434
425
423
429
427
426
425
430
428
426
427
434
426
424
432
429
426
426
430
429
426
432
436
430
430
429
432
433
428
436
433
431
435
429
426
436
430
428
430
431
428
428
426
428
431
435
438
434
434
432
430
432
433
438
442
436
436
437
432
432
429
428
429
427
434
437
435
437
435
438
442
437
434
435
432
443
442
442
442
439
439
442
441
444
442
437
449
438
438
435
437
434
433
436
432
430
430
427
430
437
434
434
434
431
432
437
436
435
433
432
436
435
438
434
433
433
431
430
432
432
437
438
436
435
434
432
433
430
430
437
433
434
432
432
438
434
432
436
431
433
429
428
427
425
424
436
431
431
432
434
436
433
431
439
434
431
432
432
432
432
438
440
438
438
442
438
440
437
435
435
432
435
442
438
438
437
435
437
434
431
438
438
436
436
439
440
438
435
437
437
441
437
435
436
438
431
434
433
431
428
435
427
432
434
427
426
432
428
423
436
430
428
428
432
430
429
426
435
429
428
428
424
426
428
430
435
434
434
435
432
431
433
431
431
432
428
429
427
423
433
431
434
430
431
434
432
428
432
426
429
438
431
431
431
433
433
430
428
438
431
430
429
429
430
429
435
445
439
439
438
435
438
437
434
439
440
441
438
436
436
434
434
435
437
440
438
437
438
438
436
436
434
432
433
438
437
438
438
445
438
437
440
438
438
438
435
437
431
430
429
427
429
434
435
438
436
435
437
434
441
438
438
439
437
433
435
430
440
439
439
439
439
438
438
436
437
435
438
443
437
437
438
440
442
438
437
446
444
444
444
438
451
447
444
442
439
884
442
450
440
438
434
439
439
437
435
441
434
431
430
427
428
431
434
437
434
433
436
434
433
432
430
436
431
428
427
431
432
430
429
434
429
425
434
429
429
431
429
431
428
432
434
432
428
429
427
427
432
433
439
439
440
442
438
437
437
435
441
441
443
446
440
441
441
443
440
438
438
439
442
446
443
442
441
444
444
442
442
442
439
437
440
440
437
438
439
440
439
437
441
440
438
439
435
442
440
438
439
437
436
443
438
438
438
440
438
438
437
438
435
439
439
435
438
438
438
438
435
445
442
440
441
440
438
442
443
442
445
443
442
441
440
442
438
438
448
440
438
438
438
437
437
437
440
443
445
444
442
443
439
438
439
434
440
440
435
436
438
439
437
434
439
438
442
442
438
442
440
439
437
436
437
443
439
438
438
437
444
438
438
437
439
438
438
436
445
440
438
437
434
438
439
438
438
436
439
438
433
435
436
435
436
433
431
433
434
435
434
433
439
436
436
438
438
438
436
439
441
438
439
440
437
440
440
443
440
438
445
444
443
443
447
444
443
443
452
444
444
443
439
879
444
448
444
448
443
443
440
438
440
438
440
444
439
439
440
438
439
436
437
444
438
439
435
443
443
439
439
443
438
441
438
436
445
439
439
438
437
437
437
435
442
441
449
445
442
445
442
441
441
436
446
442
443
448
443
447
443
438
442
438
440
438
437
438
436
438
444
441
446
445
444
444
443
446
447
446
452
449
448
447
444
451
450
455
460
453
453
450
452
455
449
452
449
449
449
443
450
451
450
452
447
455
452
451
453
451
455
451
450
454
449
448
444
448
447
446
444
447
446
447
444
443
451
443
442
441
445
443
441
446
442
440
451
444
445
440
439
444
443
446
444
441
444
444
442
442
439
444
439
435
438
437
436
438
434
437
435
438
439
438
435
440
436
439
438
436
436
434
432
434
428
432
433
433
438
435
433
438
435
436
432
431
432
429
432
440
436
436
435
436
439
438
435
442
437
435
435
435
436
436
434
436
434
440
440
437
439
440
438
441
438
441
447
443
443
443
439
438
440
436
436
436
435
434
435
435
434
430
434
432
426
438
436
440
441
442
449
447
445
444
449
448
450
441
450
445
444
441
443
441
440
440
443
440
439
441
438
438
439
440
441
438
443
442
438
438
442
880
437
442
437
430
434
429
431
427
425
420
425
424
428
430
425
421
426
429
430
426
427
428
429
430
428
428
424
429
432
433
434
433
435
435
439
440
438
438
440
446
445
445
448
447
442
890
447
445
445
441
438
433
442
438
436
440
436
436
439
432
429
440
430
428
435
433
430
435
435
432
432
435
438
440
446
450
451
450
451
452
453
901
448
451
447
446
445
448
451
452
455
455
455
455
457
457
460
463
463
464
465
465
459
455
453
456
455
460
461
464
465
470
463
455
459
456
467
470
478
479
482
481
490
499
503
499
494
490
493
489
486
490
487
486
486
487
487
484
483
486
493
492
489
487
486
483
481
480
481
481
480
479
473
472
469
471
471
475
479
480
489
490
489
487
489
489
487
485
481
474
470
473
470
470
471
473
473
476
474
473
472
478
477
480
481
482
484
481
474
473
471
470
473
474
477
484
495
507
506
503
504
504
498
492
485
482
482
480
477
477
477
480
476
479
480
481
480
479
475
473
475
479
478
478
477
477
475
476
476
479
481
484
483
487
490
494
496
491
489
490
488
488
488
486
486
485
485
476
473
470
476
475
481
486
485
490
496
494
490
494
1470
488
1463
488
486
484
482
479
478
476
475
474
473
467
466
469
466
467
471
476
479
480
483
482
481
480
477
475
478
477
478
479
480
479
475
481
486
495
499
498
502
506
505
505
505
502
499
502
497
496
491
491
489
491
495
497
497
496
491
487
488
482
481
482
481
489
491
495
496
496
495
494
492
489
486
485
481
483
489
495
493
493
496
508
521
534
530
524
517
512
510
506
505
505
504
501
498
495
493
491
488
484
479
481
478
479
476
481
482
489
494
493
492
496
501
506
509
498
493
488
490
489
491
492
494
494
494
495
490
492
494
491
491
492
491
491
487
484
486
485
490
496
505
509
510
511
507
511
514
510
503
1005
501
501
502
506
500
1482
496
497
498
497
493
494
494
494
492
490
488
487
487
489
494
502
506
510
507
503
505
502
497
494
489
491
492
498
505
511
515
518
517
517
512
508
506
505
499
500
500
502
497
498
498
502
508
516
521
513
514
516
513
511
1509
502
506
508
507
507
508
509
511
512
518
522
528
533
540
536
530
528
524
522
522
521
520
520
522
523
526
527
528
529
527
532
532
528
525
524
531
531
531
527
527
526
523
521
527
515
514
515
511
508
505
507
505
503
503
505
504
506
506
505
505
507
509
509
510
514
514
511
512
515
511
509
510
512
511
509
514
511
513
512
516
513
521
520
524
528
528
534
530
526
530
524
522
519
520
516
515
514
512
511
509
513
516
523
520
519
520
520
513
512
506
506
503
504
503
502
502
504
509
510
516
520
524
524
527
527
525
524
521
513
510
506
503
507
505
506
511
510
515
516
520
522
523
528
526
521
522
520
519
516
513
510
505
503
499
500
506
504
505
506
506
502
499
498
494
496
496
498
502
511
518
515
512
514
520
517
515
514
515
512
506
511
506
505
503
502
492
490
495
489
487
491
488
490
491
491
490
489
488
482
479
480
481
483
491
501
518
536
535
528
527
522
521
517
512
510
508
503
499
502
500
501
496
499
499
501
503
505
503
501
509
525
549
550
543
546
538
531
531
526
521
521
514
513
509
508
509
509
507
508
514
526
547
567
566
566
561
555
543
533
524
521
515
510
508
507
508
504
501
499
496
492
487
486
490
498
504
1562
605
717
740
629
591
575
563
553
544
543
538
536
530
533
530
524
521
520
520
521
521
522
532
535
540
543
555
555
558
563
560
560
556
559
555
556
557
552
551
554
552
552
553
557
556
553
551
545
537
533
532
535
557
572
586
587
573
576
566
556
554
547
540
539
531
531
533
533
535
538
547
553
560
565
567
567
556
554
551
542
538
531
533
530
533
526
524
525
524
529
531
532
531
529
524
521
521
520
521
521
522
523
521
530
541
565
575
576
565
552
542
541
538
535
532
525
525
522
520
519
513
511
517
521
532
546
550
552
554
549
543
534
526
528
523
519
518
518
520
521
522
525
529
541
551
559
566
568
562
554
551
546
537
534
535
527
524
522
521
521
521
516
519
514
514
513
512
508
509
513
521
530
531
529
534
533
535
533
530
526
519
520
513
513
516
526
532
535
549
562
584
595
582
571
563
553
547
543
543
538
532
535
533
534
535
542
543
548
558
560
560
560
555
549
541
540
537
536
533
530
527
523
520
516
517
522
542
566
568
575
596
649
689
688
637
611
596
585
577
573
565
562
561
553
550
547
544
541
539
541
544
547
548
546
546
548
549
557
558
560
560
557
556
555
550
545
543
544
547
546
543
549
550
552
558
563
565
562
561
559
556
552
549
545
540
537
535
532
538
538
548
555
571
585
603
610
600
588
582
571
560
558
548
543
539
537
533
533
540
539
543
551
556
560
559
565
559
558
560
555
552
549
547
540
540
539
535
537
538
543
550
549
558
560
562
565
563
562
555
559
554
551
547
547
543
538
542
541
536
536
536
540
536
539
549
555
557
553
566
561
559
557
552
546
549
540
538
538
536
531
529
532
533
533
532
536
528
530
526
539
541
542
539
538
535
531
525
523
515
510
509
507
510
513
537
580
629
689
944
792
751
621
591
580
570
563
563
555
547
547
542
537
533
535
537
534
533
542
542
546
551
563
562
563
565
562
558
561
551
541
534
531
527
526
524
525
522
527
528
526
524
522
518
515
517
517
516
516
517
520
531
549
554
546
545
540
534
533
531
527
525
521
521
520
519
519
522
531
538
547
562
579
583
584
589
584
572
569
561
553
543
545
535
531
530
532
529
531
535
544
552
561
573
574
572
573
565
558
551
550
542
537
536
532
527
524
522
521
517
518
514
520
528
537
540
548
560
568
569
563
559
560
558
559
557
553
552
553
557
565
571
568
562
559
564
564
563
559
557
553
547
545
541
542
547
554
554
566
567
570
571
580
577
573
566
569
554
552
550
545
543
539
544
541
541
544
552
558
564
571
573
572
572
569
565
560
554
550
545
540
534
531
536
538
546
561
570
580
578
557
545
1622
544
545
543
542
539
533
526
522
518
516
513
515
519
521
528
549
561
581
579
574
565
555
543
543
538
536
531
526
528
527
531
543
548
564
585
603
609
591
586
578
571
570
569
561
551
551
549
545
542
538
534
530
526
522
517
516
518
518
521
526
550
559
573
576
582
595
594
579
580
580
568
559
550
540
534
537
532
533
541
542
553
566
586
595
592
585
590
589
588
587
578
575
571
565
560
559
571
572
570
573
573
580
585
580
566
563
563
562
554
552
546
543
541
538
538
534
531
526
523
524
528
540
570
599
660
761
799
671
625
603
589
577
572
562
553
554
555
559
566
575
581
588
592
590
590
597
593
595
604
603
600
598
589
581
579
570
565
566
563
565
578
582
567
574
565
569
573
574
569
571
575
574
574
586
598
595
590
596
586
584
589
580
569
562
563
560
561
567
567
564
562
563
561
563
571
580
584
597
589
587
581