745
710
734
698
681
703
729
761
683
707
694
687
687
688
707
716
696
676
665
658
665
690
702
666
664
661
671
685
714
753
804
744
716
707
702
718
701
743
762
757
703
667
679
687
727
752
696
687
667
657
628
624
600
596
587
585
587
572
570
565
609
664
719
740
743
748
683
655
657
656
642
629
612
609
633
661
692
713
715
696
681
651
627
612
612
613
715
780
816
810
783
770
760
756
746
726
712
690
657
639
637
646
656
651
695
797
787
804
832
809
759
717
684
654
616
623
646
712
686
768
810
828
773
792
768
715
735
714
703
676
702
702
690
673
697
716
722
688
712
683
644
613
589
592
583
571
598
622
632
622
661
659
664
648
670
675
646
649
638
644
637
619
613
616
606
603
618
628
654
644
657
635
624
616
611
620
628
657
629
657
693
782
779
770
721
683
655
621
642
709
730
740
732
694
674
676
673
667
672
661
651
635
630
635
634
649
641
738
758
756
741
703
697
658
635
616
602
582
562
552
546
554
582
620
750
893
872
864
925
915
955
862
852
808
732
734
747
753
709
754
799
886
879
757
697
675
715
765
832
812
802
771
749
697
654
615
593
584
607
641
699
757
792
772
765
727
670
659
639
608
594
601
604
624
624
629
653
652
690
663
721
780
840
804
743
723
685
714
797
837
848
789
747
694
665
636
611
643
675
763
770
737
712
677
656
640
641
626
633
655
704
705
681
666
647
615
611
608
623
624
615
640
663
713
813
775
843
862
896
849
772
752
702
689
647
611
626
614
646
669
656
652
625
605
588
579
579
601
651
683
724
718
696
683
682
647
635
622
616
611
611
613
620
633
649
646
668
675
724
698
655
698
711
732
736
731
695
670
650
655
685
720
804
787
751
728
690
653
635
624
643
704
784
791
777
791
772
745
700
668
651
620
631
667
715
725
710
753
759
724
751
745
704
670
646
658
682
759
791
775
761
750
724
724
697
675
670
666
693
752
736
750
738
744
701
695
704
780
837
865
844
827
826
821
776
766
715
684
697
672
702
741
773
744
709
675
689
729
802
804
760
735
699
674
627
620
654
698
785
804
753
800
816
793
759
722
736
718
726
724
676
666
658
686
686
771
799
812
766
808
802
773
788
745
683
669
649
607
622
636
623
610
619
629
631
622
621
613
606
603
605
620
632
630
631
650
644
680
712
807
826
794
771
750
715
714
710
674
688
660
632
605
587
574
609
677
854
849
881
816
824
765
755
728
734
728
672
643
620
632
649
710
786
818
835
786
823
805
740
725
702
688
648
654
670
676
742
776
771
729
766
754
724
716
742
721
686
679
674
664
630
627
649
663
655
677
667
634
627
659
678
701
651
647
640
625
612
602
587
585
573
583
564
562
584
603
634
688
743
756
714
684
643
627
619
630
646
661
670
677
657
655
658
674
722
813
893
832
813
725
691
671
666
671
689
761
772
752
710
754
762
762
727
695
646
629
636
658
692
683
752
796
760
729
725
733
746
719
721
718
737
768
710
729
740
740
694
717
708
732
680
690
703
692
686
731
758
746
733
759
734
689
689
677
668
645
654
655
657
677
659
633
616
595
594
639
713
791
751
718
665
624
624
620
608
599
604
613
630
664
687
687
671
674
698
731
730
745
820
859
861
839
797
800
773
744
744
729
737
739
750
729
673
653
641
643
668
701
733
699
709
719
718
689
731
803
857
854
796
758
751
723
699
688
669
660
643
635
632
629
615
617
623
666
782
802
795
764
799
770
753
769
764
752
712
697
671
615
611
602
598
604
639
671
693
704
656
724
746
702
695
712
710
723
726
701
670
654
643
638
650
674
668
686
673
632
632
629
628
641
672
657
663
637
628
608
591
572
561
559
561
564
548
535
529
521
520
527
537
562
593
717
635
622
589
594
795
852
815
727
676
647
664
691
699
666
653
658
648
641
651
661
664
663
668
683
727
719
758
781
810
757
696
657
655
722
819
900
886
787
771
711
744
754
779
790
791
726
729
699
678
649
636
649
691
788
796
762
841
834
819
753
759
740
704
729
722
696
688
685
706
696
706
687
728
689
659
657
613
619
607
601
614
620
622
629
604
581
588
582
581
584
573
591
599
620
679
717
760
720
737
712
703
743
751
723
708
708
682
653
669
654
644
616
627
646
722
749
731
707
681
648
625
633
627
633
609
597
598
601
623
639
650
602
588
577
573
572
563
560
541
531
532
532
538
554
571
573
571
572
566
626
864
854
863
799
793
829
875
847
794
807
786
804
799
789
839
847
731
694
671
662
656
646
607
581
563
581
614
656
695
728
692
643
621
617
604
605
601
589
586
594
603
611
604
630
665
698
702
682
646
626
618
642
687
689
722
712
718
688
714
698
648
646
651
640
616
628
625
626
634
673
692
692
691
694
688
664
651
628
615
598
589
586
598
600
618
648
660
643
645
637
646
633
676
689
683
660
646
615
594
575
574
571
571
569
583
590
592
585
602
608
616
647
648
653
669
706
704
655
647
616
608
598
590
586
609
638
720
787
799
776
730
698
690
659
630
617
616
627
638
678
703
690
631
612
601
612
636
699
719
697
661
720
700
727
739
692
667
667
647
614
634
630
646
659
730
790
769
789
728
742
743
744
723
731
702
683
659
687
672
666
644
646
646
657
645
688
682
678
702
708
670
691
674
680
692
724
688
738
727
681
677
672
664
655
652
656
657
677
654
652
668
673
671
665
626
631
638
609
605
597
604
622
641
638
670
695
724
726
759
722
680
645
653
666
633
669
683
668
694
733
745
735
760
745
692
642
614
592
588
595
606
614
637
635
600
605
606
600
590
612
645
657
651
649
651
673
683
664
649
648
668
716
748
749
708
731
715
707
677
697
713
707
719
663
664
652
688
693
722
732
756
740
734
762
732
689
701
681
651
659
657
675
669
695
678
666
666
690
714
697
691
679
654
661
646
639
620
632
627
654
675
727
721
734
718
732
735
729
671
673
665
644
618
609
624
648
691
673
721
734
696
657
649
643
616
621
650
728
824
805
777
802
740
756
764
746
743
720
694
668
698
705
731
724
712
675
714
728
817
738
704
643
663
653
659
659
614
600
592
583
577
563
563
559
562
562
563
563
566
563
558
555
566
585
603
624
641
649
647
634
651
679
668
637
646
631
640
655
640
659
627
635
639
640
626
601
598
601
600
597
588
598
602
616
634
625
608
621
627
648
690
712
726
716
694
672
650
636
621
620
640
722
727
681
638
647
641
624
627
643
684
701
812
772
767
711
658
611
491
635
596
601
600
631
650
658
613
628
623
607
609
592
572
566
559
557
548
545
542
539
540
544
547
552
559
570
592
614
628
623
646
641
625
596
569
557
559
565
593
586
587
603
617
610
615
629
644
611
617
628
633
657
654
650
647
617
607
598
594
577
576
571
560
1087
530
533
530
526
526
518
522
521
520
515
526
525
520
511
514
500
493
500
486
482
479
484
491
489
519
1030
521
523
519
524
524
550
557
558
552
541
540
539
636
453
548
551
550
544
544
546
545
559
568
592
592
563
557
557
547
549
549
548
564
640
790
823
754
684
661
672
666
625
617
610
589
586
582
609
667
712
697
685
698
649
628
618
630
623
646
642
657
654
634
615
613
619
641
667
671
697
791
820
778
748
764
700
674
652
631
628
647
680
695
694
676
667
675
677
646
650
639
626
613
594
588
595
594
581
574
562
563
563
570
569
574
590
609
651
661
685
685
740
729
720
708
697
685
653
641
630
601
604
607
626
669
729
781
763
733
719
722
747
723
708
681
636
619
605
617
619
609
611
647
735
850
870
834
755
697
656
637
644
661
683
680
723
781
814
782
739
712
694
688
669
677
705
704
713
710
652
646
662
670
684
684
660
676
654
638
623
613
607
605
624
620
637
646
669
662
688
676
691
684
661
646
631
629
628
641
632
632
653
697
723
704
682
692
692
664
633
611
607
604
620
620
630
660
681
702
659
647
613
601
589
575
575
571
565
560
546
546
539
535
549
557
567
568
582
584
618
634
637
650
648
607
599
594
577
565
569
568
555
560
559
563
582
603
615
581
576
566
549
552
561
556
552
548
551
552
546
547
540
536
531
525
520
524
529
547
566
567
573
588
611
627
612
607
602
586
585
574
571
585
606
618
646
680
715
685
681
678
660
649
647
667
643
628
623
612
603
596
609
631
648
651
670
646
633
609
596
613
629
675
738
761
778
769
738
720
676
679
669
658
630
621
616
601
600
603
621
620
633
626
635
655
660
643
634
608
583
568
571
574
586
596
597
594
643
688
693
687
671
656
648
649
640
634
613
631
643
653
704
744
732
734
717
688
652
644
614
578
582
585
609
664
672
694
687
693
686
706
686
652
621
598
588
573
566
559
556
554
556
552
563
579
586
611
659
694
690
675
652
646
654
668
673
695
747
727
745
735
677
662
662
671
700
745
768
806
782
754
671
651
637
658
682
674
680
708
737
708
720
785
694
674
659
658
650
648
658
665
661
646
646
644
629
655
683
710
740
790
735
684
668
627
3140
671
650
633
616
624
623
627
628
631
629
621
612
603
616
633
692
746
814
843
783
819
770
701
647
621
623
620
630
624
628
645
647
677
683
668
671
623
627
626
629
633
627
617
602
590
595
619
656
695
688
701
700
758
732
702
718
692
692
684
658
649
630
630
628
623
624
643
654
655
647
654
651
643
638
629
609
604
594
591
585
593
621
683
728
691
688
687
689
686
679
675
704
685
761
823
785
781
765
754
740
710
699
702
708
689
684
641
669
645
649
635
663
665
657
648
648
622
620
622
615
629
621
620
619
617
619
610
632
646
679
692
751
733
691
682
645
617
602
607
590
599
605
627
661
665
685
718
737
682
700
683
650
668
664
650
625
607
582
560
556
561
599
678
705
715
695
693
684
692
680
665
662
667
631
621
601
598
585
576
572
582
599
614
640
684
684
676
686
672
664
680
685
688
686
683
665
654
646
632
634
631
640
638
615
598
571
587
570
555
553
542
537
536
551
571
556
566
585
655
816
850
756
733
732
727
720
719
689
660
666
661
649
658
648
626
618
609
603
615
623
651
646
654
662
716
850
960
898
816
701
669
623
620
626
612
650
637
636
682
748
746
689
681
670
643
619
608
601
598
600
600
593
606
629
652
652
629
601
595
590
606
610
608
613
635
652
633
639
630
622
617
611
612
611
608
606
593
602
615
629
634
636
616
620
588
600
604
637
654
673
677
657
645
625
604
599
601
619
626
614
624
618
643
637
625
625
630
619
621
636
638
633
630
623
611
608
605
600
595
598
604
606
598
605
603
589
586
585
577
569
576
585
604
617
624
604
617
638
669
661
646
646
643
638
637
652
657
642
653
653
634
634
637
617
604
603
632
675
684
728
729
710
683
666
646
637
623
601
592
599
601
606
593
594
578
593
603
609
632
634
638
636
620
611
601
589
603
591
601
612
636
653
669
657
654
647
652
658
655
635
615
600
581
568
555
551
552
587
637
673
732
805
798
808
763
709
685
662
646
637
636
629
616
638
630
626
632
613
604
588
583
574
568
583
602
643
673
788
803
815
734
714
668
652
617
591
596
590
599
630
670
709
723
700
698
717
778
796
726
657
625
612
597
596
601
622
710
751
746
828
869
785
769
751
713
656
648
629
618
623
620
626
657
635
656
678
684
672
691
687
658
658
648
634
637
632
601
604
598
603
614
651
728
718
748
737
724
684
688
669
653
635
617
601
592
605
637
638
649
688
730
749
701
688
704
678
669
666
644
591
595
581
568
572
569
572
584
587
582
590
577
577
576
572
567
575
608
657
685
704
732
687
672
638
632
621
615
603
591
587
597
615
650
669
738
754
729
689
626
598
591
598
613
643
673
686
729
757
741
713
722
696
672
629
645
625
623
641
673
737
663
665
664
660
652
617
586
575
566
554
559
569
600
652
670
706
679
674
654
674
686
698
687
686
649
630
638
621
611
604
614
606
585
573
572
557
547
540
543
568
755
875
898
855
784
713
632
626
636
645
637
641
637
651
644
615
593
593
595
584
596
603
610
607
628
637
653
690
695
690
704
725
709
688
646
644
632
625
635
652
656
649
665
694
677
697
729
737
707
689
676
648
641
617
624
623
627
638
627
612
608
622
627
615
609
593
604
617
625
624
632
634
616
619
601
579
577
575
561
553
543
553
585
708
758
690
631
599
614
657
728
684
635
602
574
563
553
558
568
571
566
568
585
634
741
816
765
696
639
606
615
618
647
646
653
630
618
611
607
613
607
603
590
584
581
577
582
571
586
609
615
646
642
673
646
619
517
635
583
625
627
611
596
584
567
568
549
545
534
536
535
532
527
524
525
545
569
613
614
603
579
557
543
534
530
528
533
537
561
551
557
558
554
547
538
537
538
552
569
585
596
598
586
573
556
541
535
527
525
528
530
539
535
542
538
546
548
544
561
572
574
585
587
573
561
545
535
535
537
553
562
557
551
542
545
538
538
530
535
535
548
559
560
563
557
546
542
538
540
537
539
536
530
534
528
546
544
560
571
553
557
544
543
439
1129
514
502
499
500
490
491
486
487
488
486
489
485
478
478
478
473
472
469
462
468
462
461
472
468
467
474
466
477
462
457
468
456
452
457
450
447
451
453
469
452
455
458
459
449
450
449
449
443
448
461
458
451
450
446
453
441
446
449
446
441
451
445
451
441
448
448
448
438
445
442
448
444
441
444
439
439
440
431
440
435
435
438
432
436
435
432
436
434
437
438
433
444
437
432
430
428
430
424
425
430
426
432
424
422
431
424
429
425
428
441
433
445
434
433
434
430
424
428
431
423
427
422
432
423
431
423
418
423
426
425
422
416
426
428
427
426
421
421
423
425
427
418
419
417
425
421
424
421
422
424
419
421
417
418
422
419
425
423
422
423
409
429
419
412
417
416
418
417
420
417
417
418
413
419
409
417
419
417
429
422
420
421
418
426
421
414
418
837
419
418
420
417
418
420
420
410
415
419
830
408
409
408
832
418
416
412
410
417
412
416
411
416
417
414
422
412
411
418
411
420
412
409
412
411
817
411
404
409
417
419
426
424
413
420
410
432
417
410
414
417
414
412
412
412
414
420
411
425
411
415
417
413
417
410
409
418
415
414
412
410
407
406
408
407
415
409
409
409
403
407
808
401
399
402
406
408
401
409
400
401
406
401
413
814
404
397
402
400
406
397
402
396
398
403
404
409
402
406
399
403
402
401
409
399
415
400
402
404
398
412
405
413
408
408
405
406
409
405
406
402
403
411
407
425
410
406
409
407
414
404
413
405
399
403
404
410
409
416
415
412
412
820
412
406
400
816
817
403
404
407
402
411
407
410
405
404
408
406
409
411
407
403
405
409
405
406
399
401
403
396
402
397
398
395
397
402
401
402
395
406
401
400
395
399
402
395
405
397
396
397
398
407
398
406
399
397
400
400
409
399
408
400
397
405
400
401
397
402
396
397
401
396
404
398
403
398
397
401
404
405
394
414
408
399
398
397
403
397
402
396
402
405
398
399
395
398
396
397
395
395
398
401
401
399
405
399
403
396
394
398
395
407
391
414
398
397
396
397
400
397
405
396
411
399
398
405
397
407
399
399
396
395
400
393
407
396
398
397
394
400
393
400
395
397
402
396
395
400
400
395
397
392
393
395
396
391
388
397
390
390
388
389
390
392
388
391
396
390
392
387
387
389
391
396
393
398
394
396
396
388
396
391
401
398
402
397
396
398
402
403
400
412
406
402
399
402
407
401
411
402
397
400
398
401
399
404
404
401
398
398
403
396
407
395
399
395
397
398
395
398
395
397
399
396
397
397
402
396
398
393
391
394
392
402
394
397
393
390
392
391
398
395
404
396
405
396
394
397
397
399
396
398
397
398
398
397
401
395
398
395
393
396
396
396
397
400
394
396
396
396
403
400
404
398
401
396
393
398
396
399
394
405
395
393
393
392
395
392
397
390
396
389
390
397
398
401
396
399
396
396
396
399
398
395
398
395
393
389
389
395
390
398
392
401
393
393
391
392
396
391
397
788
391
390
393
394
400
396
400
396
392
396
396
401
399
406
400
400
394
394
398
394
397
782
396
395
393
396
395
392
395
392
389
387
388
392
394
399
396
397
396
395
395
396
396
398
395
399
397
394
396
394
389
400
386
396
391
390
388
389
388
396
396
397
401
396
394
397
394
394
394
395
396
405
406
405
403
400
402
400
398
397
412
413
415
415
410
413
410
408
409
407
409
414
421
424
424
422
421
419
417
418
418
422
426
432
438
439
438
435
433
426
425
420
420
421
427
441
468
483
487
479
467
461
455
453
450
441
443
442
440
446
458
485
500
498
493
489
484
488
497
492
482
479
474
479
478
475
471
468
468
475
490
504
494
490
483
491
489
481
480
476
475
476
486
491
491
481
481
479
478
471
469
469
469
467
465
463
465
468
500
512
518
502
496
494
487
482
481
482
500
500
495
488
481
477
466
471
465
471
475
467
467
463
464
468
471
486
506
522
519
517
514
499
496
493
495
505
499
500
492
488
490
502
512
511
512
510
522
517
511
508
507
506
494
490
490
488
487
484
484
482
482
487
493
520
532
531
527
522
516
514
512
497
500
494
493
486
479
479
474
476
475
478
483
489
508
517
527
519
508
509
503
499
499
499
502
508
508
504
504
499
512
517
511
516
514
508
504
503
507
506
509
506
504
501
515
519
517
509
500
497
493
492
497
507
525
518
517
508
501
495
497
503
494
504
514
527
528
541
551
544
548
538
529
531
538
546
548
542
534
524
519
523
510
510
504
499
494
492
500
511
512
511
510
504
499
498
499
512
526
534
531
525
522
511
504
498
494
493
499
507
521
539
560
574
562
551
540
526
519
512
506
500
496
493
496
505
521
532
541
545
537
529
518
523
514
511
506
506
505
497
507
505
505
504
501
500
509
530
541
554
547
533
529
527
519
513
519
508
519
506
502
499
497
497
498
510
512
508
509
503
502
505
503
499
501
497
496
500
492
486
490
486
479
479
474
465
469
466
467
461
467
470
467
461
458
458
459
456
450
452
448
451
446
449
457
458
469
457
461
466
464
462
460
466
465
459
458
465
462
461
455
457
457
449
448
454
459
466
463
462
459
453
454
447
450
452
446
446
444
447
454
447
447
441
439
410
469
440
436
438
441
435
443
441
442
441
436
438
434
434
432
428
431
428
426
427
429
429
424
433
427
426
426
426
428
424
423
420
425
428
424
424
418
419
421
423
430
430
431
430
432
433
428
434
431
423
422
425
425
419
428
419
415
417
418
423
424
430
427
427
422
426
428
424
427
424
420
426
424
431
425
427
420
416
419
417
420
419
428
425
419
419
421
426
421
425
418
421
416
417
422
424
432
425
430
420
420
425
423
426
420
429
428
427
425
422
424
421
418
418
417
423
416
420
416
419
421
426
428
424
428
424
424
422
422
426
421
428
426
420
419
419
421
417
422
415
410
411
412
414
411
413
417
421
423
422
418
417
422
415
419
413
412
420
417
418
414
420
414
414
410
408
412
410
415
412
423
420
422
419
417
420
419
421
414
419
420
418
422
414
419
409
415
409
404
407
409
416
419
420
414
416
414
413
411
410
415
409
417
413
415
413
408
409
408
412
409
413
414
422
421
424
420
418
418
417
420
414
424
422
415
419
417
423
417
424
419
414
416
418
418
415
418
413
418
420
414
418
418
423
419
420
418
415
417
414
417
415
420
412
415
412
413
407
409
413
412
416
410
417
415
421
413
409
413
411
417
413
423
416
417
412
413
413
409
413
406
411
404
412
413
414
405
407
409
407
413
408
413
406
411
406
406
412
410
414
412
413
407
413
408
407
403
400
403
402
407
408
412
406
410
410
413
409
412
414
415
423
418
424
416
415
417
419
423
419
421
417
423
418
417
413
415
420
421
421
422
424
425
419
417
425
425
423
418
432
418
431
421
424
419
420
416
414
426
420
426
425
424
421
424
431
432
442
439
444
438
437
437
435
432
434
434
427
429
427
429
432
438
437
438
443
441
449
442
446
449
453
450
446
445
440
440
436
453
448
462
449
452
448
447
447
449
445
446
445
451
448
449
457
457
465
461
470
465
470
462
460
453
455
452
456
454
451
445
447
443
443
446
442
442
439
439
437
449
455
460
458
455
449
446
445
449
452
460
465
460
458
452
461
452
458
446
448
442
438
436
446
449
464
467
467
465
472
483
479
480
477
478
476
474
464
464
457
463
450
453
448
455
450
450
448
453
455
468
465
462
459
472
467
470
467
471
461
460
455
454
458
452
448
443
454
441
440
438
442
439
438
439
443
446
444
453
459
483
481
489
478
479
473
484
466
468
462
460
454
455
460
464
465
461
462
465
469
482
489
490
485
488
480
478
476
473
470
467
466
461
456
459
456
460
451
454
458
459
460
462
468
464
465
462
472
461
467
460
468
459
465
454
461
456
467
459
461
457
461
454
451
449
454
450
453
452
457
449
454
458
461
461
462
471
461
461
459
466
454
459
455
465
457
458
455
453
452
460
459
459
459
459
460
459
455
463
454
454
452
444
461
441
444
440
440
437
440
446
460
460
459
463
450
453
447
450
447
448
448
445
443
446
442
442
438
434
441
427
432
427
435
437
437
437
438
447
452
467
470
472
469
477
468
466
584
342
451
459
452
456
454
453
451
448
450
452
449
459
471
460
463
458
459
451
460
450
453
450
447
445
449
445
445
447
447
454
447
454
448
453
449
451
447
449
451
462
460
455
455
448
464
450
454
447
455
447
451
449
446
445
446
443
444
443
438
438
435
436
439
445
453
468
467
462
454
447
444
443
439
438
442
436
440
435
441
438
443
441
443
450
460
461
462
463
472
465
463
460
456
455
457
459
461
463
454
455
442
443
436
445
436
443
441
451
447
454
448
463
458
463
460
462
457
460
456
470
464
468
458
459
454
454
448
447
440
442
437
438
433
442
438
444
439
443
440
444
444
450
455
464
455
461
447
446
440
445
438
440
436
443
437
440
438
446
440
448
442
448
446
450
445
453
444
442
437
440
436
446
440
444
438
437
433
437
432
430
430
431
432
426
433
429
431
428
437
429
434
432
439
434
437
435
433
430
432
431
430
426
429
429
430
428
435
432
431
429
433
440
441
443
441
445
444
438
445
445
446
438
438
435
437
434
432
434
429
436
432
435
436
436
437
441
442
438
442
445
444
444
438
434
434
439
437
432
438
432
436
428
427
429
425
429
429
436
430
424
426
427
428
427
430
427
431
426
427
431
428
436
428
429
427
427
427
426
426
421
426
420
424
432
435
436
430
435
432
434
438
433
438
437
432
435
434
437
434
439
436
436
436
430
430
427
429
424
421
426
426
430
425
429
425
427
434
434
442
436
435
436
436
440
438
437
429
427
431
431
432
434
435
432
429
426
426
428
422
427
423
424
430
424
427
422
426
420
416
421
422
422
419
423
419
425
416
415
420
420
418
417
421
417
419
415
413
415
414
416
411
420
412
412
416
421
421
417
421
419
420
417
418
417
418
421
417
419
418
418
420
416
424
417
422
419
411
411
411
415
409
414
410
414
409
416
418
419
422
420
420
417
418
412
410
406
409
414
413
418
413
415
409
410
406
406
404
400
406
404
411
411
416
411
414
408
405
407
406
407
406
408
405
410
401
403
398
395
398
399
399
399
401
397
398
395
399
397
401
396
396
395
395
401
400
403
400
399
396
402
395
399
396
398
401
393
397
396
403
397
401
398
396
396
396
403
401
402
398
402
395
404
394
396
393
390
390
394
396
397
398
396
399
394
399
394
395
392
392
396
391
396
394
399
394
402
394
408
398
399
396
397
400
404
401
398
402
398
400
395
402
394
396
392
391
393
393
394
392
389
390
394
389
395
388
398
393
396
393
389
389
385
392
388
391
387
388
386
389
386
391
385
389
384
390
387
390
389
386
387
383
387
387
390
391
389
387
390
388
390
386
388
385
391
387
392
386
385
384
386
384
381
387
389
388
388
394
390
398
392
396
396
397
396
393
396
395
393
393
396
394
396
393
397
396
398
393
389
390
390
390
385
390
385
391
384
388
384
393
386
387
387
387
388
390
395
392
396
394
394
388
390
392
391
393
386
391
384
387
383
384
388
386
386
383
387
382
387
380
386
382
382
380
380
385
382
383
384
384
387
388
386
397
390
390
390
390
387
392
390
390
395
391
398
395
396
392
390
393
389
395
390
393
386
390
385
386
386
385
379
380
381
380
382
376
384
379
386
380
386
382
383
382
377
379
378
381
383
382
379
384
381
384
378
385
381
390
387
382
382
380
386
384
382
378
385
378
384
378
385
378
384
377
379
377
376
379
377
377
377
379
377
379
377
382
374
389
381
382
380
378
377
375
381
377
382
379
379
377
383
375
382
374
383
375
379
376
373
381
370
374
371
372
372
375
376
374
371
375
372
376
371
376
372
376
370
371
369
371
375
371
370
368
370
371
371
368
371
368
369
368
371
371
372
370
375
367
375
369
372
367
374
370
370
370
372
371
368
371
370
371
368
371
368
371
369
373
368
370
367
372
368
370
368
371
365
370
365
370
365
373
367
372
366
366
367
370
366
364
363
366
366
365
362
364
364
366
363
364
365
365
364
362
365
363
365
360
369
362
365
361
364
366
359
362
360
362
357
362
360
359
361
362
361
364
361
364
359
366
361
364
361
363
363
364
360
363
363
364
363
361
364
361
362
362
362
363
363
361
364
361
363
360
366
360
364
358
365
358
362
361
363
362
361
361
360
362
363
364
361
364
362
366
360
368
361
368
362
367
362
362
367
363
362
361
362
360
359
361
361
357
362
356
362
356
360
354
360
356
362
356
359
356
355
354
355
356
357
357
354
356
354
354
354
357
355
354
355
356
356
356
356
357
357
356
356
359
354
360
356
360
357
361
355
363
357
361
356
358
358
355
360
356
356
354
356
354
357
355
355
356
355
355
354
354
356
356
354
355
356
354
356
353
356
352
357
352
359
353
357
353
356
353
354
354
351
354
351
354
350
355
352
354
350
355
351
355
350
357
354
356
354
355
353
355
353
354
355
352
354
354
352
351
354
354
353
353
354
354
355
354
354
352
359
349
357
352
353
351
351
353
352
354
349
353
349
353
352
354
350
353
351
349
352
352
350
353
349
353
347
352
348
353
346
352
699
343
354
346
351
332
360
347
350
344
346
347
345
345
347
347
344
349
344
349
689
345
346
345
347
343
347
343
348
343
348
341
347
342
345
688
342
343
689
342
346
343
346
345
344
346
345
344
346
539
482
351
347
345
349
343
345
345
346
343
346
344
343
344
343
346
339
343
347
342
343
344
340
344
344
341
345
341
344
340
346
339
345
340
346
338
344
338
345
340
345
340
343
338
345
340
342
341
343
340
344
340
343
336
345
342
341
341
341
337
346
342
341
344
339
341
344
341
341
342
341
341
338
341
342
342
337
343
340
340
342
338
340
342
339
339
336
340
339
340
337
339
337
339
336
342
337
340
336
342
335
342
338
339
339
339
338
342
337
341
335
342
335
342
337
340
333
342
336
339
337
340
337
338
336
339
335
340
336
342
336
341
330
345
339
337
341
339
338
337
340
338
339
337
342
338
336
340
339
337
338
339
339
337
337
340
337
339
336
336
339
336
337
336
338
333
340
335
336
336
338
332
341
334
338
335
339
333
338
334
337
333
337
333
337
334
336
333
337
336
335
333
338
336
335
334
335
333
335
331
336
333
336
333
335
333
336
332
334
331
334
329
336
330
335
332
333
329
334
329
335
330
332
330
332
333
332
327
333
328
333
331
330
329
661
330
331
329
331
331
329
333
331
329
328
330
332
330
327
331
330
330
328
332
329
330
329
332
329
332
329
331
327
332
330
331
326
333
330
331
327
332
331
329
329
331
331
329
327
332
329
329
327
331
329
329
327
333
327
331
327
333
324
332
326
334
326
329
325
331
326
328
328
330
326
328
327
328
329
327
327
329
329
327
328
332
326
332
324
334
328
331
327
331
329
330
330
330
346
316
328
328
331
328
332
330
323
335
330
326
333
330
329
327
332
328
327
328
659
329
333
329
328
331
328
332
326
332
325
332
324
333
324
332
325
332
327
330
326
330
328
329
326
328
327
329
322
332
326
331
323
331
325
329
328
328
324
331
325
330
324
329
324
330
325
328
325
329
324
328
322
330
323
328
322
330
323
327
327
324
326
329
323
329
323
332
325
330
325
328
323
331
324
329
323
330
326
325
328
325
327
330
325
325
327
326
327
328
327
325
325
326
327
326
322
324
329
327
324
323
329
325
325
323
329
325
325
653
324
326
326
326
324
323
325
328
325
324
325
327
324
325
327
325
323
326
324
325
323
325
325
325
322
325
326
324
324
325
328
322
322
315
338
325
321
328
324
325
323
326
320
328
319
327
318
329
321
326
320
329
322
326
324
325
326
320
326
324
323
321
327
324
320
323
329
321
324
324
327
323
323
324
328
323
328
323
326
323
329
320
329
323
328
320
330
322
326
324
323
323
327
323
327
321
327
320
324
325
319
325
321
327
317
311
337
326
318
327
321
327
320
328
318
323
322
325
319
326
319
327
319
327
316
329
320
325
323
324
316
330
319
324
320
321
324
323
321
320
326
321
318
321
327
321
319
323
323
318
324
319
322
322
325
319
325
318
323
322
324
321
322
320
325
318
325
318
322
321
325
317
324
321
323
318
322
322
322
316
326
319
323
318
327
316
323
319
324
321
323
316
323
318
326
317
320
323
320
322
316
323
321
320
316
326
318
318
320
322
316
327
316
322
323
323
318
326
314
324
646
318
324
319
323
320
324
320
324
314
327
321
320
322
322
319
326
316
320
323
320
317
322
325
320
322
318
322
324
321
318
326
323
319
319
326
324
321
320
324
326
321
325
325
332
323
328
321
328
328
329
328
316
334
331
329
327
323
337
331
328
319
340
335
333
330
332
332
332
326
336
330
329
331
335
328
327
340
332
328
322
342
333
333
323
339
335
333
327
334
331
330
331
330
329
333
332
332
327
340
331
334
326
339
332
334
327
342
334
331
332
337
338
336
331
340
339
337
333
337
342
336
333
338
341
336
332
341
341
338
334
341
342
341
346
339
347
342
342
339
346
344
337
344
349
345
339
342
343
345
345
347
345
330
356
344
335
347
350
349
348
349
343
345
354
350
349
343
357
350
348
352
356
351
355
354
349
359
360
355
352
360
358
352
361
361
354
355
366
354
357
358
360
359
354
365
358
358
354
366
360
358
367
361
359
360
361
361
361
355
371
363
358
368
366
362
366
367
364
362
372
366
364
372
368
368
368
373
370
366
374
371
369
363
378
373
370
369
379
373
371
369
379
380
377
375
375
374
382
379
374
372
376
380
377
366
392
381
378
377
386
381
377
387
382
380
388
386
386
385
392
392
389
394
394
391
391
394
395
393
392
389
397
396
393
392
396
393
394
400
396
393
400
396
396
399
397
396
396
394
401
400
400
400
403
402
398
406
404
402
407
404
402
410
404
400
412
406
405
410
408
402
411
407
406
415
409
407
415
412
416
411
414
413
408
411
410
405
413
412
410
410
412
412
410
412
413
411
405
411
416
416
414
410
409
409
410
410
412
407
409
411
406
406
412
410
409
416
412
412
408
420
416
412
415
420
425
423
418
421
428
422
422
421
418
421
420
426
427
426
426
428
428
426
424
430
428
424
437
428
431
431
426
434
430
428
435
430
429
431
434
430
428
432
427
425
431
428
425
432
430
428
428
435
435
434
433
438
437
436
437
435
437
438
432
433
429
438
436
436
438
436
438
438
433
430
438
434
433
438
433
433
434
438
434
434
438
436
437
441
439
439
446
442
442
445
442
441
445
439
438
445
441
438
438
442
441
438
441
443
440
443
442
442
448
443
446
445
442
442
445
448
443
442
450
445
444
449
444
449
448
444
443
440
447
447
445
446
446
444
445
448
445
444
447
447
447
457
453
450
450
448
447
452
455
457
458
458
450
455
454
457
454
450
455
451
452
458
454
455
460
465
460
460
468
466
462
463
464
469
469
467
463
465
463
459
454
466
460
461
463
458
459
457
463
469
462
459
476
465
468
463
467
464
466
466
464
466
466
465
464
470
465
462
473
466
466
471
465
467
471
469
469
467
471
471
469
465
462
468
462
462
462
461
467
465
469
475
479
477
476
474
474
475
479
478
479
479
478
471
471
475
469
468
471
469
472
473
472
475
479
479
480
481
479
486
485
483
483
480
481
481
481
478
479
482
480
479
483
479
484
481
482
481
483
483
482
487
483
483
488
482
481
486
487
479
477
478
480
484
483
484
486
482
482
487
490
481
484
490
484
482
489
489
484
486
487
487
489
487
486
491
486
487
489
486
487
491
487
487
488
489
489
488
488
490
491
488
487
487
485
491
485
485
488
490
486
483
486
475
484
481
482
483
478
481
479
480
479
479
479
479
477
473
471
479
475
474
476
476
477
475
477
476
480
476
475
477
477
481
486
488
487
485
488
487
488
479
482
489
488
486
487
489
483
486
486
483
484
487
495
490
491
495
491
497
498
496
491
494
492
491
489
488
488
485
485
482
489
485
484
485
487
487
484
489
489
487
485
487
488
484
490
486
487
493
487
489
490
487
488
490
491
486
487
480
479
476
471
480
480
483
481
478
478
476
479
479
478
477
475
481
477
476
483
476
479
478
480
479
471
491
476
479
483
475
479
479
477
477
481
478
478
482
479
483
482
485
482
479
489
478
480
481
477
474
480
481
474
479
481
480
480
482
489
479
486
488
485
483
489
486
480
480
484
482
480
479
482
481
486
485
480
491
490
487
486
493
487
485
494
485
487
489
487
486
485
495
483
486
489
485
482
486
490
480
482
478
480
482
477
480
479
481
479
477
482
474
479
478
481
479
478
488
483
490
486
486
488
486
487
487
491
487
488
491
490
489
489
494
488
488
485
494
488
484
495
489
490
487
496
492
488
495
492
490
488
493
492
487
493
491
490
490
494
493
489
494
492
491
492
487
487
485
483
484
486
489
480
482
484
485
482
479
490
479
482
482
480
479
479
491
480
484
482
490
485
485
489
485
493
489
489
493
494
496
490
501
493
494
489
498
490
486
485
480
491
491
493
494
486
495
485
485
479
486
480
479
479
474
481
482
485
486
482
495
488
491
492
492
496
494
494
492
498
493
492
499
488
492
493
491
490
491
492
486
491
489
485
482
491
490
485
489
490
487
485
488
489
484
483
487
488
484
481
492
489
488
486
490
495
485
489
487
487
483
481
492
481
484
483
483
486
489
500
492
495
494
495
492
484
500
481
487
488
485
482
479
490
479
482
479
478
479
479
486
484
481
480
487
486
481
486
483
481
479
484
487
480
484
485
484
483
490
489
485
493
490
489
486
498
496
491
499
495
494
492
498
492
492
495
487
497
490
491
494
494
492
491
500
490
491
488
489
493
489
492
484
495
494
492
490
491
499
491
492
493
494
493
492
500
492
492
494
490
485
484
482
478
490
485
482
490
480
484
479
478
475
474
475
472
478
477
479
479
475
478
475
479
474
473
477
475
477
476
479
484
479
482
479
485
480
479
488
478
479
476
485
481
479
486
487
487
487
494
493
491
491
493
493
491
492
491
484
483
475
484
479
478
478
476
484
477
476
479
484
479
479
489
479
482
480
486
482
479
491
482
485
479
484
487
481
484
482
479
479
481
490
488
497
493
489
487
486
491
479
486
479
479
475
478
480
473
479
478
479
478
482
486
481
485
485
482
482
479
479
476
478
476
472
473
472
474
472
469
479
473
478
477
482
483
478
482
479
479
476
479
480
477
480
479
479
476
473
473
472
478
479
478
481
479
481
479
479
476
473
473
470
479
479
478
485
480
482
479
475
477
471
473
471
472
474
473
481
484
488
487
487
490
484
488
486
486
484
484
493
484
487
487
486
484
483
485
482
485
486
498
498
493
496
491
491
488
489
484
481
489
478
485
481
480
479
484
486
481
491
486
488
488
488
488
484
481
481
483
485
485
495
487
488
483
484
485
474
479
472
472
470
465
472
468
471
473
472
474
475
478
481
475
479
479
479
478
479
480
477
478
476
474
472
469
474
479
483
481
479
487
480
484
481
479
481
477
477
476
479
479
482
481
479
478
476
477
479
481
489
488
495
491
489
494
484
490
486
487
484
480
492
482
485
482
485
488
484
491
491
493
491
494
496
485
492
486
487
494
489
483
488
486
479
485
481
482
480
484
481
963
485
485
483
479
486
482
479
479
481
476
479
480
474
477
480
479
478
480
483
487
488
490
492
490
492
495
493
491
489
492
490
488
490
492
490
486
489
485
485
487
495
503
510
509
511
514
521
517
516
517
513
511
510
505
507
506
496
492
491
490
497
1036
531
536
530
525
519
510
505
494
494
494
495
499
515
521
525
532
530
538
534
533
538
542
545
544
541
547
547
540
540
535
536
534
538
533
537
540
549
548
553
556
562
566
560
560
557
557
548
546
542
544
547
548
548
550
557
555
556
560
558
551
549
556
557
555
559
560
567
569
568
567
577
575
571
567
571
567
562
559
560
553
552
557
553
555
558
562
559
557
557
560
561
559
559
564
563
563
562
563
559
558
557
561
559
559
561
574
586
588
596
595
587
591
593
594
590
580
574
573
568
563
562
560
561
561
565
569
577
575
577
580
583
584
578
577
580
576
568
566
564
564
562
555
552
550
549
542
542
537
541
531
533
530
529
531
536
539
542
542
549
553
552
552
552
558
566
571
570
571
573
572
572
568
572
566
566
567
567
566
565
565
572
576
584
585
582
584
579
574
574
578
581
577
575
577
574
569
565
567
561
561
561
566
567
573
578
587
593
598
599
603
595
588
587
585
580
574
573
577
581
583
584
595
606
608
604
599
599
587
582
578
571
566
561
562
555
563
568
571
576
586
586
591
595
595
595
587
582
576
575
569
569
567
565
573
582
588
596
598
601
594
593
596
588
586
584
579
576
574
581
580
588
593
604
609
610
616
605
604
604
595
590
586
583
575
574
575
573
572
579
578
584
585
590
589
589
595
587
585
589
584
584
583
582
580
582
588
588
588
595
589
584
587
586
583
580
591
594
598
597
604
601
600
600
598
599
598
602
597
596
596
596
591
591
599
595
598
595
600
592
591
597
592
589
589
585
582
574
577
580
577
580
587
588
585
584
591
584
581
575
580
592
595
600
603
600
590
586
578
575
570
565
562
557
552
552
555
566
576
577
568
571
579
578
576
566
563
563
563
563
562
556
558
561
563
560
565
563
561
563
560
561
564
563
563
571
579
577
575
579
583
583
583
587
589
582
576
569
563
572
588
605
613
610
610
599
591
580
575
569
565
563
558
557
553
550
548
545
544
542
545
554
575
616
628
628
658
654
646
632
631
624
615
604
601
593
585
578
578
573
572
574
569
571
567
569
570
569
569
567
566
580
585
586
584
586
584
583
581
579
576
573
577
578
577
582
577
570
565
561
563
566
588
600
605
601
599
593
593
590
588
585
585
581
582
581
574
570
571
578
589
598
602
596
595
595
590
580
575
571
567
563
563
565
573
581
586
610
657
666
669
653
635
628
619
606
597
594
588
582
578
576
577
577
581
586
597
610
614
618
622
622
615
607
604
595
587
586
580
574
569
566
570
577
584
603
618
616
611
618
619
610
600
594
593
586
577
573
572
574
579
578
580
588
603
609
614
613
615
606
602
597
598
593
588
585
586
587
586
587
598
606
612
620
631
618
620
613
614
609
604
599
599
597
591
592
600
609
618
624
636
643
635
625
622
609
601
595
588
577
572
570
576
585
593
602
608
621
629
623
610
601
599
594
590
582
577
571
568
570
567
567
575
589
608
625
637
648
648
641
630
627
617
612
610
611
606
604
603
611
620
622
621
625
633
631
630
628
635
624
615
613
610
607
604
600
606
609
613
617
633
635
622
608
605
593
588
584
589
589
590
588
582
579
576
575
582
589
589
579
574
1144
589
605
655
675
667
646
634
621
612
605
599
595
590
590
587
588
595
604
606
610
610
613
609
606
609
610
611
611
608
600
591
589
599
621
671
671
665
650
644
634
622
611
608
604
597
592
594
596
602
610
627
642
650
653
660
655
647
628
612
602
597
598
604
613
622
641
655
676
668
655
647
645
637
631
626
623
608
599
588
582
590
617
695
754
732
703
680
656
641
631
621
612
604
604
603
605
605
616
633
654
668
674
673
665
657
644
627
619
619
615
610
609
611
619
624
622
617
625
630
630
623
620
621
618
612
612
615
619
622
627
642
652
654
659
658
650
637
630
624
619
608
602
598
600
604
609
620
633
637
641
640
645
637
628
621
615
608
602
598
601
603
604
604
604
599
599
604
619
665
695
670
658
633
627
618
612
610
607
606
604
605
608
604
599
595
592
592
591
598
604
604
602
602
600
598
594
590
589
587
587
588
601
617
656
679
695
691
674
649
633
623
621
617
619
610
597
587
584
582
602
635
666
679
677
678
668
655
651
643
631
622
621
618
616
617
627
641
660
661
672
675
684
673
666
653
647
639
633
633
635
635
629
625
616
618
637
664
684
687
669
656
648
640
633
625
625
628
632
625
633
644
649
662
679
674
664
655
650
644
630
626
623
624
625
636
648
677
675
684
698
697
677
663
655
645
639
637
641
638
646
657
664
654
648
649
660
656
638
632
631
629
636
643
646
644
652
663
683
693
692
693
681
671
661
653
650
641
643
653
664
653
658
663
667
653
648
647
646
639
640
644
653
657
664
667
681
668
660
647
647
642
629
623
622
609
611
611
630
644
655
682
671
679
666
643
629
623
616
612
598
586
576
570
583