1063
1037
1079
1056
1036
1013
867
943
927
899
1031
962
944
962
911
825
845
900
922
924
869
922
1008
1048
877
904
893
1092
1098
1152
925
1012
870
820
914
930
889
1034
942
994
1100
946
1044
1072
1100
1217
1136
1160
1185
1117
1158
1180
1191
1256
1231
1146
1235
1222
1151
1217
1196
1234
1298
1247
1309
1229
1193
1246
1151
1263
1227
1242
1237
1148
1229
1150
1097
1256
1257
1224
1260
1163
1202
1225
1143
1266
1221
1240
1322
1192
1227
1191
1174
1256
1168
1245
1240
1281
1150
1255
1237
1191
1306
1224
1256
1242
1282
1225
1064
1195
1253
1256
1286
1278
1245
1262
1211
1258
1217
1163
1258
1176
1312
1229
1165
1226
1134
1169
1008
1115
1204
1065
1190
1234
1192
1194
1070
1224
1148
1135
1220
1174
1239
1192
1186
1133
1167
1269
1242
1256
1163
1161
1171
1110
1148
1102
1170
1136
1168
1247
1184
1229
1133
1181
1166
1120
1180
1086
1253
1224
1187
1250
1155
1133
1217
1126
1239
1167
1211
1163
1152
1229
1190
1261
1208
1238
1231
1158
1210
1116
1157
1339
1202
1285
1199
1250
1171
1116
1169
1109
1166
1215
1174
1289
1194
1241
1209
1200
1259
1245
1322
1221
1249
1239
1203
1254
1184
1286
1298
1263
1305
1182
1204
1275
1241
1281
1205
1274
1210
1168
1245
1225
1271
1217
1190
1222
1153
1226
1173
1156
1230
1185
1307
1251
1151
1209
1128
1108
1131
1080
1159
1073
1229
1187
1171
1115
1099
1181
1065
1082
1116
1038
1143
1066
1142
1055
1096
1087
1077
1188
1113
1145
1107
1156
1177
955
1062
912
953
903
822
798
771
765
750
762
750
749
838
930
980
941
932
841
899
971
1000
955
820
855
965
1028
878
913
846
813
794
755
745
786
876
1051
970
855
906
937
929
913
908
861
814
855
869
847
916
814
799
761
804
938
976
1006
979
900
819
772
780
772
850
1062
987
954
909
1001
938
956
955
927
801
784
822
781
796
811
908
927
905
882
844
876
827
824
874
994
944
858
897
970
1033
1044
1005
894
822
802
823
875
884
851
831
866
1151
1125
1079
1018
919
919
997
1005
949
854
856
906
970
898
1007
927
895
1008
1064
1082
1055
1034
1035
1060
1092
1015
995
1070
1089
1099
1089
1007
889
815
808
824
813
972
1059
907
993
1088
1120
1147
1142
1164
1162
1018
1002
1099
1049
1238
1183
1115
1100
1048
934
824
788
816
944
1276
1250
1236
1047
1054
962
996
911
908
961
1016
996
1002
921
957
1005
1151
1140
1171
1015
1167
1163
1167
1149
933
876
822
807
838
1041
1178
1128
1161
1132
1106
1037
1003
1148
1106
990
1055
1074
1071
1021
1067
1135
1209
1194
1208
1196
1024
1104
1116
1146
874
824
1116
1104
1171
1204
1151
1137
1109
1055
988
915
888
979
1114
1101
1126
1026
1032
1032
1003
1022
1081
1128
1998
1164
1056
1079
1011
906
953
1168
892
922
963
905
939
1045
1051
936
947
1091
993
1063
1000
1019
1044
1011
1019
1074
997
1021
1052
1205
1159
1135
1070
958
896
1021
1056
1086
1069
1113
1081
1049
1012
1052
1097
1136
1125
1015
1099
1067
1042
1029
1028
1098
949
989
1122
1040
911
899
952
855
927
1012
958
876
896
821
800
737
729
675
663
665
656
647
650
639
633
623
624
611
618
606
593
581
590
612
732
876
919
947
971
981
955
890
933
940
984
879
759
757
753
811
844
847
872
875
827
831
842
890
981
1010
1111
1117
1134
1131
1073
988
937
970
1001
1072
1110
1128
1072
1045
1062
1054
1054
1040
1050
1095
983
936
1021
832
971
971
886
858
843
855
767
786
895
950
987
1096
1070
991
1010
1054
1058
1047
1053
1086
1056
1005
1137
1109
1014
1045
1042
889
990
1135
1077
962
1034
1033
1043
1062
1062
883
783
804
817
930
1189
1108
966
975
864
790
753
764
789
893
938
1004
1020
944
896
933
873
909
922
1027
976
947
968
872
857
839
813
819
848
851
858
848
890
870
904
933
873
844
827
849
822
823
777
743
741
754
780
788
765
720
699
706
739
797
792
806
786
742
710
708
729
723
718
725
786
916
864
849
863
845
848
779
771
773
753
724
759
753
771
849
766
803
796
720
678
656
647
692
766
756
740
743
764
1361
657
1237
1044
747
396
416
907
558
1089
813
518
276
365
696
524
527
524
525
1117
451
521
524
509
505
519
519
369
656
520
264
763
423
1110
501
379
304
323
508
272
1313
421
502
271
659
299
278
393
344
664
763
332
315
1169
344
351
662
303
289
354
348
744
475
412
543
475
474
471
674
256
392
350
294
356
473
918
460
423
342
1083
461
455
307
1064
461
1106
276
380
334
310
350
302
360
934
367
312
461
452
912
448
353
556
455
453
496
651
442
667
442
743
972
522
775
385
300
648
558
434
288
688
345
364
519
773
546
435
346
530
455
426
443
754
344
301
374
313
572
729
357
970
644
354
304
684
353
316
334
790
437
889
445
373
529
444
368
336
303
350
336
561
450
451
445
450
454
454
362
318
660
447
443
434
340
287
267
1317
406
477
435
403
483
437
760
318
659
446
549
310
340
315
1094
440
877
439
889
444
418
478
437
823
517
892
892
447
762
354
319
363
282
328
296
441
448
448
325
315
274
384
524
451
297
353
309
423
454
932
813
357
304
382
290
637
336
313
274
391
328
298
366
316
1315
1113
456
915
443
454
263
303
354
309
1090
261
334
819
463
361
346
293
692
661
468
473
493
554
453
841
384
644
305
427
273
650
338
313
401
277
703
483
481
480
495
458
473
400
557
480
318
641
495
479
357
608
479
278
665
473
462
418
505
460
367
559
466
347
1040
274
1106
464
933
806
600
468
291
635
476
1386
456
370
564
468
469
942
464
945
464
347
342
725
469
464
931
467
465
456
932
465
325
604
471
470
472
665
273
471
467
465
461
457
460
281
623
458
455
449
453
450
459
459
454
489
312
585
925
458
464
458
788
588
458
461
451
449
452
895
310
1040
452
445
723
625
449
283
623
727
1100
455
920
452
766
323
284
454
454
443
449
451
447
452
449
450
455
457
448
453
449
902
443
453
316
567
441
344
560
443
341
558
446
369
545
909
449
454
346
551
445
349
548
890
447
896
302
599
362
548
835
518
447
342
558
266
628
442
814
355
311
316
457
454
908
448
896
438
439
446
443
440
443
447
444
903
454
915
453
459
452
449
452
445
445
445
446
438
447
441
442
438
437
438
343
532
438
876
435
438
442
439
442
447
440
445
451
443
903
443
449
643
254
445
451
441
446
450
443
910
448
459
457
447
454
456
450
455
449
441
460
444
445
449
450
443
449
446
444
452
447
445
453
451
449
449
444
809
543
447
453
449
455
453
447
454
456
453
455
457
455
461
452
456
460
453
459
452
458
460
454
729
665
475
463
936
458
459
456
909
448
451
454
446
447
450
446
451
454
447
455
455
448
456
451
893
450
900
449
892
256
1074
447
448
456
464
470
478
479
483
503
503
504
519
537
548
534
526
528
537
539
539
553
580
608
594
589
603
610
588
574
588
598
586
615
660
680
643
665
681
632
611
613
646
643
622
659
730
673
657
672
657
637
653
671
651
665
728
737
688
730
770
762
695
678
722
760
699
730
801
714
714
761
703
694
719
689
672
731
805
733
743
785
727
725
748
690
680
681
665
671
734
738
716
779
794
738
746
759
703
695
696
686
642
603
619
738
920
907
848
746
720
669
445
862
730
712
795
813
752
753
747
702
660
658
675
666
657
685
759
730
758
738
688
675
674
664
652
713
786
769
728
708
682
642
643
653
703
696
670
672
671
658
637
647
675
682
671
694
721
681
651
661
666
636
628
639
653
635
648
682
678
713
755
726
715
734
726
690
713
716
687
680
678
660
653
684
718
685
797
779
742
758
1384
664
650
630
641
680
692
716
758
760
727
730
721
673
648
643
646
648
643
645
661
680
739
790
783
718
704
703
684
643
629
659
729
701
714
803
820
751
771
771
716
692
668
675
651
688
760
761
759
804
809
744
757
732
693
693
712
708
710
757
746
712
740
712
705
719
742
729
749
728
673
647
654
667
1316
655
1279
626
622
604
595
272
313
589
411
354
968
566
555
553
552
431
1218
547
543
358
627
626
543
530
301
1830
803
271
542
536
537
526
523
398
1189
529
530
438
1154
524
522
529
524
532
523
535
528
529
528
527
534
521
524
521
513
515
511
517
514
522
515
521
514
517
514
509
511
513
511
511
510
506
507
504
497
498
500
506
507
506
1012
500
498
496
493
484
490
480
479
470
957
481
477
471
483
481
486
485
494
496
499
500
496
504
491
506
497
509
1001
497
506
501
511
500
506
499
501
494
507
500
503
497
436
563
495
488
484
489
481
487
481
491
483
489
487
487
484
482
491
486
494
489
487
492
490
491
485
498
495
499
496
1012
507
303
731
513
522
510
523
508
517
1017
496
507
491
496
485
495
490
496
494
495
499
496
502
493
497
491
498
491
502
492
509
506
511
502
512
510
515
503
510
505
519
503
512
502
506
498
509
503
505
500
504
499
510
502
499
493
493
493
484
487
481
483
483
983
498
498
503
498
506
500
508
503
497
500
492
500
488
501
491
502
493
1010
517
516
526
510
516
502
512
500
504
491
506
490
500
491
994
491
488
495
489
491
496
489
494
485
499
494
497
498
528
484
507
503
512
501
508
499
510
499
501
500
505
501
503
498
499
497
492
498
496
500
492
502
498
504
496
512
505
514
502
516
505
514
508
502
507
510
507
508
510
505
503
497
501
494
494
500
492
498
490
498
491
500
498
501
499
500
501
509
500
507
505
504
497
498
499
505
500
491
499
493
494
495
510
506
505
524
518
517
521
531
522
519
521
530
540
532
536
546
532
529
514
520
534
558
569
571
566
558
542
542
541
569
565
554
549
558
556
550
552
580
607
593
603
637
632
612
619
611
589
572
572
581
563
567
582
588
593
606
635
641
615
592
599
590
571
571
578
576
576
586
617
607
601
630
627
608
623
624
602
604
613
594
604
618
587
589
598
583
579
602
620
617
644
664
637
661
655
627
642
624
604
597
587
604
596
592
615
685
666
657
671
640
616
611
622
599
595
601
625
617
596
602
614
624
598
594
588
608
590
578
576
593
607
596
590
600
619
607
632
657
642
644
648
618
604
615
593
586
606
637
625
664
682
650
654
657
654
610
604
617
602
608
640
651
633
663
651
635
642
638
609
598
598
612
596
594
633
644
626
681
660
636
631
632
608
603
597
603
619
597
591
601
622
639
638
635
663
647
627
620
613
585
576
585
589
577
585
613
616
604
615
634
619
611
613
611
590
574
570
571
587
578
574
584
610
601
618
646
633
605
602
606
604
583
588
590
596
594
583
580
603
608
610
665
703
656
673
684
662
651
652
629
592
590
604
615
621
616
626
662
661
628
635
651
645
629
619
624
648
621
615
625
657
674
657
704
722
734
696
691
657
646
637
615
613
610
635
627
615
619
614
618
600
591
585
593
577
589
593
578
582
598
587
580
589
602
588
588
590
604
603
596
603
605
608
601
594
597
574
559
549
541
555
590
643
644
625
622
670
647
643
620
613
609
594
589
588
578
565
582
582
579
606
595
586
597
595
580
568
568
563
566
570
559
565
552
553
566
566
572
571
563
561
564
555
559
551
549
561
552
562
563
554
575
573
564
571
566
559
569
571
566
562
547
545
544
537
542
534
552
551
543
563
550
552
560
547
552
546
535
546
541
542
527
528
527
525
529
526
543
556
556
567
549
541
558
539
539
544
530
536
524
530
522
527
546
533
552
542
544
558
547
557
545
537
547
539
539
526
540
527
527
529
524
533
525
533
442
596
517
517
506
505
502
512
509
526
518
525
533
528
533
528
528
520
531
523
524
514
526
516
520
514
518
511
517
514
510
515
512
506
503
503
511
503
509
505
519
509
519
517
522
511
526
515
523
513
518
509
511
502
511
508
507
492
501
491
505
506
513
505
517
509
521
511
513
505
519
509
519
506
520
507
515
511
515
520
519
524
519
526
517
520
514
525
513
521
509
517
510
519
507
516
510
518
509
518
504
510
497
510
494
505
503
511
499
508
502
507
495
495
490
500
494
497
496
495
499
493
500
489
498
493
509
504
507
500
510
507
508
503
519
512
513
503
516
510
515
498
501
491
498
500
525
522
539
528
534
522
518
513
511
521
516
522
515
519
511
510
504
511
497
507
502
509
506
519
511
518
517
522
529
524
538
527
525
524
515
516
506
500
494
497
495
484
490
479
488
485
490
486
481
492
482
491
486
493
490
481
486
476
475
472
473
471
464
474
474
471
479
479
482
484
499
498
500
495
504
503
500
508
497
503
486
489
476
478
471
475
475
465
478
474
470
475
467
475
472
473
479
469
478
473
470
475
468
476
474
478
479
475
479
471
479
475
465
475
469
473
472
464
471
464
475
473
479
478
474
479
475
474
478
470
477
471
480
473
469
474
470
473
467
465
471
466
469
469
464
469
465
466
468
459
469
465
468
469
459
470
468
469
471
474
482
470
481
473
485
479
484
479
470
477
469
470
469
466
470
459
464
462
453
456
456
450
460
448
451
454
447
444
450
449
447
448
449
446
448
444
449
452
443
449
450
446
447
450
445
452
450
444
449
445
435
439
438
435
434
439
437
434
442
437
440
441
442
444
448
444
443
450
445
455
454
454
457
458
458
456
448
451
454
447
445
444
438
443
441
436
442
439
438
435
438
435
437
436
437
433
443
447
445
452
453
454
452
445
450
446
438
444
444
435
438
440
434
435
434
431
428
428
428
420
425
431
431
430
433
438
437
441
438
436
441
440
437
440
445
434
438
440
437
438
444
436
443
445
443
447
444
444
454
445
455
448
457
456
445
456
453
446
452
447
442
440
439
434
436
438
429
434
436
434
438
442
436
441
446
438
444
442
438
444
441
433
440
441
430
436
436
429
433
433
428
428
435
428
428
429
425
424
431
433
430
438
439
433
438
441
435
438
439
435
429
432
429
428
424
425
419
430
426
421
427
422
423
420
423
422
838
420
416
414
419
418
412
410
416
412
407
412
410
410
410
412
415
416
412
417
414
416
411
415
413
414
414
414
417
410
411
410
419
408
415
411
411
413
409
408
407
405
411
407
406
413
413
416
411
421
834
415
421
413
412
411
414
408
409
414
411
406
402
404
406
403
398
396
403
399
391
398
398
399
396
393
397
397
397
397
397
401
402
397
397
399
403
399
400
405
400
405
401
401
405
404
397
399
404
402
396
393
398
400
395
390
393
393
397
387
386
394
392
392
385
385
396
393
393
386
386
396
394
389
386
381
391
391
387
387
388
391
388
389
386
389
392
395
772
389
391
390
385
387
387
384
390
383
385
383
386
389
384
384
386
391
394
385
386
390
394
390
383
388
391
390
386
385
387
385
387
389
382
379
387
390
379
383
381
382
385
386
383
380
383
386
384
376
377
381
384
380
379
377
381
380
381
379
376
382
378
382
384
375
375
381
381
382
376
373
381
379
380
376
375
382
382
386
378
385
387
391
388
384
394
396
395
389
396
391
394
387
386
388
390
385
385
385
389
389
385
388
388
392
393
389
388
393
394
389
390
388
388
390
389
384
386
388
386
383
381
388
390
385
380
383
387
386
382
382
377
381
384
383
368
376
380
377
376
374
371
372
372
379
377
369
370
373
377
376
373
371
372
378
375
376
372
375
380
376
378
374
368
373
377
380
748
373
374
376
376
368
370
375
376
375
372
738
376
372
371
363
369
371
368
369
369
368
364
368
366
365
373
366
366
363
370
370
367
370
362
365
363
370
369
370
361
363
363
363
364
367
360
362
360
363
365
362
363
363
360
360
360
366
369
362
363
362
369
364
366
367
363
368
370
370
364
362
368
368
368
369
365
361
362
366
362
366
361
359
359
354
365
360
362
354
357
358
358
365
363
363
355
358
355
365
363
360
361
355
358
357
360
364
360
358
354
358
362
360
361
358
355
354
358
357
357
362
358
355
353
353
359
355
356
355
358
351
357
354
357
359
357
354
352
354
355
354
354
359
354
353
351
348
354
354
354
355
353
353
348
349
352
352
357
354
354
346
353
353
354
358
357
357
354
354
354
354
359
359
354
349
351
354
352
354
359
354
350
350
354
352
351
357
351
349
354
350
347
351
352
354
354
346
345
350
349
348
353
353
351
345
348
346
344
345
350
347
347
348
342
345
684
344
345
346
344
349
349
343
337
342
341
343
344
342
346
348
340
341
342
348
342
347
351
351
341
348
344
348
345
349
350
348
345
346
344
340
341
344
347
346
347
346
345
345
341
341
345
345
344
344
346
345
340
339
339
339
339
344
341
341
345
342
341
339
339
339
340
337
341
343
342
339
674
336
338
339
337
338
339
344
342
345
337
333
336
338
335
340
342
340
338
340
338
340
334
336
336
340
340
340
340
344
342
672
338
337
340
340
340
342
341
340
340
335
340
336
333
340
340
340
339
343
343
338
337
337
336
335
338
338
340
341
341
340
336
674
338
339
339
339
337
340
345
344
343
337
337
338
337
339
342
340
343
341
337
340
334
336
336
335
336
339
336
338
336
340
330
331
329
333
330
331
332
333
331
331
336
335
333
329
330
328
328
327
330
331
329
331
332
335
331
336
331
329
327
331
333
330
335
334
337
667
338
330
328
330
335
333
331
336
335
332
332
331
332
333
326
329
326
330
329
328
332
330
329
333
330
331
328
330
328
330
326
327
326
328
328
330
328
328
333
331
329
329
329
326
323
326
327
322
324
324
326
326
326
327
330
326
324
324
329
321
321
321
326
324
322
323
328
325
326
327
330
329
328
326
322
329
325
326
327
322
325
324
326
325
331
328
329
331
325
326
325
646
324
323
322
324
323
322
325
323
325
324
325
324
323
323
323
320
322
325
318
323
320
325
323
324
327
325
325
325
326
325
325
318
647
319
322
321
323
321
322
324
323
324
325
325
326
319
327
320
639
319
323
318
318
321
316
320
321
320
321
322
321
322
320
321
321
319
316
313
321
319
316
317
321
317
321
321
321
321
325
322
321
318
323
318
320
317
318
321
317
319
322
319
321
322
320
321
323
320
322
322
318
317
318
320
316
640
319
320
318
325
320
322
324
321
317
637
322
319
314
317
318
317
315
316
318
316
315
319
317
318
318
319
320
319
318
319
316
314
314
323
313
313
314
320
314
313
313
313
313
316
316
313
319
314
318
315
317
322
316
317
320
318
317
316
316
318
320
627
317
317
315
314
314
317
316
313
316
319
316
316
316
318
315
318
319
316
315
629
315
315
312
310
314
318
309
316
315
311
313
312
313
314
312
319
314
314
317
316
314
313
316
319
313
313
318
630
313
313
314
315
310
315
315
313
313
314
315
313
313
316
314
317
313
316
316
316
314
319
313
314
315
314
312
315
312
311
319
311
310
317
309
312
314
314
311
313
310
314
310
313
312
313
313
313
313
314
312
313
320
313
312
317
312
320
315
313
316
315
311
317
309
312
315
309
316
312
316
309
622
624
624
313
310
312
312
312
313
309
314
310
310
466
468
313
313
316
310
312
314
314
312
312
311
312
308
308
313
313
312
307
309
310
311
616
311
311
614
618
308
310
308
307
309
312
308
309
311
310
310
310
311
313
310
309
313
312
310
309
315
313
310
310
309
313
310
307
311
311
311
309
310
313
305
311
307
312
310
309
305
312
309
307
308
310
304
311
615
309
309
311
309
309
311
313
306
310
312
308
310
311
313
311
309
307
313
309
308
306
313
310
306
307
313
311
302
310
308
310
307
614
312
306
311
306
306
309
305
309
312
304
308
306
308
306
306
307
306
303
613
307
305
305
309
306
305
312
307
308
307
308
309
307
312
307
309
310
312
302
306
312
306
304
311
304
308
304
306
305
305
307
308
307
304
305
306
305
309
305
299
310
309
304
305
308
608
305
287
322
305
308
302
305
607
311
611
301
308
607
301
310
303
305
613
607
308
298
311
303
305
298
308
306
305
301
308
604
307
304
302
307
302
307
301
307
298
308
304
303
305
308
301
308
299
308
302
303
302
307
300
306
302
306
302
303
297
308
304
604
306
300
307
302
604
609
299
301
303
305
302
302
306
301
303
304
305
301
307
306
304
306
305
309
307
305
309
310
308
308
309
313
312
308
314
315
313
311
317
317
314
320
316
320
317
313
319
322
318
313
324
322
320
316
322
325
322
321
318
325
325
323
320
327
327
326
326
325
325
331
326
326
327
331
328
326
334
329
330
329
332
334
330
328
336
331
332
328
337
335
336
336
341
345
341
342
346
341
340
340
347
345
343
354
347
351
354
351
352
353
355
354
357
356
354
355
356
357
359
354
368
366
359
371
373
372
378
371
369
369
370
366
367
371
372
374
377
378
386
388
387
388
396
389
390
389
394
388
387
395
395
395
395
403
400
401
407
405
403
410
407
404
406
409
407
407
412
411
408
416
420
423
425
420
420
414
420
419
417
415
421
418
419
429
424
429
435
432
430
438
429
427
435
434
433
428
426
430
428
432
429
427
436
437
436
438
444
441
442
445
448
446
449
450
450
453
450
455
456
458
460
464
463
462
464
463
466
468
468
465
460
453
455
460
466
463
471
479
477
480
481
484
486
486
481
479
482
478
469
465
464
467
466
468
467
469
474
466
471
471
471
470
466
471
471
470
473
480
480
483
488
484
489
490
489
501
490
501
496
503
506
503
500
503
502
503
486
491
486
489
473
482
471
479
482
476
483
485
489
479
483
488
482
485
490
483
490
488
492
498
505
507
520
515
524
522
528
530
526
529
518
528
518
522
521
527
531
525
534
524
532
533
529
531
548
561
562
556
573
563
567
566
552
555
554
559
560
561
558
564
552
563
555
560
561
552
562
558
555
554
544
549
550
545
555
559
560
569
568
564
564
559
545
540
522
531
526
529
531
546
546
546
549
549
550
544
545
535
543
544
548
554
563
554
574
572
571
577
577
574
572
579
577
568
574
572
575
565
573
562
573
571
565
575
568
572
573
565
575
569
576
576
575
569
567
556
562
551
552
543
554
546
559
547
561
564
562
577
580
579
579
585
582
566
576
565
563
563
556
559
554
556
549
563
561
571
579
576
590
582
592
593
584
592
581
586
579
589
590
583
597
597
594
599
589
590
584
576
574
572
571
581
580
580
580
585
576
581
581
578
582
579
579
576
573
573
574
570
570
568
557
562
564
555
554
563
558
557
561
552
562
562
551
561
560
559
554
548
551
550
544
549
554
544
561
556
564
564
568
560
571
560
569
566
567
567
561
563
552
556
543
556
555
565
571
587
582
595
593
585
590
583
585
571
577
570
577
571
572
572
565
575
570
560
566
560
567
563
571
569
570
568
563
568
565
572
569
568
569
556
570
568
569
579
585
594
591
586
579
575
573
561
568
562
560
553
560
557
562
565
567
574
575
573
565
568
564
553
565
559
571
571
572
566
575
575
581
591
583
592
588
577
584
576
581
582
577
585
573
567
568
565
573
575
578
579
578
570
579
582
584
608
597
605
601
590
596
579
570
565
554
557
563
555
567
573
577
588
584
585
588
587
584
585
571
576
571
560
569
563
572
567
574
572
570
567
575
570
573
572
563
573
571
572
578
580
583
585
588
590
583
585
585
572
580
574
568
576
580
577
578
570
573
571
560
572
571
575
577
574
579
570
582
579
572
579
570
575
572
569
576
580
579
580
574
580
577
563
573
573
573
578
574
585
570
587
583
585
585
579
585
579
577
585
580
583
579
575
578
577
579
575
565
569
571
563
572
575
565
571
565
561
551
556
557
561
557
559
560
558
552
557
562
559
571
571
576
573
572
567
556
563
560
559
563
560
561
563
555
564
562
563
562
563
563
563
553
559
555
550
546
550
549
550
559
555
566
562
573
574
571
578
575
580
568
573
568
560
553
549
541
544
540
538
543
542
559
562
575
592
599
612
606
609
604
593
596
577
579
569
563
563
565
564
575
577
582
589
592
600
598
600
600
588
586
568
574
568
563
565
564
564
569
578
583
583
590
594
587
577
564
577
575
584
588
594
598
599
600
591
589
581
570
569
568
574
570
578
578
583
584
592
590
588
574
579
571
563
552
551
545
544
546
547
555
556
570
584
598
601
608
608
600
604
585
589
583
575
572
569
569
578
578
576
581
592
599
604
600
608
604
602
600
589
595
588
594
582
579
577
577
578
581
587
595
601
610
609
616
615
603
607
601
601
587
590
586
573
580
579
572
577
584
591
583
579
579
580
575
567
574
566
562
560
556
549
548
550
555
552
563
568
563
572
573
569
575
580
577
579
575
573
572
561
570
570
567
565
571
567
559
565
568
563
573
573
570
577
579
574
581
573
565
563
557
556
556
550
552
557
552
556
563
564
572
576
582
585
590
586
584
572
556
555
548
541
543
544
545
550
564
577
594
599
611
609
604
601
581
589
579
568
566
557
557
556
550
554
562
560
561
564
558
566
563
564
564
565
565
563
562
561
555
558
555
552
558
549
560
559
554
561
561
556
562
562
551
559
557
550
551
549
543
546
545
539
548
550
542
550
561
563
564
565
566
563
565
568
562
564
564
560
560
553
555
556
551
556
563
560
567
570
563
567
565
558
555
557
553
541
542
539
535
535
535
536
533
540
550
550
563
576
577
586
583
577
576
569
556
559
553
541
535
528
525
524
522
521
528
531
540
558
585
601
610
613
611
611
604
598
597
589
582
569
564
563
562
563
563
559
563
565
565
567
578
578
578
579
576
565
571
570
562
563
560
552
548
548
551
554
552
564
575
575
578
582
581
586
592
594
580
582
573
570
561
554
555
554
550
554
555
554
567
577
589
583
596
605
602
603
605
593
585
573
569
563
550
553
550
542
545
546
544
555
561
580
601
634
650
653
648
641
630
632
617
614
611
603
597
593
584
586
586
588
587
574
573
621
629
635
662
676
700
688
693
666
668
659
663
656
661
662
644
637
628
629
637
653
685
686
689
674
672
680
686
661
666
657
636
640
626
620
625
617
625
651
713
774
730
747
756
757
710
719
709
706
674
681
687
718
701
743
776
761
761
760
761
713
718
711
701
695
708
727
732
721
729
737
705
701
698
692
672
657
665
662
654
651
646
624
626
625
629
638
644
639
640
642
660
699
723
778
842
832
812
793
759
721
704
692
686
687
684
692
730
758
772
771
751
755
746
752
726
720
713
714
723
730
725
745
763
774
767
755
749
744
714
717
711
723
721
729
732
740
716
719
706
679
680
671
655
661
664
672
657
667
674
682
689
690
701
678
687
697
711
719
716
719
688
684
670
666
655
658
666
654
667
677
705
679
684
672
664
654
653
655
662
677
663
666
660
652
647
637
635
634
631
635
640
649
662
674
687
696
683
677
661
668
665
666
661
650
632
625
618
614
617
627
662
686
714
718
727
731
739
729
708
692
672
658
647
646
648
644
656
671
696
728
749
785
802
746
734
723
712
687
686
678
695
704
733
794
818
816
792
776
756
728
709
682
674
676
668
684
729
804
1016
850
819
797
712
683
655
636
630
624
622
622
626
636
649
663
667
668
675
676
669
673
662
656
648
647
665
707
786
835
854
850
794
758
727
714
705
674
675
682
704
694
727
745
773
760
760
730
726
717
703
692
687
685
687
723
836
1013
929
928
885
868
838
807
778
698
702
696
707
703
751
829
890
806
838
857
851
778
766
739
729
704
712
718
732
768
768
788
798
798
812
812
792
749
728
720
729
735
749
771
802
826
767
775
750
744
710
722
729
748
750
729
754
745
704
712
694
731
755
733
759
756
722
695
688
675
665
657
672
673
684
704
760
845
853
814
814
797
783
743
760
772
812
798
833
887
885
829
797
784
770
738
731
749
767
746
775
811
836
791
791
780
747
739
732
738
730
728
762
854
871
877
855
811
757
753
743
738
703
722
740
791
791
890
915
819
841
805
752
751
721
707
690
705
741
778
827
881
846
791
778
746
709
710
696
693
673
698
729
817
824
874
888
876
814
801
786
761
732
749
751
777
754
761
776
786
746
760
764
772
732
742
744
759
755
731
754
775
787
741
730
727
737
749
755
738
712
705
695
690
690
689
690
686
703
712
723
753
779
754
753
735
707
698
678
666
663
696
716
737
791
843
795
799
800
797
753
728
707
706
742
760
918
887
901
914
919
888
846
814
788
753
740
733
766
826
929
959
930
929
899
874
844
849
841
848
833
853
862
841
876
914
867
844
826
811
735
752
805
1026
838
920
929
875
865
839
784
752
723
752
799
779
842
905
935
888
883
845
804
777
742
720
726
745
797
809
980
966
932
889
874
812
754
756
749
816
875
945
936
897
894
853
804
786
753
710
717
742
801
827
823
932
900
837
835
791
737
738
729
722
701
725
745
728
730
720
761
738
754
778
779
735
741
744
749
715
732
767
833
793
857
899
849
790
779
769
761
732
702
707
717
765
886
843
897
935
890
878
880
846
810
797
769
743
755
781
762
814
903
961
903
846
835
835
822
766
785
802
861
812
884
952
930
878
858
848
851
812
806
800
835
809
826
859
897
862
876
897
854
824
809
822
847
860
924
947
905
909
913
875
857
840
850
829
840
845
862
838
868
887
941
900
940
940
898
874
868
833
785
771
752
798
895
977
992
953
978
981
903
889
861
828
807
827
872
878
871
896
874
852
870
835
863
824
828
816
786
769
735
751
752
799
877
850
837
846
845
779
787
788
804
789
842
891
917
870
894
849
777
691