714
716
728
748
719
766
780
816
822
830
776
846
892
824
853
866
863
973
923
864
838
892
830
891
927
979
998
901
831
939
1204
993
1086
1050
1082
1045
1040
1026
1058
1063
977
1052
1082
1026
1004
944
903
912
903
1078
1072
1104
1080
967
985
967
959
837
924
974
986
965
1009
1016
907
918
959
938
974
984
985
936
924
871
816
1255
1096
1028
983
1014
989
1091
1217
1083
1025
1021
1035
1107
1126
1135
984
1038
1122
1077
1069
1061
1005
1113
955
1065
1195
1165
1174
1125
1098
1042
1035
1029
1065
1139
1159
1047
1133
1088
1084
1075
1077
1052
966
1059
1121
1110
1017
1067
1078
1069
1022
1022
1202
1076
1192
1072
1043
988
1069
1050
913
1017
1082
954
1018
990
896
966
978
947
934
906
959
1022
925
960
964
971
917
898
1011
1018
1152
1079
1102
1039
1117
1038
1113
1101
1048
1028
1030
1348
1245
1161
1052
1103
1166
1147
1044
1113
1139
1002
1092
1162
1008
1055
1180
1239
1107
1086
1142
1172
1202
1135
1047
1021
1168
1111
1172
1240
1087
1126
1195
1226
1159
976
1129
1173
1128
1136
1157
1248
1119
1114
1191
1137
1009
1092
1210
1147
1117
1217
1139
1126
1087
1120
1166
1159
1028
1047
1098
1176
1198
1100
1144
1125
1104
944
1027
1335
1163
1124
1015
1109
1215
1180
1141
1018
1083
1168
1209
1143
1091
1097
1068
1141
1032
1074
1052
972
947
1039
973
1021
1228
1235
1068
1122
1094
1074
1128
1125
1029
1171
1166
1091
1061
1081
1089
943
1040
1099
1160
1049
1104
1025
1054
960
1123
1134
1129
1121
1145
1155
1068
1075
1094
994
1075
978
1101
1225
1133
1145
1096
1054
1023
890
952
1035
1127
1108
1030
1102
976
1064
1010
1085
1092
1052
1113
1113
1063
1009
1078
1151
1026
1147
1101
1135
1095
1055
1104
1082
1101
1090
1148
1164
1089
1089
1153
1063
1069
1102
1052
1174
1128
957
1057
971
972
918
839
859
1153
1161
1032
1000
971
905
902
871
956
872
953
986
1020
949
959
894
931
971
957
988
1005
946
921
964
1042
1015
1030
1003
937
909
964
910
882
937
867
982
1034
1154
1206
1067
1057
1203
1146
983
1132
1215
1148
1137
1242
1173
1124
1220
1189
1104
1087
1094
1084
965
1098
1182
1070
1179
1058
1168
1110
1184
1180
1087
1043
886
853
888
1173
1170
1138
979
961
1095
1067
1193
1176
1141
1136
956
965
956
939
855
924
937
918
993
1066
1063
1018
1049
1185
1210
1149
1126
1040
1099
1120
1126
1125
1136
1165
1053
1118
1141
1174
1131
1162
1026
1106
1138
1127
989
1047
1127
1163
1063
1136
1144
1164
1067
1155
1227
1168
1086
1115
1092
1011
1156
1157
1137
1087
1070
957
958
1084
1063
978
996
1076
1104
1091
1093
1054
1053
1022
1040
1020
1033
1078
1033
1018
1198
1120
1234
1168
1077
992
895
1004
1048
1146
1148
1157
1047
1032
977
1011
938
1098
1059
1012
992
894
965
857
972
885
864
1035
957
987
953
1015
949
881
897
895
920
908
907
895
827
864
890
981
854
979
1022
1051
1063
1044
1033
934
1033
1063
1134
1113
1041
1109
1089
1098
1071
1075
1172
1075
1176
1071
981
878
1173
1252
1155
976
871
905
1242
979
951
909
891
816
781
725
688
678
647
631
634
622
616
634
647
660
682
718
729
810
797
803
808
789
816
833
829
774
758
739
785
831
834
808
832
795
788
826
833
818
825
811
809
785
786
750
746
711
691
678
664
641
643
687
878
817
936
965
932
848
981
1062
920
923
955
1141
1024
986
895
999
1130
962
1264
1122
1148
1026
903
904
883
922
1030
964
1185
1264
938
1101
1089
1048
1222
1076
1056
1024
889
932
927
893
849
923
891
823
938
963
1039
1005
978
909
983
1001
1103
1354
1167
1156
1180
1199
1199
1362
1254
1217
1308
1202
1291
1290
1295
1187
1366
1259
1137
1034
1171
1387
1172
1188
1074
1185
1112
1151
1031
1152
1084
1098
1102
1192
1080
1249
1200
1103
1008
1301
1270
1223
1076
1166
1206
1065
1224
1181
1200
1235
1248
1068
1081
1170
1112
962
1199
1261
1091
911
864
1064
1266
1127
1076
1002
937
1027
1037
1001
1043
965
847
887
833
1058
958
1041
1143
1122
1030
1028
910
938
1089
1130
1043
1087
1157
1040
1093
1150
1039
1096
963
1000
974
1077
1066
1091
1130
1141
1081
1109
1051
1055
1159
1027
1081
897
959
971
952
1165
1025
1095
994
1054
996
1039
1124
1081
1090
981
1024
959
979
1222
954
990
954
1106
937
970
943
840
788
763
746
782
840
1008
937
856
897
945
839
906
935
876
1006
970
859
874
875
837
794
801
866
1154
879
938
1014
904
866
857
785
793
768
748
731
723
690
704
702
680
688
692
686
697
690
674
686
665
668
655
630
643
629
626
641
646
640
646
645
628
615
606
611
625
626
645
635
643
631
622
619
607
612
617
608
621
611
612
612
597
602
599
591
586
583
592
598
602
590
603
601
586
583
580
576
566
565
556
557
569
570
579
599
598
602
615
617
610
623
615
602
603
598
584
590
584
565
582
570
571
565
571
571
576
594
609
626
615
620
602
590
579
564
549
553
538
526
533
524
518
521
512
509
508
504
493
500
500
496
501
499
501
507
521
520
515
516
511
519
523
516
512
517
511
518
528
523
518
520
538
525
519
538
522
512
529
523
511
519
517
508
500
508
505
498
504
495
500
502
508
503
498
499
498
495
495
493
498
497
491
493
500
492
483
490
495
488
477
483
484
476
476
467
475
485
468
464
465
484
477
461
471
469
485
472
476
479
479
477
483
479
480
472
480
479
477
478
471
479
476
474
476
472
480
471
470
467
473
489
483
478
484
493
497
487
490
489
495
486
485
482
479
476
480
479
479
485
480
487
498
492
497
499
494
492
490
486
482
483
496
484
483
489
492
495
498
500
497
505
501
507
509
505
499
488
501
495
489
491
509
508
507
510
520
503
509
517
503
501
505
503
503
504
508
510
513
511
514
500
507
509
519
516
520
521
513
518
507
496
491
496
489
490
503
510
508
505
526
519
500
511
500
489
481
490
481
474
472
482
481
479
487
495
504
497
508
510
504
505
501
505
496
492
502
504
495
504
506
496
498
498
492
491
491
489
493
485
484
489
489
488
483
483
497
506
520
516
521
521
523
515
503
498
499
500
504
509
514
509
505
514
507
500
500
494
486
484
485
484
480
479
484
494
500
512
508
527
529
533
515
515
513
509
506
508
508
501
501
509
499
495
503
493
485
488
487
482
490
490
505
506
505
516
515
509
507
510
502
504
506
504
510
507
511
509
503
507
501
494
493
497
490
487
505
506
507
522
524
527
545
549
537
538
525
521
511
503
507
508
507
501
497
510
510
517
515
513
509
508
513
506
506
511
499
505
508
507
504
508
511
504
507
513
505
498
501
485
485
499
494
491
506
504
505
513
511
511
510
507
506
508
501
512
509
496
496
500
493
495
509
506
432
581
518
510
511
512
507
507
507
501
502
504
507
506
508
513
513
519
521
520
514
519
520
514
511
519
513
504
508
507
506
502
496
485
493
489
495
496
498
507
512
509
505
501
486
495
492
482
481
497
478
478
480
491
485
485
500
479
485
503
494
506
514
524
510
520
525
513
509
509
497
498
493
492
492
487
511
485
502
479
492
493
491
493
493
493
494
517
509
504
511
505
501
506
494
483
479
493
489
486
499
510
493
516
517
509
508
509
497
496
501
478
487
496
475
492
495
502
482
506
513
505
503
496
490
480
483
489
492
479
495
512
506
501
528
511
499
509
498
487
490
487
484
484
484
502
488
509
507
502
492
490
489
508
489
494
491
506
498
502
481
504
502
478
481
499
475
484
490
502
493
504
516
519
515
512
511
501
495
501
489
496
504
496
501
499
502
504
502
504
502
506
505
511
520
521
540
548
554
554
565
569
561
568
580
576
579
585
598
595
584
586
608
633
619
611
611
607
597
586
583
581
590
611
623
627
651
638
632
635
626
624
629
631
642
666
659
671
688
658
675
688
668
682
684
672
646
645
640
655
698
675
688
713
656
635
658
727
771
708
750
774
758
735
715
687
657
655
656
690
738
696
732
730
704
703
678
681
698
689
744
810
755
804
753
729
705
682
661
687
695
735
761
718
739
744
718
762
731
743
766
743
792
743
771
796
738
706
672
660
679
760
847
805
849
756
785
750
753
750
739
786
796
761
819
747
782
773
768
816
748
808
782
763
809
759
809
789
748
798
760
778
817
773
798
787
745
706
697
703
745
771
771
850
780
849
805
771
779
771
751
770
743
786
778
759
792
754
797
760
752
759
714
740
724
738
762
729
749
746
726
688
680
687
721
723
752
813
733
744
727
693
692
684
665
693
722
709
735
748
734
704
722
700
739
755
721
746
723
715
711
688
682
672
654
689
702
718
696
672
683
688
718
743
705
729
729
695
695
688
692
688
679
676
709
737
729
751
766
729
771
746
719
714
690
678
686
682
695
694
680
689
660
656
653
631
632
618
603
591
577
582
585
587
594
594
604
600
596
586
568
563
545
558
557
561
577
583
577
617
606
607
608
590
593
590
576
584
570
564
568
556
557
561
555
560
553
556
561
557
560
548
545
536
535
537
529
535
536
543
530
549
543
538
545
550
547
545
548
557
551
543
544
537
540
537
532
541
535
528
542
532
518
535
528
525
527
521
521
536
534
534
548
549
545
561
557
553
560
553
555
554
559
557
558
550
536
541
549
544
552
560
556
563
570
556
563
558
543
549
542
528
543
536
543
539
535
525
532
538
539
544
554
555
568
567
556
561
559
548
543
540
542
536
532
529
520
538
534
525
552
550
541
559
555
539
551
546
533
531
521
518
534
527
535
541
543
553
564
555
544
532
532
548
546
544
552
553
544
543
545
532
533
532
530
523
531
533
534
542
547
551
554
563
558
563
564
548
559
548
535
546
542
539
546
557
553
548
562
551
546
559
550
545
537
542
550
549
539
547
542
539
532
516
536
532
531
530
541
536
530
535
532
528
535
529
524
535
530
523
535
528
517
532
525
514
534
526
520
530
521
526
519
509
514
498
500
521
518
521
519
537
536
528
524
522
523
531
527
518
536
529
514
537
533
535
538
528
522
515
528
529
530
544
551
548
551
555
543
532
521
530
531
540
547
538
544
547
546
549
538
530
519
513
521
522
513
533
535
526
537
534
519
527
510
523
514
505
528
522
516
537
531
536
544
546
541
559
554
569
562
563
580
587
606
605
599
619
615
602
608
620
606
624
627
608
607
609
588
600
608
599
609
622
611
613
614
609
595
583
573
581
601
604
634
650
626
648
644
616
635
621
617
626
615
640
644
627
648
637
621
605
610
612
612
595
574
594
583
588
602
639
657
638
656
631
609
623
617
606
593
583
571
564
604
621
624
670
694
651
655
655
631
642
637
633
645
636
673
695
678
704
686
719
719
718
727
688
688
671
663
681
686
708
724
698
710
710
711
671
663
662
680
673
678
684
655
666
662
650
686
693
710
709
687
722
699
702
705
689
670
635
653
654
660
690
666
677
672
650
659
652
643
660
658
663
698
699
708
722
690
714
689
688
680
659
670
672
672
638
636
646
632
662
682
659
680
674
664
664
644
653
653
640
659
649
638
672
646
656
652
641
638
637
651
633
609
603
591
608
619
609
638
633
625
636
624
618
640
641
636
663
651
652
660
646
647
641
649
642
617
623
613
647
659
650
699
687
666
688
668
660
678
653
661
676
670
646
646
636
661
684
661
682
686
656
678
660
653
662
690
693
675
645
645
662
677
702
679
688
654
638
618
598
595
614
647
662
640
646
639
635
623
626
633
657
640
640
668
645
686
689
669
679
667
633
639
627
606
642
632
664
681
665
693
701
700
670
657
638
620
639
627
622
639
622
643
659
636
675
653
633
653
633
638
651
632
637
642
645
623
614
606
592
605
603
591
613
608
602
633
646
637
676
683
667
670
661
660
637
630
623
632
656
648
653
664
646
656
647
626
653
635
641
669
656
682
698
675
690
677
676
685
660
686
683
676
698
678
697
677
666
657
657
652
631
616
609
633
635
632
675
649
646
653
621
620
618
593
612
615
600
620
621
607
637
637
629
625
632
616
592
573
555
572
566
566
588
583
581
612
589
587
601
595
582
596
584
585
586
605
612
596
591
581
583
593
580
583
595
575
580
581
569
561
565
570
572
562
574
573
583
569
577
570
563
558
574
572
559
556
566
579
573
584
589
574
597
587
568
575
569
570
568
561
550
546
534
555
556
550
541
532
539
546
559
567
564
576
581
576
573
570
563
544
555
555
548
561
564
555
571
566
555
568
559
555
559
551
553
556
558
559
566
567
561
568
560
568
561
561
563
561
552
551
541
530
526
531
536
537
544
543
548
555
546
541
543
530
532
532
531
535
538
532
538
534
535
548
545
536
545
546
538
530
529
531
521
512
506
507
505
499
503
500
507
501
507
511
507
516
503
501
509
496
499
505
490
505
499
488
508
502
496
522
526
532
546
561
563
551
552
544
534
550
521
537
534
537
545
525
534
538
538
528
523
522
503
529
521
522
522
522
518
498
512
513
497
499
509
502
502
494
507
497
491
510
504
497
520
511
509
528
524
528
529
532
532
522
508
519
503
517
517
511
530
529
524
528
523
526
536
531
535
540
533
539
535
536
543
544
544
528
527
521
526
529
529
534
530
528
529
525
530
521
524
526
517
525
531
519
526
523
528
524
510
519
490
499
509
488
513
508
498
495
506
512
515
523
542
539
544
548
558
538
533
521
513
504
511
523
522
508
511
503
525
511
511
535
521
516
527
512
499
510
496
483
494
487
481
488
485
477
499
491
481
510
504
491
505
507
517
514
504
498
507
485
493
500
479
491
498
479
487
497
484
476
494
481
483
485
484
476
475
491
474
493
492
482
499
499
490
495
493
482
497
490
479
491
488
475
492
484
482
496
477
494
499
490
495
500
495
492
487
484
493
478
486
478
488
483
479
488
482
477
481
489
466
476
487
475
465
488
479
475
484
474
479
485
482
473
498
486
514
517
516
520
513
516
509
502
493
482
479
479
473
467
468
469
479
470
472
457
478
470
468
464
462
447
455
466
460
448
462
458
455
449
456
462
457
453
442
456
452
440
447
450
447
440
452
445
450
440
456
448
440
452
446
444
444
453
453
443
451
447
447
450
442
443
449
445
439
441
452
454
448
450
457
444
458
455
451
452
454
451
451
452
463
459
462
462
465
468
466
464
460
459
462
460
456
453
454
463
457
454
447
450
461
446
453
458
450
453
465
462
461
462
460
459
459
456
452
446
454
450
441
442
451
437
458
458
464
471
469
468
472
464
465
466
465
459
453
449
453
441
446
438
442
450
451
459
455
457
455
455
453
454
454
453
450
451
458
457
455
450
450
449
453
445
444
451
447
433
440
442
444
431
434
440
438
427
433
437
437
429
429
435
425
427
385
471
428
434
433
425
431
429
430
433
864
433
427
433
430
429
437
438
434
434
433
431
427
434
430
424
431
431
423
427
431
424
429
432
428
432
430
430
428
429
430
429
432
430
430
425
428
427
425
433
434
433
431
429
431
432
427
435
434
431
427
430
430
427
429
435
434
433
429
432
435
431
429
433
433
428
429
426
421
426
429
423
422
422
418
421
416
424
424
418
418
419
416
422
425
423
426
427
428
427
426
426
420
424
423
424
417
418
416
415
413
417
409
414
414
417
410
412
410
411
407
411
411
411
410
411
411
412
411
413
414
415
412
410
413
412
405
409
405
404
407
410
404
404
406
406
403
408
406
412
407
407
405
407
404
404
401
407
403
406
403
406
404
409
409
410
409
410
412
410
405
408
407
407
407
404
404
404
403
404
407
406
402
406
402
401
402
401
399
405
402
402
402
406
403
405
406
405
402
401
399
400
396
399
399
403
401
403
402
405
402
402
409
409
406
407
406
405
407
407
403
405
405
403
405
405
403
403
403
407
406
405
408
406
405
410
406
405
400
398
398
397
394
397
396
396
393
395
394
396
395
396
393
393
391
393
391
392
394
393
394
395
394
394
392
394
395
394
390
395
395
393
388
393
389
390
389
388
389
388
387
391
389
390
387
391
388
388
388
393
387
394
389
393
388
391
391
390
389
389
384
388
385
386
389
388
387
387
388
388
385
373
400
386
390
390
386
396
389
389
391
388
384
387
383
386
388
384
382
388
385
386
383
386
384
384
387
387
382
388
385
385
381
384
381
383
379
382
378
381
379
379
379
380
377
376
378
379
376
377
378
378
375
378
378
377
377
378
376
377
378
377
375
378
376
375
375
373
378
376
368
376
373
374
373
372
372
373
372
374
372
372
371
369
371
370
370
369
345
392
368
370
371
370
369
369
369
369
370
367
368
369
370
367
367
374
366
368
364
370
362
364
368
363
367
366
366
367
364
368
366
366
368
367
368
371
369
372
371
377
380
382
384
387
392
398
400
398
410
411
403
415
415
416
410
415
414
403
415
409
412
410
417
419
419
430
430
431
431
438
438
433
440
442
442
440
448
447
448
453
455
455
461
457
454
466
465
464
479
476
480
485
478
478
484
478
476
484
481
479
487
484
483
490
487
484
490
492
492
507
505
508
521
518
517
517
517
511
505
511
527
530
538
548
543
552
554
554
563
561
566
573
561
564
562
556
560
555
557
573
568
579
596
586
593
581
582
583
573
577
567
575
574
584
587
577
574
576
579
571
576
588
574
578
578
574
572
574
568
557
548
542
549
541
546
560
570
576
563
557
557
557
551
543
538
554
584
607
595
595
583
589
582
581
590
585
591
586
583
580
573
576
573
573
572
566
569
559
558
556
563
572
583
581
574
577
574
575
519
632
564
561
560
571
585
625
662
662
673
653
666
648
655
648
644
646
638
639
622
630
1232
591
586
573
564
573
578
616
647
664
662
647
651
639
615
623
626
643
647
646
651
642
655
648
652
660
652
661
1319
634
633
620
607
612
622
636
658
654
668
654
660
662
650
653
641
644
635
637
633
632
638
626
637
627
634
633
629
633
619
632
627
630
631
619
625
608
618
614
623
620
624
626
620
630
620
626
613
616
619
618
621
617
621
615
608
610
599
600
598
592
603
599
609
608
604
606
596
603
603
603
615
606
616
617
616
616
603
610
595
600
593
592
602
599
611
615
623
632
627
634
631
639
643
638
645
635
639
632
637
638
631
646
641
654
648
656
660
645
654
647
647
644
634
647
641
650
658
647
665
656
659
653
642
646
627
637
631
627
639
629
638
629
629
624
614
604
604
605
605
621
638
634
650
639
640
637
624
639
645
643
646
636
648
652
642
647
633
646
641
634
648
641
653
652
639
646
632
635
627
619
625
612
634
641
633
652
653
662
671
655
669
653
664
655
646
646
622
634
624
632
642
644
657
652
662
661
649
651
641
641
629
618
610
615
604
628
639
635
649
641
649
651
639
649
642
645
647
633
654
649
655
657
642
653
651
646
646
630
640
633
620
631
636
645
666
661
673
665
661
667
649
668
670
660
668
649
659
653
647
624
636
635
626
642
650
635
656
633
618
602
616
625
648
659
673
675
662
671
665
654
649
637
630
622
625
630
647
641
669
663
664
666
647
657
653
646
661
649
667
670
673
684
669
685
683
688
660
669
658
643
636
623
636
630
645
663
660
691
695
670
683
658
655
659
645
652
654
645
633
623
652
675
673
713
702
699
699
671
672
654
644
646
641
671
683
686
716
705
735
735
727
712
686
687
653
673
667
673
685
674
701
693
712
717
726
718
694
702
670
688
661
700
696
707
737
715
756
720
754
710
727
706
719
703
704
699
689
701
670
707
694
726
698
738
700
731
697
705
669
681
657
668
661
654
683
662
714
705
707
721
694
706
688
694
678
676
675
659
684
668
685
678
669
677
663
697
682
692
686
672
687
675
712
692
692
695
662
678
662
672
673
657
686
684
674
678
655
662
653
645
651
641
647
643
629
637
627
638
641
639
658
652
659
660
648
661
657
655
665
647
656
653
645
664
674
667
691
666
681
672
664
657
642
645
638
639
653
655
677
695
679
714
697
691
680
660
672
660
651
664
664
665
667
673
675
668
646
648
642
644
643
643
670
681
699
701
695
711
691
692
680
652
668
656
658
680
667
680
690
671
699
671
672
669
649
674
684
662
697
685
678
686
662
680
679
658
686
685
693
705
684
710
703
670
689
705
690
734
732
733
732
704
704
681
682
683
672
710
691
707
729
693
720
688
700
686
686
678
672
706
693
699
721
688
711
704
688
719
688
697
698
669
686
668
681
703
691
656
667
641
628
614
622
628
629
689
700
671
715
692
702
698
663
672
656
643
656
657
670
685
670
718
683
708
681
694
666
657
647
630
646
640
651
677
666
698
693
694
706
670
685
667
660
667
649
661
676
675
712
691
700
707
688
691
670
685
668
661
664
652
668
670
655
679
667
687
697
661
677
667
665
660
643
654
654
640
656
659
653
683
659
674
682
656
671
653
640
646
629
638
638
632
655
650
651
675
667
668
670
655
659
639
633
622
631
637
627
649
652
638
623
615
641
683
693
690
708
714
695
700
685
697
684
671
682
673
682
691
683
696
704
681
703
688
688
696
667
681
674
672
698
680
694
689
692
690
673
688
666
657
664
653
655
662
664
683
674
664
683
672
669
675
658
681
665
655
666
650
659
650
642
663
647
663
671
662
694
671
685
700
653
682
659
659
654
639
643
646
641
670
654
665
691
674
672
687
679
710
705
669
676
671
648
655
618
622
604
602
612
627
627
656
673
673
735
691
793
812
740
758
748
755
718
729
706
691
709
731
742
729
753
818
912
901
885
862
819
761
770
743
793
897
941
920
794
801
816
847
832
901
933
842
905
920
927
934
936
904
783
768
792
856
979
1003
903
880
792
781
795
834
831
900
1158
1056
988
910
838
854
949
978
989
961
918
800
809
812
896
860
966
935
913
963
897
962
928
902
850
822
798
879
1009
919
992
942
935
883
776
845
846
854
858
793
822
827
837
896
907
873
833
808
778
796
754
766
760
822
850
815
851
837
889
811
763
794
862
848
826
828
860
854
896
880
930
933
905
854
813
809
861
890
894
866
872
828
792
782
768
760
750
805
814
772
830
786
790
792
762
788
807
830
835
833
801
787
767
737
712
689
769
885
1174
986
909
940
903
847
745
748
720
734
795
846
864
805
807
813
770
813
835
868
921
894
871
851
804
805
777
819
979
911
858
1000
979
934
956
936
915
886
844
813
778
757
746
815
812
920
865
946
897
854
809
789
813
801
880
1075
1020
995
965
832
841
819
802
795
806
838
780
856
876
938
943
880
830
763
745
726
757
945
978
936
909
867
936
896
825
857
818
819
833
869
840
763
786
732
732
752
842
905
798
827
817
871
819
848
834
847
825
800
754
785
777
848
842
899
893
945
870
857
834
820
855
970
949
971
888
866
870
877
908
924
905
818
793
771
734
729
759
837
838
851
823
849
889
877
859
854
850
866
833
826
782
816
822
873
873
944
896
833
847
864
859
853
833
827
755
788
786
821
877
850
801
829
776
732
749
715
729
763
770
781
802
812
828
866
948
884
883
875
810
796
813
770
805
869
950
939
905
879
860
862
829
774
808
750
857
983
1009
1056
920
939
897
897
806
790
820
800
985
1126
976
929
938
910
933
880
788
819
836
801
849
838
854
805
793
786
845
954
951
853
833
855
942
967
912
867
878
888
857
852
803
837
879
861
794
812
793
790
851
798
851
825
806
808
843
827
914
959
971
947
882
863
850
854
836
1011
985
955
925
896
835
854
813
820
792
841
893
1032
932
987
979
914
879
837
858
872
818
943
930
951
896
961
923
828
863
872
886
881
864
828
788
784
788
800
813
880
936
905
892
903
884
827
797
792
809
796
778
740
723
746
738
848
1004
953
970
937
905
871
831
755
790
868
936
885
853
855
883
892
965
939
929
904
841
867
849
822
902
930
965
937
882
876
810
775
766
789
802
792
881
803
823
839
800
790
787
747
754
758
818
997
959
931
925
863
853
843
849
868
865
853
814
840
858
854
832
860
848
855
813
833
794
777
734
723
685
679
676
683
784
935
919
983
924
960
931
918
894
827
847
801
795
797
835
943
938
869
788
769
718
689
663
692
722
810
816
903
835
880
896
878
863
883
888
832
820
800
787
754
711
705
951
1256
1011
873
818
834
919
1053
925
892
866
871
896
874
848
745
793
799
811
769
837
850
934
975
985
1003
956
939
896
867
857
866
863
883
887
891
896
896
867
796
785
780
810
807
819
810
798
823
802
823
795
800
829
829
854
870
828
825
833
798
837
855
854
836
822
800
820
811
924
868
878
839
846
853
828
844
838
838
824
796
770
792
873
926
893
869
821
855
809
785
807
891
813
866
863
854
821
844
816
808
744
765