733
671
682
765
934
779
723
769
820
838
781
824
830
755
730
722
687
718
752
685
700
729
689
616
595
624
731
1010
956
912
857
851
873
765
767
864
963
896
776
790
832
856
787
837
854
774
785
891
919
873
881
847
826
798
796
684
666
732
973
802
886
946
917
812
788
776
749
692
715
727
703
692
739
853
772
737
751
748
674
671
705
806
769
709
720
794
833
775
720
729
801
813
719
720
771
817
947
790
782
805
743
685
688
685
662
625
608
614
599
628
729
842
813
743
763
761
780
687
676
702
750
683
670
717
802
842
760
782
819
808
746
701
715
818
922
828
755
791
876
906
756
741
726
750
691
726
780
837
734
753
765
776
732
729
712
722
675
688
697
717
687
683
685
719
755
686
680
722
826
837
821
789
805
867
767
690
669
681
729
708
710
706
688
653
658
650
600
601
583
583
586
569
556
536
527
521
524
557
758
872
864
789
808
830
792
752
666
666
673
715
739
689
690
701
760
733
680
703
728
695
645
641
667
790
851
816
787
804
796
707
663
636
626
676
833
758
779
792
835
758
704
713
812
878
876
894
880
752
696
707
778
898
781
848
875
812
732
736
788
951
851
764
748
695
687
726
905
793
815
810
737
694
701
705
684
641
626
595
602
585
572
564
575
608
728
784
697
747
844
989
933
842
729
648
630
631
693
808
698
725
746
754
682
688
741
732
702
705
725
685
717
704
641
639
626
615
595
604
628
688
747
670
680
688
733
680
681
684
649
657
684
711
661
631
625
625
604
627
629
678
754
713
674
653
645
641
645
688
825
831
919
891
788
681
643
632
672
856
944
782
863
1017
898
807
691
667
646
646
641
713
855
897
849
746
694
699
643
636
654
726
868
778
716
695
724
801
834
747
804
837
900
868
750
766
859
892
857
776
806
877
969
798
701
732
990
965
839
827
771
832
998
1053
972
900
732
707
682
688
699
658
688
842
1090
1020
938
852
810
812
759
687
658
659
882
1004
852
713
701
768
842
822
770
824
882
878
753
770
813
791
691
690
765
892
910
796
752
809
914
986
847
794
856
926
886
767
729
744
896
1012
968
941
917
754
695
716
711
725
657
652
631
641
1006
910
748
682
650
655
685
643
617
626
684
764
712
756
849
874
750
701
710
787
822
702
673
677
692
711
806
728
745
823
864
861
740
729
720
729
785
742
793
783
733
659
657
676
713
693
688
729
819
831
706
656
637
627
637
635
610
635
650
651
672
724
685
670
656
635
622
589
574
569
567
556
558
560
580
685
802
802
778
757
730
698
662
634
612
596
574
565
570
599
619
641
691
710
682
708
736
699
653
650
671
681
648
632
621
612
594
601
621
739
857
826
712
701
703
706
714
650
648
645
658
630
636
692
762
798
700
678
668
662
639
611
596
589
556
561
557
560
608
719
751
700
733
782
796
709
677
650
618
586
563
558
556
571
663
701
653
664
728
742
728
714
695
657
620
616
625
644
680
676
708
741
777
746
671
650
630
641
680
773
805
767
703
705
752
774
695
688
701
685
688
653
618
604
577
564
564
569
627
744
738
695
727
688
691
696
664
652
677
733
810
733
755
793
822
793
684
688
707
737
757
668
646
652
701
796
779
719
728
773
781
789
704
677
667
670
700
694
645
645
661
698
686
632
628
616
608
604
664
732
725
764
794
787
769
695
634
624
637
767
899
784
804
885
922
825
739
715
699
651
642
639
653
620
615
624
632
630
632
635
645
648
624
611
604
605
615
623
608
618
634
647
657
637
626
624
658
737
777
849
954
938
869
832
761
663
649
660
783
1011
853
799
879
948
900
771
769
765
791
735
735
771
815
840
731
733
743
757
713
714
767
693
751
808
900
830
771
793
769
773
702
732
802
850
743
715
728
707
729
660
632
621
656
724
774
816
713
709
652
605
577
573
566
558
558
559
548
540
533
526
521
518
516
510
503
498
495
492
488
485
487
500
530
562
600
675
711
705
649
661
645
618
587
560
541
531
527
529
523
530
550
578
607
606
624
682
664
630
606
587
564
557
553
557
567
580
589
580
586
598
608
622
633
616
608
627
631
631
613
592
580
586
606
614
641
686
693
650
622
610
595
571
564
555
553
556
548
538
533
531
538
566
635
688
664
628
596
567
547
531
520
511
510
518
547
601
716
722
693
735
714
659
617
605
589
571
554
559
562
583
628
652
683
698
738
719
670
637
604
581
570
569
585
624
651
676
704
670
659
649
634
615
576
554
545
538
532
527
522
507
513
526
537
557
583
605
583
574
559
555
558
550
546
539
547
552
564
569
572
555
541
531
521
519
520
518
528
572
653
661
649
623
563
548
531
517
503
501
502
505
516
527
585
681
699
664
658
667
652
606
567
554
547
546
549
564
590
615
610
589
574
558
544
521
511
501
503
525
685
795
767
689
643
642
599
586
577
573
559
549
535
514
504
499
509
574
787
747
725
683
653
616
579
570
542
531
524
538
560
593
600
598
582
613
660
678
694
645
608
587
570
555
534
519
509
511
516
543
589
644
639
631
658
719
777
892
797
683
616
577
563
579
679
722
701
687
657
616
591
562
542
522
517
517
513
517
521
520
519
521
543
548
526
531
544
540
526
519
509
503
506
519
524
525
521
518
520
514
505
495
489
485
482
481
485
488
494
513
528
539
568
567
541
532
533
540
544
539
534
520
514
500
490
482
478
476
485
501
521
561
570
576
572
568
561
563
564
543
532
523
519
516
510
514
509
506
501
503
515
534
564
576
579
576
577
552
541
533
532
524
526
537
535
524
525
529
533
551
541
527
520
520
514
529
535
539
527
525
519
512
501
492
484
476
477
482
486
480
476
469
461
456
459
453
451
456
451
446
446
448
455
449
446
447
448
442
436
438
443
442
435
436
439
445
445
437
435
436
443
444
437
440
443
447
443
437
445
447
448
441
437
438
436
438
427
421
422
420
425
423
417
411
406
408
408
411
409
411
406
403
403
405
409
409
413
414
411
403
401
400
402
406
404
406
408
410
408
403
402
403
407
409
411
410
415
410
407
403
402
405
405
407
407
411
411
409
402
402
406
408
411
410
413
414
410
405
401
401
401
405
403
408
408
412
406
402
401
402
403
400
402
402
403
403
400
395
396
394
394
395
396
397
396
397
396
399
396
392
388
387
387
386
385
384
386
383
384
385
386
386
385
383
386
387
388
388
386
380
380
382
379
378
375
376
376
377
375
373
373
371
373
372
374
369
369
370
370
371
371
367
368
368
369
369
369
365
365
367
368
369
366
367
369
370
371
370
369
368
370
368
369
369
369
367
367
367
369
371
371
369
369
370
373
374
376
375
378
380
383
384
379
381
381
382
378
378
378
381
381
383
382
383
381
383
381
381
380
382
383
381
380
380
379
382
381
383
381
382
382
386
384
385
380
379
381
383
378
377
380
380
382
381
379
379
382
381
381
379
377
376
377
377
375
376
376
376
374
375
373
372
368
370
371
370
368
366
365
366
368
367
366
366
366
367
370
370
369
368
368
370
372
372
369
367
368
367
369
367
367
363
364
363
364
364
364
365
367
366
365
363
366
368
367
368
364
364
364
367
364
363
364
366
366
366
366
363
367
367
366
368
365
364
366
366
363
365
365
366
367
366
367
367
367
369
366
367
369
368
369
370
370
370
369
371
372
373
372
369
370
371
372
371
368
368
370
370
373
370
369
373
376
375
374
374
374
374
372
371
371
369
366
367
367
366
366
363
361
362
362
363
363
361
362
363
363
362
361
362
364
362
361
361
361
362
362
363
363
362
360
362
362
364
361
360
361
360
361
363
361
363
364
364
366
368
372
372
374
377
376
378
379
379
383
381
380
377
375
376
375
375
374
373
374
373
374
375
378
376
374
374
375
375
373
372
371
372
372
373
374
374
374
375
379
383
380
384
387
390
390
393
388
388
388
384
385
381
381
382
382
383
380
376
381
379
377
376
378
372
374
374
377
378
377
377
381
380
381
381
380
382
382
382
380
378
377
376
373
371
371
370
369
366
363
363
364
364
362
360
359
361
361
362
362
361
363
363
366
367
368
368
367
366
367
367
368
368
370
372
371
369
372
369
369
365
366
365
366
364
364
361
362
361
364
364
368
370
369
369
370
370
370
368
368
368
366
369
367
363
367
366
366
367
368
366
366
371
368
369
368
365
366
367
366
366
367
362
366
365
366
363
366
364
365
364
368
369
372
369
373
372
376
373
374
375
376
375
372
369
371
371
369
369
368
365
367
368
367
367
369
367
368
368
369
369
369
367
369
370
370
372
371
372
372
372
372
371
372
370
369
368
370
369
369
369
368
367
367
369
367
367
368
367
366
369
368
369
367
366
365
366
367
369
371
371
374
373
373
371
371
370
370
369
368
369
368
368
366
364
364
365
365
364
363
363
363
364
364
365
366
364
367
365
366
366
366
364
366
365
363
365
365
362
364
363
364
361
361
360
361
361
361
359
364
363
364
364
368
369
368
367
369
367
370
366
366
366
367
366
367
364
364
365
364
364
364
362
364
365
365
365
363
365
365
365
366
366
363
362
363
363
360
361
356
356
357
356
358
355
354
355
357
355
355
356
356
358
357
360
360
361
361
362
362
362
362
363
359
358
361
359
356
359
357
359
358
358
359
360
363
361
363
361
360
359
360
361
363
363
366
372
376
378
379
381
382
382
382
381
380
381
382
378
378
378
378
378
380
380
382
383
384
384
385
385
387
385
387
388
388
391
390
392
390
392
394
394
399
403
402
405
404
407
409
411
413
411
409
405
401
396
394
396
401
413
423
425
425
429
433
437
439
436
435
436
434
436
437
430
432
428
426
431
433
426
430
434
438
443
439
439
442
444
446
449
445
446
442
440
438
438
438
435
438
439
447
460
469
469
460
455
452
446
454
458
457
462
460
461
465
467
464
457
451
440
434
431
427
430
435
441
454
463
458
451
450
440
438
438
437
434
437
441
455
477
502
510
490
492
487
486
480
469
461
454
452
445
445
447
448
447
455
456
461
470
476
463
466
461
463
470
471
467
465
460
459
461
468
470
467
470
468
473
471
460
461
449
442
438
430
429
428
424
422
420
418
423
432
451
478
483
471
472
482
483
476
469
466
459
457
451
448
446
446
448
451
455
448
444
445
442
449
461
466
466
474
483
498
510
513
508
497
487
476
467
453
449
444
441
442
448
457
475
489
481
473
475
477
482
485
478
475
468
464
468
467
466
470
466
470
477
480
473
468
465
464
471
477
479
486
497
519
526
537
535
526
511
497
487
478
467
459
454
449
452
459
478
512
564
569
561
544
524
501
492
486
479
473
465
466
461
459
467
466
464
462
460
463
468
473
470
468
467
464
464
467
462
457
457
454
453
456
456
452
450
447
444
441
440
438
440
447
454
458
459
452
447
447
444
444
448
447
451
460
475
498
494
488
483
484
492
494
493
488
483
473
465
458
447
444
440
440
450
458
457
463
476
482
493
482
472
469
467
460
462
464
463
459
457
457
454
450
449
445
443
445
447
451
454
452
457
460
465
462
455
453
449
443
435
437
436
433
428
423
421
422
425
425
425
422
411
411
411
414
412
412
415
410
405
400
402
405
409
406
409
409
411
409
405
400
401
404
406
408
409
411
409
408
404
399
401
402
402
403
405
401
404
401
406
404
398
396
393
394
390
393
395
397
398
403
400
404
406
410
414
418
416
418
422
426
427
429
426
422
415
411
408
409
410
413
408
415
415
416
409
404
404
403
402
402
403
399
402
402
403
402
396
396
394
395
391
393
393
392
391
392
388
390
386
385
380
382
380
379
377
378
379
378
377
379
376
380
381
385
387
388
385
390
389
389
389
389
390
389
391
387
386
386
385
386
384
383
384
384
384
383
384
383
384
382
384
382
384
382
382
380
383
379
380
382
384
382
386
383
386
388
389
390
388
385
382
385
380
379
375
375
376
375
373
371
371
372
371
371
368
370
370
372
371
374
374
379
380
381
382
383
383
382
380
380
377
375
375
376
374
372
371
368
370
373
370
373
370
374
376
378
377
381
381
381
382
385
385
384
382
382
383
383
382
379
380
379
379
376
377
375
373
374
371
372
373
373
373
372
374
374
375
376
375
374
373
374
375
375
374
371
372
374
372
371
370
371
371
371
372
373
376
375
376
379
377
377
377
377
374
375
374
373
374
377
375
374
375
376
376
375
375
374
376
376
375
374
376
377
378
377
378
378
379
381
382
384
382
383
382
383
382
382
382
383
382
386
383
384
383
386
384
385
383
385
386
385
382
379
378
378
378
377
378
375
377
378
380
377
380
379
381
380
380
379
379
379
379
379
378
378
376
377
376
376
376
375
374
375
374
374
374
374
372
375
374
373
372
372
369
370
370
369
369
366
366
368
367
367
367
366
367
369
367
368
364
365
364
364
365
367
368
368
372
376
376
381
379
380
380
382
381
380
381
383
381
380
379
379
380
379
381
381
381
381
381
382
380
379
379
382
378
378
374
375
376
375
372
370
367
368
368
368
365
365
363
365
364
363
364
365
367
367
367
365
368
365
367
364
365
363
366
365
366
366
366
369
369
370
370
367
369
367
367
366
367
366
366
365
366
367
369
367
367
370
368
369
371
373
373
375
375
377
378
381
382
379
382
381
383
386
389
387
391
391
390
388
387
388
388
382
384
384
387
388
390
392
392
394
393
393
392
394
394
391
393
394
394
399
403
406
404
407
412
411
409
409
410
409
407
406
408
409
411
414
414
410
409
410
409
406
404
404
405
404
408
410
413
412
407
408
410
410
420
434
450
459
452
446
447
450
457
461
461
450
445
438
436
435
435
438
442
447
448
443
443
441
445
449
450
452
448
445
438
435
432
428
432
437
440
445
441
442
443
446
454
459
462
470
466
460
450
443
437
435
434
433
441
453
460
460
456
452
442
438
434
431
437
447
457
473
485
486
476
479
478
480
480
480
479
478
480
476
476
472
471
470
471
463
455
448
441
443
443
441
449
457
458
458
458
455
452
454
452
451
447
445
444
445
449
448
446
447
450
454
456
460
458
454
456
455
453
451
448
457
462
459
459
457
453
453
459
466
474
479
472
465
457
454
450
454
456
462
469
473
468
466
465
460
455
457
455
456
455
456
459
456
458
458
458
459
460
466
459
457
459
457
456
453
452
449
448
447
445
450
448
448
450
450
453
455
456
454
455
453
446
445
440
437
433
427
425
424
429
428
426
429
433
438
445
448
447
447
447
448
449
454
455
457
456
450
448
443
438
435
428
423
419
419
414
418
427
450
481
505
507
491
479
482
487
483
478
479
474
473
466
461
460
454
453
444
438
438
433
431
430
429
430
433
430
433
437
444
451
454
449
446
443
442
444
442
440
439
439
435
434
431
434
441
454
464
465
462
459
458
452
447
450
454
461
471
479
484
488
481
477
472
464
453
445
442
442
443
445
452
467
480
481
479
477
476
479
470
467
463
458
454
445
441
438
437
438
434
433
435
437
444
449
457
455
459
464
478
494
512
508
499
491
479
466
459
452
446
440
439
438
440
445
454
463
465
469
474
473
476
479
469
466
464
460
454
453
453
450
447
450
443
442
444
445
444
445
446
449
458
461
466
480
487
497
502
496
483
474
471
466
462
457
457
456
454
451
451
448
445
449
454
462
477
478
467
462
461
457
458
458
455
451
444
442
435
434
432
433
434
438
439
442
440
438
433
434
434
437
437
434
435
434
432
430
427
425
425
424
426
426
425
425
428
433
436
433
431
431
433
435
440
444
447
449
449
447
446
443
438
438
435
434
433
434
430
427
426
428
433
434
434
444
453
455
457
458
457
460
458
456
453
448
449
447
445
444
444
444
438
439
438
439
438
441
441
439
439
435
430
430
432
433
434
441
450
457
469
483
494
495
482
481
471
468
457
450
448
439
435
434
436
438
437
438
442
449
450
450
450
446
445
442
439
438
438
438
438
437
437
429
426
425
423
422
428
437
441
442
446
453
464
466
457
452
442
440
437
436
438
443
447
447
447
439
438
435
432
430
432
431
433
434
439
440
447
447
439
440
432
433
435
433
423
422
419
419
419
421
423
426
427
423
422
424
425
425
424
424
426
423
418
416
414
417
418
419
416
418
415
412
408
404
403
400
401
401
405
406
407
405
402
399
402
402
403
404
406
403
401
402
397
400
401
405
414
417
416
419
420
418
414
409
411
412
416
417
425
425
427
421
416
417
421
422
422
424
425
418
418
418
421
421
425
426
426
422
417
420
422
426
424
428
424
416
416
417
420
420
422
422
418
411
405
402
400
398
398
400
397
399
397
400
398
398
396
394
392
392
392
390
389
391
392
390
390
386
387
381
382
377
376
375
375
374
375
372
373
374
376
375
377
375
375
378
379
380
382
380
382
385
389
389
390
390
388
387
385
386
383
383
379
379
379
378
375
374
373
374
373
375
371
372
372
372
372
374
373
376
376
376
377
380
380
379
379
378
376
376
374
373
374
374
372
372
377
376
378
378
377
379
380
384
380
382
379
380
381
381
379
376
376
375
375
374
375
374
377
377
378
378
378
380
383
384
384
384
386
385
383
385
384
387
387
387
387
384
381
380
378
378
377
377
380
377
379
379
379
376
376
377
378
376
376
374
376
377
377
375
374
375
375
376
374
375
376
376
378
377
377
375
374
371
372
371
373
369
370
369
371
371
372
370
373
376
376
375
378
380
383
383
384
382
379
378
378
378
375
374
375
376
375
374
369
370
367
366
365
364
363
363
361
363
361
362
364
363
365
366
367
367
367
368
368
369
367
368
370
371
371
370
370
368
369
368
366
365
367
366
366
365
365
367
368
368
367
367
368
368
367
366
367
368
368
369
368
368
368
370
371
370
372
368
370
370
370
370
369
371
371
372
371
370
373
372
371
369
370
369
369
370
368
370
370
372
371
368
366
366
365
366
362
360
361
361
358
358
359
360
362
361
362
364
364
361
364
364
364
364
364
361
364
361
363
361
361
360
362
360
361
359
361
360
361
360
359
361
360
359
360
357
360
359
359
357
357
355
359
357
356
354
353
355
354
354
352
350
354
349
350
351
353
354
354
355
354
358
357
357
358
360
357
358
358
358
356
356
357
357
354
355
353
354
354
352
351
350
351
349
346
347
347
346
347
346
348
348
349
351
353
350
351
350
352
349
349
349
350
349
349
347
348
350
345
344
345
345
345
342
344
346
348
349
349
352
353
354
350
351
350
351
349
347
349
348
346
349
348
346
349
350
347
346
345
348
350
350
351
354
353
354
354
356
358
357
359
358
362
362
364
361
363
364
365
363
363
360
361
361
361
359
360
358
359
356
356
353
354
354
354
350
351
352
350
347
348
348
349
346
346
344
344
344
342
338
339
339
339
339
340
342
342
342
342
345
342
345
341
343
343
344
343
341
342
343
342
342
339
340
341
339
342
342
343
345
345
341
343
343
343
340
342
343
341
340
340
340
341
339
338
340
340
342
343
342
344
345
341
342
344
343
341
341
344
340
341
340
341
340
338
342
342
342
344
346
347
346
348
347
348
347
348
346
346
345
345
344
343
344
342
342
339
339
341
337
337
339
342
341
341
343
341
340
335
337
337
338
335
334
334
335
335
333
330
331
334
333
334
340
338
335
336
339
336
338
336
339
335
337
336
334
333
335
335
336
337
340
337
338
339
339
337
335
337
337
337
335
334
334
335
330
333
333
334
337
339
336
337
340
338
336
336
338
337
335
334
335
334
332
329
330
330
331
331
333
334
334
334
331
333
333
332
329
330
329
328
330
328
330
332
334
334
330
329
330
332
334
329
328
328
329
330
330
332
333
331
331
329
330
332
330
331
330
331
333
330
329
332
332
334
334
336
332
332
333
332
331
329
331
330
328
328
326
327
327
329
330
328
327
331
329
329
328
327
328
328
328
325
326
328
327
329
334
332
329
330
331
331
330
329
332
328
327
328
329
328
331
332
336
337
338
335
337
339
340
338
340
339
343
338
339
340
341
338
338
338
340
337
334
335
336
336
335
337
334
339
339
339
337
334
337
337
335
335
334
334
337
332
330
332
331
330
328
328
333
330
332
332
331
334
332
331
331
333
332
332
329
330
334
328
330
328
331
330
329
330
329
329
332
332
329
328
330
327
329
327
326
325
327
325
325
324
326
326
327
327
330
328
328
328
327
329
329
326
326
327
326
327
325
327
327
328
327
328
329
329
326
326
328
327
325
325
326
325
322
322
324
323
323
325
327
323
323
325
323
322
321
322
322
321
319
321
321
322
321
324
321
323
321
321
324
320
319
320
321
319
322
320
322
320
322
319
321
322
319
319
319
321
319
320
321
323
323
322
321
320
322
321
321
321
322
320
322
322
323
319
321
322
320
319
320
322
318
316
318
318
317
319
321
322
319
320
321
319
319
319
320
321
318
319
321
319
322
321
321
321
321
322
320
318
320
319
318
319
317
320
319
322
320
319
320
321
319
319
320
319
318
320
321
319
321
320
320
318
319
318
318
315
316
319
320
322
317
317
319
318
316
316
316
318
316
318
319
319
318
318
320
318
317
319
318
316
315
316
315
317
319
318
317
299
291
360
321
315
317
317
317
320
319
317
316
317
317
315
315
316
314
313
315
316
317
315
314
315
316
316
314
315
316
315
317
315
315
315
316
315
314
315
313
313
314
316
316
314
315
314
317
315
315
314
316
314
317
314
313
317
315
315
315
316
315
316
317
318
316
315
316
315
316
313
315
314
313
316
315
314
313
316
313
313
313
313
313
313
313
312
313
312
312
312
313
310
313
311
312
313
311
311
311
313
311
312
310
312
314
311
313
311
313
313
312
313
314
313
314
311
313
314
314
313
313
314
314
316
314
314
316
313
316
313
313
315
318
315
313
316
315
314
314
315
313
315
314
316
315
315
314
313
315
315
313
313
313
313
314
314
313
315
314
313
314
313
315
315
314
314
315
313
313
313
315
313
312
313
315
314
314
314
314
313
313
315
312
313
312
313
316
314
313
313
315
311
312
313
312
313
316
312
313
313
313
311
313
313
311
312
312
313
313
312
311
312
312
311
313
312
313
314
311
311
313
313
312
313
311
312
316
314
312
313
316
311
313
313
313
313
313
312
314
313
313
313
316
311
312
313
313
315
313
314
314
314
313
312
313
313
313
313
312
313
313
313
310
312
310
311
313
312
311
310
313
312
310
310
311
309
312
309
309
310
311
309
308
309
307
310
308
313
309
307
312
308
310
310
312
310
310
310
313
309
309
313
311
311
312
310
312
310
311
310
313
312
313
312
311
313
624
311
313
313
313
311
313
313
313
309
309
310
310
312
310
310
311
313
309
307
310
309
310
309
308
309
308
311
308
309
308
306
310
309
308
307
307
306
309
308
306
309
308
306
307
308
305
307
308
306
307
307
306
306
307
306
305
307
306
306
306
306
301
308
306
308
305
307
306
306
306
306
304
307
306
306
304
304
306
306
304
304
306
306
304
306
306
303
307
307
304
306
304
305
309
304
613
308
305
307
306
304
308
304
307
307
304
306
308
304
305
309
304
306
305
305
305
304
303
305
307
304
306
303
305
304
307
305
304
305
302
306
304
303
306
304
304
303
305
303
307
302
304
304
304
305
305
306
302
305
305
304
305
302
304
305
303
303
303
303
304
305
302
302
306
302
304
303
302
306
302
302
306
306
305
304
302
305
306
304
302
306
302
304
305
303
302
307
303
305
302
303
305
302
305
305
305
304
305
303
306
303
303
307
306
302
302
305
304
305
302
304
303
302
303
302
302
305
303
303
301
302
301
305
301
303
304
303
303
300
303
305
299
304
303
301
302
301
302
303
300
302
301
298
299
303
299
303
303
299
303
299
304
300
301
301
303
302
302
300
304
302
300
303
305
303
301
301
305
302
300
303
303
302
302
300
303
301
303
303
302
302
301
301
306
300
301
303
300
301
301
302
302
302
303
300
603
297
302
304
301
302
302
300
304
299
303
303
302
303
303
303
303
302
302
302
302
446
458
279
927
297
600
903
299
600
604
302
301
302
302
302
298
304
299
302
299
299
301
300
302
300
303
298
302
300
301
303
299
302
301
300
300
302
300
299
302
299
300
300
900
302
298
300
298
601
296
303
298
301
296
297
304
297
300
597
600
594
300
300
1334
361
713
765
1396
322
943
863
4617
943
9439
3054
726
582
1677
822
275
1471
763
287
1516
497
3082
912
604
2144
4480
313
313
312
308
314
311
310
313
313
309
628
310
312
314
312
307
313
313
312
309
313
313
376
555
316
939
314
312
317
316
313
313
314
313
313
314
313
313
314
316
315
314
315
315
318
315
316
318
315
319
319
314
317
319
316
312
316
319
313
317
318
314
317
318
315
318
319
575
356
326
320
313
316
315
315
315
316
315
318
318
315
316
316
315
316
319
318
318
316
317
319
321
314
321
314
315
320
323
318
320
323
325
319
322
324
326
323
322
323
324
321
324
326
321
326
325
327
321
327
326
324
328
328
321
330
330
323
331
330
326
333
327
331
329
330
331
331
333
327
332
329
328
332
328
334
329
326
330
327
333
327
330
333
327
334
332
330
328
328
331
330
334
330
333
334
328
331
327
333
335
326
332
333
328
331
331
334
329
329
333
332
328
334
331
333
328
332
332
332
330
330
334
330
330
329
333
335
330
331
333
334
334
329
332
332
335
335
329
333
333
336
335
330
335
334
337
336
331
336
337
335
334
335
337
335
335
339
337
335
336
334
337
336
334
336
338
339
333
338
339
340
335
337
340
338
335
340
338
340
335
338
338
337
336
336
339
339
334
337
337
340
336
335
338
339
340
337
338
340
340
337
340
341
342
337
340
342
338
342
342
338
341
343
340
341
343
342
341
343
343
339
344
343
345
343
341
344
343
346
344
341
344
346
343
345
346
343
345
348
345
343
345
347
342
346
345
345
342
345
343
342
344
347
340
346
344
342
344
346
345
342
345
347
344
345
347
345
349
346
344
347
349
350
345
349
349
344
349
350
344
349
349
348
344
349
350
347
346
349
347
349
350
350
352
347
348
349
349
346
348
350
351
345
349
349
350
346
351
351
350
347
353
351
350
354
352
354
352
353
356
352
354
354
355
353
352
354
355
351
350
352
353
350
353
352
351
352
351
354
349
352
351
353
350
350
353
354
349
351
351
353
353
351
352
353
354
352
353
355
354
353
354
356
350
354
354
354
350
354
353
354
349
353
353
352
354
353
354
352
353
355
354
351
353
354
353
354
355
355
349
355
354
352
353
354
354
354
353
351
354
354
354
354
355
354
353
354
354
354
354
353
354
355
357
354
353
356
354
358
355
354
356
357
358
358
358
357
359
361
360
356
360
360
361
362
361
355
361
362
362
362
361
361
363
363
361
365
365
362
365
365
364
361
365
364
363
359
365
363
361
363
363
364
361
362
364
363
361
361
362
362
360
363
362
364
359
357
360
360
360
360
358
357
358
359
362
359
360
360
357
359
362
360
365
365
361
364
366
364
367
363
365
365
367
363
366
366
365
362
367
367
364
364
364
365
364
364
366
368
366
368
368
371
366
370
371
374
370
374
373
376
375
372
374
378
374
372
376
374
374
371
372
373
374
369
370
374
372
369
373
370
373
369
369
371
372
368
370
371
370
369
369
367
369
371
367
366
369
368
370
368
368
369
371
370
368
372
371
372
371
369
370
372
368
368
370
372
369
373
371
368
371
372
367
369
370
368
367
367
370
372
370
368
369
371
374
373
370
374
374
375
370
372
373
373
370
372
372
374
372
371
372
374
373
374
369
371
372
374
372
371
372
371
372
373
373
374
372
369
371
373
372
371
372
371
374
373
370
373
375
371
374
375
373
372
374
374
373
370
372
373
372
370
369
373
370
374
372
371
374
375
370
374
375
375
374
373
371
374
374
370
373
374
373
371
373
369
373
374
371
370
372
372
372
369
369
371
373
371
372
370
371
373
376
375
374
383
379
377
384
381
383
381
382
384
385
383
381
385
383
385
382
384
386
385
381
383
385
384
383
381
383
385
379
381
382
381
382
380
379
381
381
377
379
376
374
378
377
377
377
373
374
375
376
372
374
375
375
372
373
373
374
371
371
372
373
369
371
372
370
369
373
372
374
372
371
375
373
370
373
374
373
369
374
372
375
371
372
374
374
371
374
375
374
372
375
375
376
374
374
374
377
374
371
374
373
375
374
373
375
379
376
375
377
378
380
378
377
378
380
378
378
378
378
380
381
378
381
383
380
378
381
380
381
378
375
380
381
380
378
382
380
382
382
380
382
384
382
380
385
384
383
381
383
384
383
377
380
381
380
379
379
379
381
381
377
378
379
379
378
376
377
380
377
375
379
379
377
378
379
381
378
377
380
382
378
379
377
377
379
380
378
380
380
380
383
380
379
381
383
380
379
382
381
383
380
378
381
382
380
383
380
379
381
381
377
379
380
379
380
378
374
378
379
378
378
377
377
378
380
377
377
379
378
379
380
379
378
378
374
376
378
379
379
377
378
380
382
379
381
383
384
383
382
383
386
385
381
384
385
383
381
382
381
378
378
378
379
375
379
377
375
374
377
375
373
373
375
376
374
372
374
375
372
372
372
374
371
370
370
370
372
370
369
368
368
370
370
366
371
371
369
367
365
370
368
370
372
368
371
371
374
371
370
372
373
372
370
372
374
373
372
375
374
376
376
373
374
376
376
379
377
377
378
379
377
375
376
375
375
376
375
377
377
374
374
374
375
374
372
373
374
378
374
375
377
377
378
378
377
378
378
378
380
381
382
382
380
381
382
383
380
379
381
383
382
381
381
382
383
381
380
380
382
383
382
380
381
381
382
377
379
378
379
378
378
378
379
380
379
377
376
378
379
378
379
379
379
382
379
386
384
381
385
381
380
383
385
383
381
386
383
384
381
380
383
383
376
382
381
381
381
381
377
379
380
379
379
378
379
378
378
376
377
379
374
376
378
377
377
381
381
382
383
384
386
385
381
385
386
386
387
385
389
389
387
387
388
390
391
389
388
390
391
388
389
391
389
390
389
385
388
389
385
387
388
387
386
386
387
390
386
386
387
387
389
387
386
387
388
387
385
386
385
387
384
384
386
387
382
385
385
386
385
382
385
386
386
382
383
384
383
383
382
381
382
380
375
376
377
376
372
375
374
376
374
374
372
375
374
376
376
373
375
376
375
373
375
377
377
374
377
378
377
377
379
380
377
381
381
382
380
381
383
383
380
383
384
382
382
379
377
379
379
374
376
378
377
376
376
375
379
378
375
379
380
380
378
380
379
381
379
377
375
378
377
378
382
379
380
382
383
385
381
383
385
383
384
387
383
386
387
385
383
383
384
388
386
386
387
390
389
392
391
391
394
396
391
393
393
393
392
390
394
393
391
391
389
388
390
390
391
393
391
391
392
393
389
390
391
391
390
388
389
389
390
387
385
388
389
391
389
389
391
392
395
393
392
395
396
394
392
395
393
394
389
389
390
389
386
383
385
385
384
381
381
381
381
384
385
384
385
387
387
391
389
389
391
392
391
392
392
391
394
389
388
389
389
385
384
387
388
386
384
385
384
384
383
381
381
384
381
377
381
382
382
381
380
379
382
381
377
380
380
380
380
379
379
378
379
377
379
380
382
384
382
382
385
385
384
383
386
387
385
383
387
388
385
385
388
388
385
387
385
387
382
382
383
385
381
381
383
380
385
383
379
382
384
382
382
384
384
385
384
383
383
385
385
382
384
385
384
383
385
386
384
382
385
385
386
383
385
386
386
387
388
389
387
390
390
388
387
388
387
390
389
384
386
387
389
388
388
385
383
386
385
386
388
388
385
387
386
389
387
384
385
384
388
385
383
385
382
382
386
387
387
390
387
386
389
388
386
387
387
387
388
388
384
386
385
387
384
384
383
385
386
383
384
386
388
386
387
390
390
388
389
389
389
390
387
386
389
386
382
385
384
382
382
379
379
380
382
377
379
378
380
380
378
377
381
381
376
377
377
379
378
376
374
375
376
374
373
372
372
373
375
372
371
372
372
376
376
371
373
374
375
375
373
373
373
374
372
372
371
371
372
374
371
371
373
372
374
371
369
372
374
370
371
372
370
371
373
371
374
369
366
371
370
370
369
368
370
371
371
369
371
370
372
374
374
372
375
373
377
376
374
375
376
378
376
373
374
375
377
377
374
377
376
379
378
375
379
376
379
380
377
380
381
379
383
383
382
379
384
385
386
380
382
384
381
380
379
380
382
382
380
379
375
378
376
376
376
375
370
370
370
371
369
367
369
370
368
365
364
368
364
372
370
370
382
384
385
393
390
395
392
393
387
390
389
391
392
389
393
389
393
396
399
399
398
396
399
402
399
387
402
396
398
393
393
393
393
394
390
388
387
384
386
389
393
397
400
406
408
411
415
417
418
417
411
413
413
412
409
412
410
413
412
412
410
411
408
407
411
415
419
419
424
423
423
422
419
411
415
414
414
410
411
413
418
425
426
427
430
432
431
435
435
434
433
423
425
423
419
415
412
408
400
401
399
397
404
399
399
400
404
397
411
415
419
422
424
425
424
422
421
419
417
412
409
412
408
407
409
411
414
420
422
423
425
423
423
425
424
424
428
430
428
434
433
434
434
430
428
425
420
423
424
425
424
423
427
429
429
430
436
441
445
447
448
453
457
453
454
453
453
454
454
454
449
443
444
437
433
428
430
427
424
423
418
419
421
425
428
430
429
435
439
444
446
446
447
448
448
448
442
446
444
444
438
437
434
431
430
428
429
428
425
424
426
430
434
435
436
439
446
450
452
455
453
458
460
459
458
455
456
456
453
451
450
450
451
456
457
458
458
463
468
468
470
469
471
471
467
466
462
461
461
458
456
455
454
457
460
461
462
462
467
471
470
470
469
472
473
469
467
464
458
459
459
458
457
459
462
465
465
464
463
463
464
466
464
463
462
458
458
455
452
447
445
446
444
444
443
441
438
437
436
434
437
442
447
450
454
461
472
480
485
483
483
482
482
480
476
471
468
467
465
462
460
458
459
458
457
457
460
464
465
466
466
470
473
471
470
472
472
469
467
465
464
465
464
461
462
459
458
459
463
463
465
464
468
473
479
479
479
479
480
481
482
478
476
471
468
465
463
460
458
456
455
450
448
445
445
446
447
449
456
468
475
481
488
498
503
499
499
495
496
491
482
479
473
470
469
464
462
459
457
456
459
460
461
462
463
465
467
473
473
474
472
473
474
474
472
470
467
462
460
456
450
453
453
452
448
448
448
447
450
456
458
462
462
466
466
464
461
459
455
455
453
452
446
444
440
433
430
426
424
420
419
412
412
409
410
408
409
409
410
409
409
409
407
407
406
405
406
405
406
404
402
403
402
404
403
404
409
409
420
424
429
442
452
451
450
449
448
443
436
438
430
431
428
427
423
421
418
417
414
410
410
406
406
406
406
409
410
409
417
429
444
468
488
497
482
475
478
474
471
469
464
464
456
449
444
438
436
432
427
423
413
419
418
421
422
423
429
430
449
456
470
479
496
499
482
478
473
466
470
467
464
462
453
447
447
443
439
438
435
434
431
438
435
437
438
438
439
438
442
437
435
433
436
433
431
431
428
427
425
428
430
433
434
440
439
441
445
447
452
457
459
463
466
463
459
453
453
447
445
442
440
438
438
438
440
441
444
448
446
450
455
463
470
465
463
463
464
470
472
473
466
465
469
466
462
455
454
452
453
451
450
450
445
455
456
467
471
474
473
466
464
462
463
462
461
463
470
479
490
500
501
504
501
503
504
506
509
500
499
492
482
469
466
463
462
467
476
488
492
494
498
502
508
501
497
493
494
489
481
476
472
468
466
462
461
458
460
463
463
461
473
479
489
494
491
491
488
484
484
479
475
469
466
464
465
467
466
465
464
462
465
461
460
461
462
459
457
464
461
462
461
456
448
452
447
444
439
434
434
432
431
428
428
428
432
448
476
502
509
498
479
474
470
468
468
466
462
458
455
451
449
445
442
440
439
438
436
438
440
440
444
445
449
451
453
455
456
455
458
457
451
448
444
440
439
441
450
465
484
502
522
541
547
531
526
503
489
481
473
467
461
456
455
454
453
453
453
454
456
459
460
459
470
475
479
482
480
479
473
466
458
456
452
449
444
439
440
439
441
443
446
445
442
441
443
438
431
434
430
430
427
428
423
423
422
421
421
421
419
419
418
418
419
421
425
423
419
426
423
433
433
438
448
458
472
468
469
469
465
462
450
443
432
430
427
425
424
422
421
423
422
423
425
426
428
431
436
439
433
437
438
438
438
438
438
435
432
429
423
422
420
418
418
419
419
417
419
424
430
448
464
487
534
538
508
507
478
457
467
457
455
452
449
446
446
441
436
438
438
438
440
442
441
439
437
436
438
436
428
436
445
466
469
471
470
471
464
461
457
456
454
457
462
463
462
461
459
456
449
449
448
446
444
438
434
425
423
419
415
413
412
410
401
406
406
405
410
409
413
416
430
449
462
463
467
471
472
473
477
478
478
479
477
479
478
477
474
475
474
472
473
468
465
462
458
454
447
450
456
464
465
468
472
484
488
494
500
508
505
507
504
501
494
483
478
475
464
459
453
450
450
449
450
452
460
464
466
479
481
486
493
489
483
481
480
480
479
477
471
468
463
455
452
450
449
446
442
439
438
435
435
438
443
443
448
452
455
453
457
458
460
460
458
457
454
451
443
444
438
436
429
430
429
427
427
429
429
430
429
430
435
439
442
442
447
449
447
453
452
448
448
447
446
446
444
445
442
438
437
438
439
438
437
437
438
439
435
436
437
438
433
433
434
435
436
432
435
435
439
441
440
444
447
450
447
447
449
449
450
450
445
445
446
446
442
443
439
440
443
436
437
441
441
441
445
441
443
441
438
437
430
434
424
429
424
423
418
420
412
412
410
411
414
412
411
417
417
419
423
421
425
422
420
417
420
421
420
422
426
427
427
430
435
441
442
441
448
443
446
444
440
443
441
440
438
436
434
432
426
424
423
421
425
428
430
432
438
441
447
456
462
466
467
470
469
465
460
459
454
451
445
443
441
440
439
437
437
438
441
445
448
457
467
471
472
475
479
478
477
471
469
466
463
461
458
460
464
467
470
474
482
490
496
496
493
489
486
483
479
473
472
464
461
458
457
453
451
453
453
450
447
447
443
439
438
439
438
434
429
428
425
423
424
429
441
458
467
473
490
513
529
523
516
520
516
513
501
491
479
468
463
460
460
460
458
460
467
480
503
515
521
520
529
536
530
524
516
511
505
499
491
489
481
480
481
484
485
489
489
492
497
500
498
497
493
490
490
488
488
482
483
487
488
488
487
483
483
484
481
481
476
477
479
479
477
484
480
482
480
481
480
479
478
471
469
465
465
462
461
461
463
468
473
473
471
474
479
482
483
481
488
495
504
507
506
504
504
504
503
500
494
490
483
481
483
486
490
491
499
509
509
509
506
505
500
499
497
492
486
480
475
471
470
458
458
457
459
460
462
461
460
458
457
452
446
443
441
444
445
448
450
451
454
452
450
448
442
442
446
450
459
460
467
467
467
467
463
461
458
457
456
459
459
470
495
517
538
563
572
558
551
546
539
521
521
512
505
501
493
495
491
490
491
491
491
492
494
498
499
498
501
495
499
499
502
503
502
496
496
491
489
488
489
488
491
495
501
508
511
520
523
528
525
517
510
502
492
482
474
466
459
453
447
444
434
435
431
441
474
544
616
646
593
594
564
537
531
531
528
525
521
527
528
523
522
520
509
506
503
501
500
500
510
516
521
525
531
534
527
526
521
519
514
516
513
516
513
512
507
503
497
494
495
498
506
517
525
529
531