1107
993
885
936
1024
1013
948
995
992
873
895
903
896
991
1008
916
867
881
928
973
978
1020
1035
1032
1055
1021
1008
1012
997
949
958
1008
954
1011
1038
948
964
963
893
889
922
960
935
973
998
958
998
963
961
997
981
957
1010
1001
978
1065
1079
1036
1072
985
930
945
995
962
989
934
847
846
803
819
842
887
958
1037
982
1047
1057
967
985
994
990
976
1041
1076
1028
1058
1059
1037
1100
1073
959
937
916
882
929
1008
979
1065
955
955
941
879
902
979
999
954
1015
1081
1053
1063
1082
1039
1018
1054
1058
998
1003
1029
992
963
999
1101
1045
1104
1123
1058
1034
996
947
922
944
1021
992
1040
1169
1192
1046
1029
963
907
888
879
839
838
859
899
941
918
963
979
965
995
1026
1013
987
1023
1063
1040
1070
1085
1046
1091
1046
934
930
970
940
1016
1193
1089
1190
1225
1154
1193
1130
1089
1115
1036
1078
1129
1068
1133
1176
1106
1174
1150
1051
1091
1118
1027
1081
1125
1035
1065
1086
1030
1082
1089
1034
1067
1091
1033
1056
1080
1024
1045
1062
1027
1075
1114
1039
1066
1078
974
1016
1072
1001
1074
1093
1020
1067
1112
1109
1214
1193
1131
1122
1107
1061
1106
1132
1086
1173
1141
1081
1105
1099
1115
1178
1142
1062
1094
1105
1012
1030
1053
990
1058
1093
1000
1036
1062
988
1008
1062
1034
1056
1092
1021
1007
1014
1013
977
1033
1093
1049
1100
1122
1076
1103
1104
1050
1080
1108
1078
1123
1125
1034
1057
1072
1043
1053
1070
1007
1051
1136
1025
1086
1088
1018
1031
1063
1000
1042
1101
1012
1011
1035
1035
994
1020
1044
976
998
1021
989
1009
1040
1003
987
945
847
826
820
827
830
881
909
969
1050
1036
1076
1090
1008
1036
1059
983
1023
1046
1004
1048
1037
1004
1070
1103
1026
1047
1015
1015
1021
987
1007
1027
963
1006
1058
990
1043
1043
1021
1049
1019
986
990
937
969
1004
960
988
945
949
964
921
964
1008
934
958
977
964
1001
1023
971
994
962
934
967
1011
996
1044
1086
996
1026
1035
947
963
996
970
898
923
914
825
770
793
776
776
778
800
797
785
792
800
818
793
789
796
838
889
954
993
1012
1044
1039
1007
967
939
948
954
953
944
912
999
1087
1070
1000
1032
1044
991
1051
1021
979
1023
1014
903
902
889
853
857
887
959
914
979
1086
986
976
932
1036
1104
1065
1129
1111
1016
1057
1066
1020
970
995
1049
953
999
1026
981
958
1000
1060
987
1021
1064
1089
1123
1131
1052
1068
1099
1085
1145
1061
1017
1023
968
984
1016
1057
1024
1088
1137
1019
1055
1108
1134
1082
1132
1150
1108
1193
1230
1099
1096
1083
970
1011
1157
1088
1171
1251
1084
1072
1176
1200
1160
1237
1250
1129
1173
1199
1087
1110
1120
1056
1135
1140
1086
1109
1084
1040
1092
1085
1040
1069
1059
1018
1055
1052
1028
1041
1021
1007
1066
1047
1097
1179
1073
1108
1130
1065
1103
1133
1068
1096
1122
1110
1152
1090
1102
1103
1036
1083
1099
1020
1065
1080
998
1032
1048
988
1069
1117
1033
1068
1032
1020
1059
1090
1115
1210
1119
1150
1153
1078
1144
1171
1099
1124
1136
1092
1102
1057
1163
1211
1107
1151
1128
1117
1185
1146
1119
1148
1066
1129
1140
1058
1102
1085
1073
1183
1145
1156
1233
1121
1130
1139
1050
1100
1125
1071
1092
1094
1074
1136
1122
1125
1146
1097
1076
1103
1058
1067
1087
1040
1042
1077
1022
1000
1044
1055
1059
1133
1092
1121
1146
1100
1105
1052
1033
1087
1111
1034
1096
1078
990
1044
1042
983
1032
1069
1001
1070
1095
1056
1088
1052
996
1048
1029
1025
1063
1058
1034
1065
1062
1031
1083
1055
1052
1095
1059
1069
1095
1076
1068
1107
1052
1113
1113
1064
1121
1082
1057
1129
1116
1105
1180
1139
1065
1114
1133
1022
1037
1039
939
1009
1144
1071
1207
1239
1205
1201
1100
1147
1160
1121
1133
1082
1121
1127
1022
1081
1118
1073
1105
1117
1048
1067
1069
985
1027
1066
960
970
1011
972
1013
1062
994
1068
1121
1067
1059
1061
1017
999
1036
1008
993
1049
1073
1087
1114
1107
1114
1116
1039
1032
1093
1071
1083
1164
1136
1132
1169
1080
1088
1148
1054
1103
1132
1087
1122
1165
1091
1187
1162
1055
1091
1101
989
1055
1016
893
939
978
954
988
1077
1035
1111
1145
1043
1102
1131
1080
1108
1114
1089
1147
1145
1074
1090
1142
1051
1063
1086
1018
1103
1191
1088
1188
1192
1103
1139
1130
1100
1148
1071
1104
1161
1081
1093
1118
1015
1031
1063
986
907
909
894
860
859
854
828
821
813
791
740
745
736
735
723
730
738
773
788
816
866
946
923
938
998
1047
1015
1086
1103
1012
1069
1109
1021
1070
1131
1051
1087
1065
1022
1111
1130
1081
1176
1081
1041
1047
945
1012
1107
1156
1240
1145
1228
1249
1146
1184
1087
1103
1177
1099
1089
1100
934
898
887
835
838
849
878
875
940
1012
1017
1012
1050
1054
961
992
1054
1122
1063
1127
1208
1147
1197
1161
1062
1106
1134
1008
1006
1054
1017
1049
1220
1197
1197
1242
1129
1196
1153
1058
1137
1186
1041
1070
1104
1018
1090
1161
1122
1135
1163
1140
1195
1171
1102
1135
1113
1095
1153
1124
1092
1129
1112
1134
1193
1115
1170
1150
1073
1110
1092
1048
1119
1106
1104
1164
1114
1059
1112
1095
1094
1166
1149
1123
1154
1060
1119
1153
1072
1110
1107
1010
1074
1128
1029
1082
1067
952
992
1060
1020
1092
1127
1014
1056
1071
994
1048
1114
1054
1145
1159
1079
1123
1146
1046
1086
1104
1063
1113
1114
1063
1106
1108
1089
1160
1129
1106
1153
1069
1101
1148
1064
1131
1154
1040
1076
1091
991
1049
1087
1015
1041
1025
1021
1118
1119
1125
1165
1094
1145
1152
1103
1196
1238
1144
1165
1140
1083
1167
1153
1076
1136
1145
1088
1133
1132
1050
1092
1088
1066
1094
1070
1021
1052
1093
1067
1111
1121
1134
1129
1000
1062
1077
993
1018
1021
936
965
1005
967
1010
1008
879
903
900
843
835
793
794
777
774
736
738
727
729
719
709
709
721
748
777
877
1016
1070
1076
1137
1116
1028
1059
1064
963
852
785
818
854
1250
1253
1250
1245
1229
1229
1222
1206
1208
1200
1199
1184
1154
1163
1115
1104
1158
1180
1109
1193
1187
1142
1189
1072
1126
1168
1025
1094
1057
972
1066
1183
1171
1260
1262
1244
1251
1082
1104
1119
1028
1087
1130
1079
1094
1041
987
1021
1044
1018
1063
1084
1029
1022
976
989
1070
1124
1146
1231
1155
1201
1191
1158
1191
1102
1092
1104
1042
1112
1108
1052
1150
1141
1049
1098
1165
1054
1107
1054
901
915
952
905
997
1046
949
1018
1044
976
1014
1022
999
997
957
927
926
837
852
842
792
784
794
817
801
751
775
761
758
750
736
712
698
693
692
712
738
770
760
768
758
760
763
756
740
734
737
738
721
758
816
861
815
877
938
897
888
866
838
867
908
850
909
988
993
974
1047
1048
1146
1170
1165
1201
1133
1057
953
852
822
815
859
838
896
902
957
1022
1011
1018
965
932
947
900
935
994
946
988
1022
949
961
936
864
924
950
930
982
951
896
930
943
866
883
938
1057
976
1036
1054
1007
977
888
838
814
834
850
886
886
850
832
813
804
802
771
781
781
781
789
794
795
786
771
762
746
713
698
700
705
744
865
1035
929
834
800
762
721
695
690
672
660
655
661
665
709
728
770
767
748
769
798
829
842
785
749
747
745
729
702
696
688
675
660
657
659
676
706
811
927
979
967
946
1066
1172
1178
1080
961
849
858
874
886
960
1014
931
945
887
827
813
873
1027
1092
946
956
1058
1147
1193
1186
1181
1126
966
938
928
923
903
824
813
831
922
913
866
904
912
974
992
1021
936
835
847
873
890
896
832
836
859
929
961
993
1063
1077
988
949
889
824
835
769
746
729
713
711
767
822
849
881
877
954
986
1065
1112
1096
1084
1076
1044
1011
971
886
825
864
1004
1073
1073
1180
1246
1196
1091
1014
1015
1078
1066
979
1029
1098
1165
984
942
898
853
827
877
974
1104
992
1047
1159
1095
1044
1032
1006
914
909
958
1113
1176
1168
1073
1108
1158
1164
1139
1146
1173
1136
1086
1087
1085
969
976
1012
1110
1103
1169
1181
1109
1050
1068
1087
993
1063
1084
971
1015
1015
1032
992
1072
1092
1032
1103
1106
1044
1061
1053
975
985
1008
952
996
1045
1017
968
1021
1085
1032
1102
1169
1111
1143
1169
1103
1126
1077
957
964
916
807
813
817
883
1004
951
1010
1067
1008
1014
1014
982
908
920
938
963
960
938
944
968
1023
1043
968
988
1017
978
856
835
844
897
1077
1203
1182
1133
1065
947
909
924
962
1025
1085
1200
1212
1158
1209
1236
1176
1039
1055
1070
979
1003
1049
1067
977
1012
1103
1128
1069
1132
1101
1045
1064
1068
925
837
845
854
851
918
941
933
831
822
819
772
756
746
750
758
763
767
762
746
729
722
711
704
699
692
683
674
663
659
652
648
646
641
637
634
631
630
630
630
631
643
659
688
721
807
876
906
925
903
849
816
781
747
692
542
760
714
708
715
713
694
695
686
678
666
631
627
625
617
623
637
634
668
665
693
713
741
736
740
702
688
689
680
700
711
705
712
734
730
725
716
710
700
688
674
659
647
635
624
617
613
607
597
584
580
581
575
570
642
704
821
879
886
872
852
818
824
840
836
831
807
790
805
836
862
908
1007
975
980
1039
903
864
897
876
920
1105
1113
1143
1068
1085
912
917
868
832
801
780
772
771
789
793
774
754
743
733
729
719
719
740
752
747
756
790
753
856
879
932
975
992
1001
963
935
922
824
831
852
815
785
835
853
924
1000
1011
972
1007
964
961
941
933
845
802
805
770
759
741
712
707
696
685
676
666
660
647
640
633
627
624
617
615
612
615
623
623
635
644
664
706
746
768
871
943
912
905
882
873
854
841
784
764
756
751
739
730
740
776
804
818
788
760
754
743
725
712
705
700
692
687
682
674
669
672
680
691
696
693
688
682
677
667
661
665
671
698
723
760
750
726
728
720
709
701
705
707
707
711
706
701
698
696
710
720
741
768
790
760
767
790
795
747
727
711
705
685
671
661
654
654
655
665
682
711
717
736
780
846
792
795
805
830
829
803
775
750
717
701
689
688
694
717
750
876
975
1042
1028
1064
988
958
881
804
772
749
743
741
736
705
695
678
665
657
658
655
655
643
646
665
675
726
809
888
919
850
889
873
784
765
733
704
687
666
649
637
642
647
647
661
686
693
714
745
724
709
703
693
678
668
653
650
636
627
635
646
684
695
730
770
769
771
780
774
777
765
757
761
722
736
718
722
719
740
737
761
762
756
772
786
781
834
854
873
858
761
717
697
672
642
629
615
601
584
577
578
560
563
545
547
535
524
530
516
508
510
498
500
495
485
482
486
473
470
472
465
460
461
452
456
446
442
446
441
442
431
432
434
431
431
432
430
423
423
428
426
432
428
421
426
424
426
424
433
427
421
424
422
423
424
429
426
418
421
420
421
416
424
420
423
411
413
414
412
416
408
418
413
408
404
405
409
406
409
403
407
406
407
402
397
402
400
400
400
402
398
404
400
402
401
397
396
396
400
399
399
397
403
401
403
398
399
400
401
400
400
405
402
401
401
406
405
396
400
399
400
400
402
399
404
402
405
400
398
401
400
402
401
403
402
401
401
400
399
401
400
400
401
402
401
397
402
401
399
394
396
398
395
397
396
398
394
398
393
396
394
394
395
387
390
390
390
387
391
389
390
387
388
387
392
389
392
391
392
394
391
387
389
392
389
393
391
394
392
394
396
391
392
393
395
395
396
395
399
397
399
397
399
393
396
397
397
399
397
400
396
403
403
394
398
395
400
397
397
397
401
402
396
395
397
396
395
396
396
395
392
399
397
393
390
393
390
391
392
392
392
391
391
389
394
392
396
389
389
388
388
388
385
393
385
390
387
393
385
389
388
392
392
385
385
387
385
386
387
387
387
386
390
385
389
387
388
387
389
386
383
385
386
385
383
388
382
387
384
385
385
384
383
388
382
384
383
383
384
378
381
381
383
379
382
381
383
381
383
382
383
383
386
385
387
385
385
386
386
380
384
386
384
384
386
386
386
387
381
391
383
388
386
389
387
380
385
385
385
388
389
389
389
390
389
384
387
389
388
388
389
392
386
391
389
393
388
396
390
390
389
386
387
389
387
387
390
390
393
393
390
391
394
394
392
393
395
390
388
392
390
393
390
394
393
393
394
395
392
399
396
396
398
391
394
392
394
394
393
394
395
393
395
393
396
394
397
394
394
393
394
393
391
395
391
393
392
396
389
396
391
394
392
391
387
391
392
390
393
391
392
394
396
392
395
396
387
392
391
390
389
391
391
390
391
393
390
393
392
388
386
387
387
385
387
385
387
386
388
384
385
384
385
382
386
380
383
381
385
384
382
380
380
381
380
379
378
385
380
382
381
384
381
385
383
381
380
387
378
385
383
384
380
382
384
382
378
381
381
380
378
380
381
377
380
380
378
379
383
380
383
379
383
381
382
381
383
381
383
380
382
379
382
379
383
379
385
379
384
384
382
381
381
384
381
380
379
386
382
385
382
385
385
384
382
383
383
383
382
384
381
385
381
385
385
383
379
382
382
382
382
382
386
382
386
385
389
386
390
385
388
386
389
388
385
387
390
386
386
387
382
387
386
386
385
386
387
388
387
388
386
387
386
388
385
389
387
388
386
387
386
385
381
381
381
381
384
381
383
380
384
381
384
380
383
381
386
379
383
382
385
380
385
384
384
383
388
385
385
386
385
386
384
389
386
389
387
389
387
389
387
391
385
392
390
390
388
390
385
382
385
384
382
382
382
381
381
383
382
381
382
380
384
383
383
384
382
381
383
386
382
380
381
384
383
386
382
387
385
384
384
387
382
386
382
385
382
385
382
384
381
383
383
379
379
382
378
380
380
383
378
381
385
383
381
383
387
385
389
384
390
390
388
389
391
390
395
395
392
392
393
393
392
394
392
395
393
394
391
393
390
394
779
388
392
390
385
384
385
384
384
379
381
384
381
378
383
381
381
383
383
385
387
389
389
392
391
394
396
396
399
399
402
402
405
405
409
411
413
415
417
419
422
424
424
429
430
434
434
438
441
441
444
442
443
443
442
442
440
438
439
439
441
446
447
453
456
458
462
460
466
467
467
469
470
473
471
477
478
478
480
479
480
482
484
485
487
492
493
491
491
492
495
492
492
498
501
497
504
504
506
507
508
508
512
513
513
517
517
519
521
522
521
527
526
526
531
527
525
529
528
526
523
523
523
520
523
521
524
525
525
526
526
529
528
526
526
527
525
521
518
518
513
517
519
522
528
532
538
543
550
545
545
545
549
547
546
548
549
549
553
549
554
549
547
545
542
539
540
535
539
535
536
534
533
534
533
535
537
536
542
546
547
549
550
551
548
548
543
544
544
546
544
547
544
541
538
537
533
537
539
541
544
552
554
556
559
560
562
562
562
560
559
555
554
554
554
553
554
555
559
559
563
563
566
566
572
571
573
575
575
572
574
576
573
573
571
569
565
567
563
565
560
563
560
559
556
558
556
560
563
568
573
578
581
584
586
587
582
584
579
581
576
575
573
573
571
571
566
563
562
566
565
566
569
574
570
571
572
574
572
574
576
577
579
581
580
584
585
583
583
579
584
579
580
577
578
573
573
568
570
568
573
571
574
574
573
570
568
568
570
570
571
570
572
572
574
574
572
572
570
571
569
569
570
571
569
570
568
573
571
574
574
575
573
574
572
571
565
564
561
562
561
567
567
571
576
583
586
594
594
598
594
594
588
579
577
570
564
557
565
548
540
548
536
534
528
521
520
517
512
503
510
499
490
501
489
484
482
482
479
470
466
466
462
458
453
449
448
444
448
442
438
437
431
433
431
434
428
433
432
429
419
421
422
420
424
421
423
423
425
423
419
422
424
427
427
432
433
438
429
433
436
438
438
438
441
439
437
437
437
440
436
441
438
437
433
431
428
429
428
424
425
423
426
426
415
416
415
415
412
414
409
410
409
411
406
407
406
406
400
399
400
400
395
396
396
394
390
392
394
390
389
391
395
393
391
394
396
391
394
396
392
395
396
398
396
396
401
399
400
400
400
398
400
399
399
398
399
396
399
396
400
396
399
396
398
396
399
394
401
394
399
399
398
398
403
399
400
401
401
402
404
403
403
406
402
401
403
404
402
404
402
403
402
404
402
403
400
399
399
398
397
397
396
396
393
394
391
392
388
390
387
387
386
386
384
384
385
382
384
384
383
385
383
384
381
384
382
382
382
384
383
381
384
389
381
387
387
385
388
391
390
388
391
395
390
395
396
394
396
397
399
396
400
400
401
400
399
402
401
400
397
399
396
398
395
396
393
392
389
394
389
389
388
391
385
389
386
389
386
387
384
389
385
388
385
389
387
388
387
389
389
389
389
391
390
391
390
392
390
392
390
392
389
392
391
391
392
392
392
393
391
396
391
394
394
394
393
396
393
397
394
397
394
398
394
398
396
400
399
401
403
402
399
402
406
406
409
409
411
410
416
412
417
414
415
416
412
408
409
412
413
414
413
417
416
418
418
414
413
414
414
414
417
415
421
419
419
422
419
422
421
424
422
429
426
430
419
425
424
424
425
419
420
421
421
419
417
415
410
413
409
412
412
413
412
413
413
416
412
413
410
412
412
409
414
413
414
410
415
413
418
413
411
412
410
411
410
408
410
411
408
413
408
413
409
413
407
405
406
404
404
404
406
403
407
405
406
404
406
402
404
401
403
402
406
402
403
401
402
402
401
405
404
407
409
412
413
417
419
422
424
424
425
427
428
431
435
434
435
435
438
436
438
438
439
441
439
438
440
438
438
435
435
435
433
435
432
434
432
435
437
438
438
442
443
442
444
444
443
446
448
447
448
449
447
451
454
453
457
454
457
458
458
459
462
464
467
468
471
474
475
479
481
484
485
484
490
489
489
493
493
490
491
489
488
495
493
494
496
495
500
497
497
496
495
495
493
491
494
493
492
491
497
498
501
503
501
505
503
501
498
497
499
497
496
497
497
497
500
501
502
499
498
496
494
490
487
484
484
485
483
485
490
493
497
501
506
508
511
510
510
508
506
504
505
503
503
497
497
503
503
503
505
505
504
507
504
506
505
508
509
512
511
512
510
510
511
505
503
503
503
504
507
507
510
508
510
509
508
512
510
514
514
515
512
513
513
509
510
505
498
498
498
493
494
489
492
489
487
486
484
482
481
479
479
482
481
485
486
487
491
493
494
494
499
501
500
503
504
506
506
508
512
508
506
505
505
506
507
506
513
513
515
516
517
513
512
513
509
509
508
509
509
506
510
507
508
509
507
506
505
505
504
504
505
504
503
498
506
503
503
503
501
500
498
496
493
492
491
485
486
490
492
494
496
494
499
497
499
499
501
497
503
502
500
502
505
511
510
512
512
514
515
510
510
514
513
514
515
514
514
514
512
514
512
512
510
512
510
510
507
505
502
497
500
496
489
493
494
495
497
495
497
496
500
501
499
507
503
508
515
515
517
521
521
522
525
519
522
522
523
521
520
523
517
512
521
518
520
520
516
514
515
510
506
508
509
510
510
508
512
510
509
504
505
507
507
508
502
500
500
502
498
492
493
494
495
500
490
491
492
492
497
490
487
487
486
488
478
479
479
476
479
479
470
466
466
468
465
463
461
461
459
459
463
460
465
459
460
460
458
467
461
464
460
461
462
463
470
464
465
463
465
467
468
470
458
459
461
459
463
462
456
454
453
458
453
459
451
450
449
447
450
448
446
443
443
443
442
445
445
443
440
441
441
440
443
442
447
444
446
441
442
444
442
445
444
449
440
441
441
440
442
443
446
445
441
443
442
443
441
446
444
440
437
435
439
436
438
438
438
434
436
435
434
437
436
439
441
436
438
438
442
441
446
447
444
444
445
448
450
452
453
450
452
449
457
454
452
453
452
453
451
454
448
447
446
445
449
448
449
442
442
444
440
445
443
441
432
434
435
431
434
433
434
430
429
430
428
432
429
434
434
429
427
431
430
431
435
433
437
436
432
435
435
436
436
438
438
436
438
437
438
440
445
433
438
438
435
437
436
439
433
432
431
434
432
430
434
431
435
427
428
426
426
426
424
426
424
426
422
425
421
416
418
417
419
417
420
416
422
417
415
416
417
410
412
410
408
410
408
410
407
410
407
408
408
407
407
410
409
411
410
411
411
416
408
412
411
408
413
413
415
415
418
416
417
414
418
412
418
414
414
416
417
410
411
413
411
412
407
413
410
411
409
412
407
413
409
413
409
410
408
409
409
404
404
406
397
401
401
402
399
401
403
400
401
400
398
399
400
396
399
396
396
396
396
396
397
394
398
396
396
395
397
396
396
394
399
393
397
395
396
396
396
396
396
394
396
395
395
394
395
394
397
394
395
393
398
393
395
392
395
396
395
395
394
393
393
394
394
395
394
395
392
396
393
395
391
394
391
392
391
390
386
391
388
389
388
387
386
387
384
387
383
386
384
385
384
385
381
385
383
384
383
382
382
384
382
382
381
380
381
381
379
380
379
382
380
381
381
381
381
382
382
381
383
386
381
383
385
386
384
382
388
384
386
383
388
384
385
385
388
385
386
386
387
386
387
385
392
388
390
388
392
389
390
390
392
387
392
390
391
390
391
394
387
390
394
387
389
391
390
390
392
388
391
390
389
388
386
387
385
387
383
382
382
382
381
380
379
381
376
380
382
375
378
381
378
376
378
377
381
376
381
376
380
378
381
378
382
377
378
376
375
374
377
373
375
371
373
372
374
371
373
372
369
371
374
374
373
373
372
377
374
376
372
376
374
377
372
379
371
377
374
376
373
373
373
376
374
374
373
373
372
375
374
374
373
375
373
373
374
375
373
374
372
373
377
371
376
373
374
373
377
372
375
371
377
373
375
374
375
372
375
372
372
369
372
370
371
370
368
372
373
369
368
372
367
370
364
370
364
368
364
365
363
365
360
363
361
362
361
364
364
362
362
359
363
362
364
362
363
362
362
361
360
360
366
361
359
365
358
364
359
364
359
359
359
358
358
362
358
356
361
354
362
357
361
357
359
359
359
359
365
361
362
364
362
365
361
367
363
367
368
366
366
366
366
365
368
365
365
371
365
369
371
369
370
372
368
370
373
368
372
369
371
367
368
368
366
365
364
364
365
365
362
363
359
368
359
363
360
362
360
363
358
360
356
360
356
358
358
355
354
356
355
352
356
352
354
351
354
351
350
352
351
350
349
351
345
350
348
348
344
347
345
344
348
344
345
343
344
342
344
343
345
342
347
344
340
343
341
343
341
341
339
341
341
342
343
337
343
339
340
338
343
341
336
338
337
341
337
338
336
341
337
332
339
334
337
334
339
333
338
337
331
339
334
339
333
336
337
336
667
674
336
335
337
340
334
335
336
338
335
333
337
334
336
333
334
335
335
333
336
333
335
335
331
335
333
334
334
332
335
333
334
332
334
334
332
332
337
334
331
335
334
334
331
337
333
337
338
333
335
336
338
336
335
340
338
338
337
338
338
338
337
338
337
340
340
340
341
336
343
340
340
337
342
339
340
342
335
340
338
341
338
338
343
338
337
337
339
337
337
335
336
334
342
335
671
332
336
333
335
333
336
334
333
333
330
334
333
330
337
330
332
327
335
330
330
332
330
331
329
331
330
328
331
328
331
332
332
328
328
330
334
329
330
331
330
331
333
329
330
332
330
330
331
333
330
334
335
330
335
332
335
333
333
332
336
335
333
334
333
336
333
334
334
333
335
338
334
332
338
332
335
332
335
332
333
338
332
332
332
334
332
331
332
332
330
333
329
329
332
329
330
329
335
330
326
330
332
330
327
332
330
327
331
327
330
328
330
328
328
333
328
327
329
330
330
326
332
330
328
324
331
327
327
329
326
328
328
329
326
327
327
325
326
332
326
323
654
327
324
331
326
322
328
325
325
324
326
326
324
327
323
325
323
325
323
325
326
320
326
323
325
320
324
327
318
323
322
323
322
322
325
320
320
316
324
321
320
321
324
320
318
319
322
319
319
322
323
313
321
318
320
319
319
321
317
317
317
321
317
317
322
318
315
315
320
316
319
317
319
318
315
319
317
317
319
321
318
314
320
318
317
318
317
320
319
318
317
319
319
318
316
323
319
313
319
320
315
316
320
317
316
318
316
317
316
317
319
314
321
315
317
314
318
320
317
316
313
320
316
318
319
317
315
315
319
318
317
315
317
321
313
320
315
317
316
316
321
314
315
317
317
316
318
319
313
317
316
317
316
315
320
316
316
313
317
315
314
317
317
313
313
318
313
313
315
315
312
312
315
313
312
313
313
311
313
313
312
310
313
312
313
310
313
311
310
313
312
309
311
313
311
310
316
309
311
310
313
310
313
314
309
312
309
313
311
312
315
309
310
312
313
312
311
315
309
311
313
312
312
311
315
309
309
313
313
311
313
314
308
311
311
313
310
313
313
308
311
309
312
310
310
314
307
309
308
313
308
311
312
306
307
308
311
308
311
311
304
310
306
310
309
311
308
305
312
305
308
309
307
308
311
310
612
310
308
307
313
308
304
312
306
308
312
309
307
307
312
307
307
310
306
309
304
308
307
308
308
305
305
307
306
306
306
311
300
613
306
304
307
308
301
305
307
305
306
301
311
301
303
303
308
303
302
306
302
305
302
309
303
301
306
304
304
305
306
305
304
307
301
304
304
303
304
303
303
306
304
303
301
309
304
304
308
302
302
302
307
303
304
307
302
608
304
301
304
302
306
304
300
307
304
298
609
303
303
306
288
316
312
303
306
304
305
305
299
309
304
306
309
304
301
302
307
305
611
604
305
305
302
612
303
305
302
305
303
606
300
305
613
907
302
772
732
348
3881
305
302
300
303
304
314
292
301
301
303
300
300
304
300
300
305
300
302
299
306
297
300
302
299
302
299
302
299
300
302
300
299
298
301
299
302
302
296
300
301
301
299
298
305
297
302
297
305
300
297
302
298
299
302
302
300
296
302
299
300
299
302
298
299
299
301
298
300
297
302
299
300
301
299
298
300
299
297
301
302
296
297
300
299
298
300
303
296
300
297
301
297
299
302
296
299
298
300
297
297
298
296
299
299
298
299
301
298
598
298
298
298
300
298
299
299
301
297
300
600
300
301
300
298
297
300
301
298
299
304
299
300
596
299
296
306
295
297
298
300
297
297
303
295
300
295
300
298
296
297
297
296
298
300
298
295
300
297
297
295
301
295
297
596
298
296
295
300
294
601
294
300
293
296
297
593
294
592
299
595
1191
335
263
294
303
594
596
295
396
501
730
455
301
997
497
596
298
293
294
290
804
719
628
935
584
399
1878
887
1485
358
354
720
957
597
2380
466
8045
1659
1169
896
882
872
908
1821
1355
881
892
846
2405
317
318
1064
679
325
3366
324
324
410
561
648
326
325
325
325
328
327
325
328
328
328
328
327
333
330
332
334
334
337
335
335
339
339
339
340
341
343
340
342
346
344
347
347
347
348
352
349
351
352
353
352
353
355
355
355
361
360
362
364
365
366
369
369
371
372
374
374
374
375
374
374
373
375
373
376
377
379
382
381
382
386
387
387
387
389
390
391
394
392
395
396
393
397
396
394
396
396
396
396
399
398
400
399
402
404
401
406
406
407
412
406
411
412
411
416
413
418
418
418
424
421
428
427
432
433
434
436
435
437
438
437
438
437
436
433
429
429
427
427
425
428
427
429
431
428
431
428
430
431
429
433
430
432
433
433
438
435
438
437
439
437
438
438
438
439
437
438
438
438
438
437
438
434
439
435
438
438
438
443
439
445
441
443
441
443
442
442
442
442
445
442
446
446
448
449
454
449
455
457
454
459
455
460
459
458
461
458
462
458
462
464
461
462
463
465
465
463
465
463
465
466
470
467
469
471
468
472
475
471
471
474
470
469
472
466
470
469
471
472
473
475
478
477
478
481
477
481
483
480
481
483
479
480
482
479
483
480
481
486
481
483
481
482
486
480
483
484
485
482
480
481
481
481
480
484
477
482
481
482
486
484
485
486
482
483
483
479
483
482
483
483
485
484
483
483
484
482
481
481
479
479
481
479
483
479
480
479
479
479
478
479
482
480
482
484
482
483
485
484
484
482
480
484
480
481
485
482
486
485
487
487
488
487
488
486
483
484
481
480
479
479
484
481
484
482
483
484
483
486
484
489
488
490
489
489
489
495
491
491
489
490
489
488
490
488
490
490
490
493
492
491
492
492
491
490
487
486
485
484
489
487
489
489
489
490
489
490
493
489
492
491
492
493
492
490
489
493
490
492
493
493
492
494
492
494
496
494
496
497
497
496
495
498
500
500
503
502
502
504
505
507
505
507
1006
505
505
506
509
509
508
510
509
512
508
513
510
509
511
512
510
511
515
511
514
514
513
512
514
510
511
509
508
510
511
512
516
513
513
518
514
519
518
520
520
521
520
521
521
521
521
519
524
524
527
523
525
525
526
523
522
521
520
519
520
517
518
518
517
520
516
517
516
517
515
515
515
518
514
517
515
517
517
516
518
520
520
521
521
522
525
524
528
525
529
526
528
526
527
523
526
524
521
523
521
523
524
528
526
530
532
532
532
536
535
537
537
536
538
537
536
534
533
532
529
528
523
523
521
521
521
523
524
525
532
534
536
536
538
536
535
528
536
530
529
531
529
531
529
532
530
530
527
525
524
521
520
517
519
515
520
518
521
521
521
524
526
529
530
531
532
532
531
533
529
530
529
528
523
522
520
520
519
521
519
522
521
525
527
526
531
532
532
536
535
532
535
535
532
532
532
531
532
531
531
530
527
525
523
523
524
523
525
525
528
527
528
531
531
531
528
529
530
527
529
527
527
528
527
530
528
532
531
533
532
534
532
535
533
535
536
534
534
533
532
532
534
532
533
533
533
534
534
535
534
533
534
531
532
530
529
529
529
528
532
531
534
534
532
538
537
538
538
537
538
539
537
538
538
537
537
539
535
539
537
535
535
535
533
537
535
538
539
536
542
539
540
540
538
538
537
535
536
536
534
536
537
534
537
536
536
537
537
534
534
530
529
525
525
521
521
519
520
521
523
525
529
530
531
538
537
539
540
540
540
542
540
540
540
539
540
540
540
543
541
541
541
542
542
542
542
544
545
548
548
549
548
549
548
549
546
548
547
550
549
551
552
553
554
554
554
555
553
554
552
552
553
553
552
555
555
553
552
550
547
544
541
542
538
539
538
541
540
544
544
545
548
547
546
548
548
546
545
545
544
546
546
548
550
551
554
556
555
557
557
559
561
561
563
563
567
567
570
568
571
571
572
570
572
572
571
569
570
571
570
568
568
568
568
565
563
561
557
555
550
550
550
549
549
548
549
547
543
542
543
543
543
544
547
545
549
548
551
549
554
551
553
551
553
550
549
550
551
550
553
553
556
553
557
553
552
553
553
552
554
554
555
553
553
552
551
550
548
548
547
547
549
547
550
548
549
549
554
554
558
559
561
561
556
563
557
556
557
554
555
555
554
554
552
553
551
552
552
549
555
553
555
552
557
559
560
563
562
562
563
562
561
562
555
556
550
548
546
543
542
541
537
537
535
536
537
537
537
537
538
537
542
544
548
546
551
552
554
552
552
552
548
550
547
545
547
546
548
546
551
556
558
562
563
568
566
567
568
569
565
566
563
563
556
555
552
548
549
553
552
558
558
561
564
564
567
567
568
566
567
568
565
565
563
563
563
562
562
565
564
566
567
566
565
563
562
559
559
557
558
555
556
552
551
547
548
547
550
552
553
558
563
565
567
572
573
573
571
572
570
571
571
568
570
568
569
566
566
565
562
560
557
559
557
559
559
562
561
563
562
567
566
569
567
569
567
569
571
572
574
575
577
578
578
577
577
575
575
574
576
572
576
572
571
569
568
568
566
567
568
568
569
572
573
572
575
579
580
580
578
582
578
577
572
569
563
559
555
552
552
552
553
559
560
563
563
568
568
568
567
567
565
565
566
567
564
566
566
566
565
563
565
563
564
563
563
563
563
563
565
565
565
566
566
567
567
566
567
570
573
571
577
578
579
576
579
581
579
580
575
578
574
574
571
571
569
571
574
577
578
582
589
590
592
591
595
590
589
585
583
580
579
575
571
570
569
567
573
573
580
578
584
590
588
591
585
587
582
583
578
574
571
568
571
573
574
579
588
588
588
588
589
584
579
577
574
576
577
576
581
583
587
589
588
589
588
587
585
586
584
582
580
578
576
575
576
578
581
581
583
582
584
583
580
579
576
574
574
570
575
571
571
571
567
571
569
567
572
568
567
560
562
556
557
550
552
548
547
542
543
531
530
566
578
576
590
602
585
587
589
597
597
598
600
599
597
592
579
586
586
582
581
579
579
578
561
580
569
573
578
574
601
591
608
621
636
638
633
641
636
628
630
622
617
622
625
620
642
646
659
663
666
662
651
655
652
631
641
621
637
626
628
627
628
628
633
635
635
638
639
639
635
634
635
632
627
624
625
626
629
628
637
629
624
634
627
650
663
671
644
664
649
647
638
643
633
641
639
640
637
626
636
628
631
630
628
626
622
617
613
591
595
593
589
591
602
613
620
624
617
620
611
619
626
628
631
630
632
631
624
623
618
620
621
626
628
628
625
623
619
622
622
628
637
649
637
648
633
642
640
639
636
632
626
610
614
609
611
611
619
640
662
684
697
703
688
688
693
674
686
674
669
666
654
647
642
636
637
643
650
653
662
677
685
688
686
700
702
707
698
697
697
691
689
682
680
674
679
683
692
690
706
715
700
711
713
720
712
716
719
700
708
699
697
694
692
669
678
654
668
657
658
648
646
646
646
643
646
654
658
667
672
685
686
699
705
711
709
715
726
720
724
721
728
719
722
721
725
710
715
717
715
720
724
737
720
734
738
732
735
730
733
728
729
734
718
725
722
717
719
713
716
704
710
717
712
723
728
734
719
727
728
730
729
732
745
752
752
755
756
742
748
746
744
735
737
743
740
751
752
759
743
747
747
740
746
744
750
736
744
743
751
734
742
729
724
703
703
694
684
680
668
671
668
672
668
672
676
682
686
690
696
699
688
692
692
691
686
684
683
683
686
687
682
686
688
691
692
689
696
696
689
691
683
683
678
678
672
675
680
686
695
691
694
701
709
701
706
716
723
708
711
713
717
719
712
710
709
712
701
705
703
708
711
711
711
720
715
711
707
711
702
709
708
714
706
713
715
722
711
715
718
717
708
707
708
704
697
698
708
717
720
729
743
744
741
734
730
716
718
716
712
705
709
711
704
704
706
721
734
731
738
739
742
727
728
725
720
719
717
722
723
711
721
723
729
738
731
737
733
736
729
737
733
735
729
733
733
743
745
735
741
743
750
735
738
731
732
728
729
729
742
743
748
752
762
746
748
746
747
735
739
738
741
733
739
742
746
729
731
731
734
723
726
727
725
722
719
724
725
718
715
718
706
715
713
720
722
727
727
732
727
733
732
736
734
731
730
732
738
728
729
725
724
713
715
714
723
722
732
741
750
746
746
749
730
731
723
717
703
705
705
702
699
702
722
736
738
751
761
771
764
773
771
766
760
760
770
767
770
764
771
763
759
749
753
742
745
741
745
734
740
743
758
748
754
755
769
759
770
770
771
757
763
757
758
742
747
746
754
744
756
765
763
751
753
763
744
734
709
712
706
708
706
723
727
729
710
685
693
681
672
668
660
666
674
684
691
696
699
708
704
715
720
719
712
704
690
680
672
651
656
643
647
656
672
686
687
675
682
671
668
667
673
674
678
684
691
701
704
711
691
699
700
716
722
708
720
715
710
709
700
695
688
679
678
680
682
687
692
693
696
700
699
702
700
706
709
717
704
710
707
707
727
741
777
789
761
766
760
753
751
745
727
732
719
717
715
707
699
688
684
672
673
667
662
661
657
648
644
650
646
653
674
689
703
711
704
716
735
753
767
775
768
745
739
734
732
734
719
723
722
733
724
736
746
763
742
758
769
772
769
774
779
782
761
765
766
758
759
758
764
752
763
762
763
746
754
746
722
725
719
720
721
728
745
746
746
744
742
725
723
719
717
707
716
725
741
750
759
768
736
732
726
729
698
717
711
724
725
748
769
775
775
770
765
757
754
735
732
728
720
716
721
726
725
728
735
735
736
732
724
719
713
723
724
718
722
743
737
741
743
766
741
755
758
768
758
756
758
740
748
744
746
731
735
735
736
726
728
729
721
707
700
704
716
713
732
750
770
752
767
772
775
760
764
766
756
755
747
725
719
712
709
712
719
734