677
671
668
649
627
623
640
640
656
676
675
673
677
693
714
771
726
720
717
658
676
641
658
648
632
655
671
657
672
756
770
789
703
711
731
747
758
718
738
795
764
727
742
759
768
711
662
657
650
632
609
630
616
600
601
674
771
783
792
767
761
754
706
725
747
767
763
696
711
743
766
775
724
688
693
702
690
672
720
760
723
673
669
674
648
648
663
677
677
652
632
621
618
612
646
664
888
923
802
719
764
796
818
728
810
906
935
887
943
890
863
900
845
801
761
711
726
793
828
854
741
766
769
813
850
729
739
758
713
693
696
740
766
726
714
666
647
654
664
681
718
790
815
810
746
745
747
768
779
766
755
734
719
708
648
672
671
743
857
863
845
833
711
710
715
711
664
656
660
667
698
714
716
668
673
653
675
681
689
713
765
798
827
708
676
687
683
697
688
729
749
779
774
744
767
772
789
809
758
783
748
707
680
656
675
789
877
823
832
816
843
833
741
703
706
729
711
715
696
677
632
636
633
609
590
586
587
640
658
685
767
740
751
747
713
746
771
774
702
731
742
737
744
755
818
820
876
859
760
796
798
814
737
808
827
770
825
831
830
792
771
763
722
734
747
693
701
688
673
687
718
698
688
730
707
724
660
677
682
693
710
704
712
703
707
686
675
705
723
704
695
702
722
727
690
665
648
628
598
596
593
595
591
617
625
670
740
753
711
669
647
644
646
650
635
669
847
767
720
749
776
743
732
755
782
804
782
741
737
719
719
727
730
707
765
790
859
748
771
771
781
781
771
734
719
693
659
648
647
650
710
804
833
801
694
686
689
708
726
719
672
687
703
749
724
696
676
724
781
821
820
794
732
760
761
782
759
699
697
676
653
637
619
596
604
602
585
584
619
712
663
646
660
681
680
683
678
676
624
627
626
650
708
688
740
739
755
759
688
709
693
693
712
719
770
769
696
695
676
685
689
691
672
699
685
704
724
748
718
746
759
776
791
768
706
718
674
679
683
696
731
747
733
728
705
659
672
647
654
672
688
705
719
680
703
693
702
722
704
707
672
659
655
641
634
627
647
686
750
794
765
728
745
745
733
688
698
691
695
672
638
609
608
616
601
586
589
602
672
799
768
742
770
777
769
712
758
780
719
772
720
839
849
828
804
770
687
692
647
672
656
714
904
962
924
866
821
812
799
812
767
797
781
813
793
769
777
763
791
823
776
818
810
804
765
777
780
735
767
796
850
767
771
792
779
712
696
695
693
682
664
690
728
682
648
624
625
617
619
600
593
595
653
778
772
750
693
663
652
630
630
627
644
662
684
682
668
680
669
722
743
740
752
727
726
716
725
709
703
690
695
692
692
694
668
672
660
656
639
640
653
641
701
676
738
740
767
785
705
750
699
721
707
717
723
730
731
725
700
664
670
688
720
754
702
671
659
649
658
671
686
688
694
685
670
676
685
677
688
691
677
633
624
640
625
598
584
582
574
573
576
616
763
783
755
694
706
688
709
720
725
747
725
700
666
641
640
647
662
712
761
754
719
705
703
685
656
644
632
646
675
743
774
781
745
685
683
685
690
694
679
654
633
629
668
749
795
791
806
704
722
710
707
715
722
694
663
634
631
623
600
590
585
592
666
785
791
776
744
725
706
671
651
642
621
621
640
696
829
813
815
780
750
712
693
695
716
738
738
742
730
704
695
663
699
722
718
661
683
709
743
764
759
740
722
710
702
670
674
655
648
653
685
751
759
741
733
717
682
644
634
638
625
608
597
600
625
664
688
707
693
670
640
655
655
673
678
688
701
666
632
650
651
696
713
699
658
646
632
625
625
627
643
683
713
743
705
699
702
709
703
717
722
729
718
724
726
702
672
652
638
613
618
613
618
628
645
647
637
614
614
608
611
619
621
628
626
635
628
610
591
572
567
568
568
555
544
543
538
544
555
566
570
575
572
570
566
557
551
543
536
530
527
521
518
513
508
507
500
499
498
510
586
650
731
772
804
771
787
756
753
707
664
630
598
584
579
560
555
543
541
540
544
548
553
547
545
543
540
540
541
543
538
537
545
544
547
547
547
566
588
599
585
568
563
562
583
639
700
682
705
697
664
629
618
606
589
564
560
571
592
604
604
631
683
676
627
618
607
588
579
575
576
560
556
555
559
566
563
556
563
575
587
585
604
645
638
632
638
642
612
605
595
595
590
592
609
618
638
672
681
667
680
649
647
650
653
657
657
652
645
612
621
612
610
591
584
586
613
627
620
630
650
629
623
615
615
599
598
596
597
588
581
578
598
642
653
646
664
683
639
626
623
631
612
605
606
604
605
616
605
600
609
629
632
615
616
628
625
607
607
601
585
569
560
561
561
561
558
558
546
552
548
547
536
534
531
529
531
532
527
524
521
523
518
517
519
520
523
525
527
533
533
531
533
533
528
524
519
519
521
521
521
523
522
533
542
551
550
559
569
576
559
559
560
562
544
540
537
538
528
527
533
541
534
524
523
523
527
531
530
536
528
533
531
535
530
528
525
524
521
516
518
521
527
534
539
541
539
546
541
551
542
549
541
540
528
537
540
547
536
540
546
541
535
541
532
535
534
542
526
523
517
517
505
509
509
492
498
495
489
489
482
478
483
475
469
470
466
460
460
462
448
455
456
443
438
445
439
435
438
438
439
432
428
429
432
433
425
423
427
428
426
421
418
424
425
420
417
418
420
419
423
413
413
417
416
418
415
410
412
416
418
415
413
410
409
412
413
414
410
408
407
410
414
407
404
406
408
413
411
407
404
404
406
405
405
403
399
402
402
408
406
408
404
399
403
401
406
406
404
401
400
401
404
405
404
401
398
398
403
404
405
401
398
398
396
397
401
402
399
399
397
395
399
398
402
398
399
396
395
393
396
402
398
398
397
393
395
396
397
397
397
396
394
394
396
398
396
398
395
394
392
396
394
394
396
398
396
396
393
391
391
394
396
396
394
394
392
390
391
391
397
396
396
393
390
391
391
392
390
395
393
391
391
391
390
391
392
392
393
392
390
389
388
387
386
389
390
394
392
392
387
388
386
386
387
387
385
386
388
389
386
387
383
383
385
387
384
386
385
386
385
383
384
384
384
384
386
774
391
389
385
386
384
384
385
386
390
388
389
386
386
385
386
384
386
387
388
385
386
389
389
385
385
384
385
388
391
390
391
388
387
389
390
387
389
388
389
392
389
392
386
384
386
386
386
384
387
387
390
384
385
383
383
383
383
383
380
383
384
386
384
384
384
382
382
382
382
385
387
384
386
383
383
384
380
381
381
385
386
387
385
387
385
385
386
382
384
383
387
385
390
387
388
386
387
386
386
387
390
391
390
391
390
390
392
390
391
394
396
395
395
394
394
396
392
392
390
393
394
395
393
391
390
388
386
389
391
389
391
388
389
389
388
387
387
385
386
389
391
392
390
388
388
389
389
389
390
387
394
394
392
391
392
390
784
393
396
399
399
394
392
391
394
396
394
397
394
395
392
392
395
394
396
394
396
395
396
395
396
395
395
400
399
398
396
393
393
395
397
396
396
396
394
394
395
392
393
396
396
395
396
393
394
394
394
396
400
397
397
395
392
393
396
398
398
399
398
395
393
395
398
397
402
399
399
396
396
396
399
401
397
399
396
395
394
394
392
393
398
395
395
393
392
390
394
389
394
396
395
396
393
392
392
390
394
394
394
394
393
393
393
391
391
391
389
391
393
391
388
389
385
385
386
388
391
390
388
387
390
385
387
386
385
386
383
387
385
387
387
386
383
384
385
382
380
380
384
385
384
765
381
384
379
383
377
377
380
379
379
374
379
379
382
382
381
378
379
377
375
377
376
377
374
376
378
378
377
380
379
379
377
377
375
373
375
374
376
375
373
375
378
378
382
377
379
375
378
376
377
377
376
374
376
379
376
379
376
379
381
382
380
379
379
380
377
377
380
379
380
376
380
380
384
379
379
377
378
376
377
378
377
377
376
376
379
382
382
384
379
385
378
377
379
377
379
376
377
377
378
377
374
378
382
378
379
376
377
379
377
378
374
374
373
377
377
376
375
376
373
378
377
377
374
374
375
374
374
371
373
375
375
375
374
375
379
378
377
376
378
377
376
378
374
375
374
376
374
374
376
379
379
380
376
378
376
375
378
377
377
376
374
375
377
377
376
374
377
378
378
377
377
376
376
375
373
373
372
374
374
374
371
374
375
376
372
376
376
378
376
376
375
376
373
373
374
373
374
372
373
372
374
370
373
373
377
374
374
377
379
378
379
375
375
379
377
378
375
377
374
379
378
376
374
377
376
380
377
380
374
374
376
377
376
375
377
379
380
380
380
382
383
385
385
386
385
388
389
391
390
392
395
397
399
402
402
403
403
404
402
403
403
406
406
407
406
406
408
409
413
414
415
418
418
419
421
424
429
430
429
430
431
433
433
431
432
438
440
439
437
438
442
443
439
439
438
440
439
438
437
436
440
445
444
444
444
450
456
452
453
454
457
456
455
455
460
460
455
455
458
461
461
459
458
465
466
463
463
467
469
467
465
465
471
468
464
463
457
454
460
471
473
472
470
469
472
474
468
468
471
477
479
474
477
479
473
470
469
468
468
465
460
459
459
460
460
459
460
462
466
464
466
469
476
473
471
472
481
485
481
479
479
483
481
478
475
479
482
479
478
479
487
488
487
490
497
503
499
495
493
498
503
497
491
493
497
501
498
495
500
509
509
505
504
510
518
507
506
507
509
504
499
501
502
507
506
505
506
506
511
504
500
498
499
492
490
488
482
478
479
488
497
500
509
511
503
498
496
496
492
491
492
495
503
501
503
505
512
504
499
498
502
495
489
493
493
493
490
487
489
489
493
490
490
491
497
497
495
495
498
502
502
498
497
497
502
505
500
499
501
503
502
503
503
507
511
505
506
507
512
508
506
506
511
506
502
504
505
511
512
511
517
524
519
518
521
522
528
525
520
523
529
527
521
520
520
526
525
518
520
523
528
525
524
526
533
531
528
526
526
532
523
526
525
526
523
518
518
520
517
510
511
514
512
507
507
501
502
503
513
515
509
508
509
512
516
513
511
516
518
521
520
515
518
521
517
514
516
518
518
516
517
518
520
513
512
513
520
519
517
518
523
527
519
516
516
521
521
520
522
524
524
518
515
517
526
526
522
518
522
518
505
511
508
491
498
497
487
482
481
478
479
478
467
465
466
458
457
460
457
450
451
449
453
441
441
448
447
439
438
441
446
441
438
438
438
441
438
436
439
437
432
432
433
438
433
430
427
424
432
431
427
423
421
427
427
429
424
423
428
428
432
427
429
433
432
436
432
434
441
439
436
434
432
435
433
431
428
427
428
428
428
426
422
425
428
429
424
421
426
424
429
421
417
423
423
422
418
413
417
417
420
417
414
412
412
419
417
420
416
414
411
411
418
416
419
412
410
414
414
417
414
410
410
411
415
410
414
409
410
409
412
411
411
415
413
407
407
411
415
411
410
409
406
407
407
412
412
411
409
405
408
410
412
409
406
405
407
410
408
408
408
407
407
404
405
408
411
407
408
406
405
403
406
412
409
412
403
404
408
407
410
408
407
407
406
404
404
411
409
409
406
401
404
403
411
409
408
407
407
404
405
409
406
408
407
408
407
405
407
408
411
408
411
410
406
407
409
411
409
407
407
405
410
410
411
407
409
408
405
406
404
408
409
409
405
400
404
403
404
401
406
404
405
399
398
403
402
404
402
404
403
401
403
402
402
406
406
405
402
399
398
402
404
406
402
405
400
400
402
402
403
400
404
403
406
399
398
400
401
402
400
404
404
405
402
399
402
404
409
407
408
405
403
402
403
408
405
407
405
403
402
402
401
400
406
405
402
401
401
400
399
401
399
404
406
405
403
397
399
400
404
400
402
402
402
400
399
398
398
403
403
405
402
402
400
399
399
400
406
404
406
401
398
399
398
404
402
404
402
403
400
401
403
402
403
405
408
406
403
400
401
404
401
402
401
400
399
401
402
402
402
401
404
403
402
401
398
399
401
404
400
399
398
399
399
396
396
397
398
396
395
396
396
396
396
393
393
396
396
394
395
398
396
395
393
394
395
395
396
396
401
399
400
399
402
402
402
400
403
408
405
409
401
402
403
402
403
401
406
403
406
401
403
402
401
400
400
402
401
403
403
403
403
404
406
403
404
407
407
407
405
404
406
406
407
408
410
410
414
415
418
418
419
423
423
423
427
424
429
429
430
427
431
432
428
427
428
430
428
432
426
428
432
432
434
435
434
437
438
437
438
441
439
438
439
440
443
445
445
443
447
446
449
444
444
446
447
448
443
445
443
442
444
450
449
453
449
451
451
450
449
448
447
450
454
452
456
455
460
459
456
456
455
459
459
456
458
458
466
469
465
469
466
470
465
465
461
459
458
453
455
457
461
465
462
464
462
459
465
465
472
468
467
466
465
465
458
459
456
461
463
459
461
460
465
466
463
468
467
471
465
466
466
466
466
460
463
464
467
463
464
467
469
472
474
475
477
473
477
474
477
474
473
468
471
469
467
465
464
461
461
459
464
461
463
460
462
465
462
462
459
462
464
462
462
460
460
466
459
461
464
465
467
462
466
463
468
465
464
466
470
472
468
471
468
464
468
467
473
477
471
475
472
477
468
471
469
470
467
466
462
461
460
458
456
457
454
462
460
458
462
461
463
459
459
461
463
462
461
460
464
459
461
463
461
462
458
461
463
467
465
462
462
459
461
469
469
476
477
475
474
474
476
474
474
469
472
470
471
467
467
468
468
468
464
465
470
470
469
470
478
480
480
481
480
482
480
480
479
482
477
476
472
476
475
477
474
476
479
479
479
474
479
479
482
476
477
479
480
478
478
475
477
479
479
479
476
475
478
474
474
469
473
471
472
467
470
472
474
476
473
477
479
481
476
476
479
475
472
469
472
472
469
470
468
469
468
468
471
470
470
470
473
473
469
472
470
474
472
473
472
471
474
470
473
473
475
475
475
471
474
475
474
478
472
474
473
477
479
480
483
485
491
494
495
495
495
496
493
490
487
486
478
478
479
478
479
477
480
482
483
480
483
485
483
482
483
483
479
477
474
473
471
470
467
468
463
462
466
465
465
461
464
467
468
465
467
470
468
468
467
470
471
468
467
465
469
462
464
463
464
464
461
463
464
469
465
467
467
471
472
470
468
469
471
464
464
464
467
465
463
466
463
465
461
463
461
464
460
460
456
459
459
458
455
455
456
455
457
457
456
458
456
455
457
459
453
453
450
454
454
450
454
453
458
455
457
457
459
455
454
455
455
454
449
450
447
449
450
449
451
448
448
449
452
448
450
451
453
454
454
457
455
457
456
455
452
456
449
450
445
449
449
451
448
447
447
448
449
448
449
447
450
442
447
449
447
439
444
446
446
449
438
438
442
444
439
436
434
437
440
436
436
431
432
433
435
435
432
429
428
429
433
431
426
422
422
428
424
427
423
421
428
428
429
428
426
423
425
431
429
437
427
429
434
434
434
431
431
432
432
434
434
432
433
432
436
437
433
434
435
439
439
436
437
438
440
438
437
438
438
438
434
436
439
436
438
432
435
436
433
434
434
432
433
433
438
437
434
435
438
441
438
437
439
438
437
436
436
437
437
435
437
436
437
438
436
435
435
437
437
433
433
432
433
433
428
432
433
433
433
428
424
428
433
430
428
423
426
430
429
431
430
431
438
434
435
433
435
435
433
430
427
427
431
427
429
422
421
425
423
425
422
418
418
416
420
422
424
421
417
419
423
425
421
420
421
420
422
423
423
419
418
422
422
422
421
417
415
419
423
419
421
415
416
419
419
420
418
417
414
413
417
419
420
417
411
411
414
416
411
412
409
407
409
410
412
410
411
409
406
406
404
407
408
408
407
402
404
404
404
401
407
405
407
403
403
400
401
407
406
408
406
405
405
405
408
408
413
408
409
406
405
408
406
405
406
411
408
402
402
404
409
404
407
406
404
405
405
408
405
412
410
411
408
408
407
407
411
408
409
402
402
403
404
405
403
404
404
399
401
401
403
402
406
404
407
404
403
403
402
407
405
407
405
401
400
402
404
402
403
403
405
402
402
401
400
404
404
404
404
401
401
399
399
396
400
399
402
398
396
396
396
394
395
399
395
397
396
396
393
390
394
394
393
391
394
396
391
391
391
390
390
390
389
393
393
395
392
394
391
390
390
390
393
391
393
391
393
395
393
392
391
388
388
392
390
391
388
393
391
390
386
388
388
386
384
384
388
387
388
385
388
389
387
388
386
383
384
387
386
387
386
389
388
390
387
388
383
383
383
384
383
384
388
386
388
385
387
386
386
387
384
386
387
386
387
390
389
389
388
390
389
387
386
387
387
388
389
387
392
394
395
393
393
389
389
388
389
389
387
391
389
390
388
390
386
386
386
384
385
384
384
381
386
385
386
383
386
386
385
382
383
379
380
382
382
382
379
381
382
388
384
387
382
385
385
381
382
383
381
382
380
380
385
384
385
381
384
384
384
383
382
380
379
381
381
381
379
382
381
385
381
383
379
382
378
376
377
377
377
373
374
374
375
374
372
371
375
374
377
374
373
372
373
374
374
372
375
371
371
373
371
370
369
370
370
369
370
371
371
372
371
370
371
374
372
372
370
374
373
375
373
373
372
374
369
371
372
370
372
369
372
373
374
373
373
374
377
372
377
374
377
375
375
375
372
373
371
373
371
371
371
373
372
372
371
376
376
378
376
376
374
376
375
375
373
374
374
370
371
371
371
371
373
372
371
368
371
371
374
370
372
373
374
373
372
370
372
371
371
372
368
369
370
370
372
369
368
369
372
369
368
371
372
373
371
372
370
372
370
367
369
369
370
367
365
367
368
367
367
365
367
366
368
366
368
366
364
366
368
367
368
365
368
367
367
365
368
364
365
366
364
367
362
363
363
364
364
364
366
363
364
365
365
365
363
366
364
369
363
366
366
367
364
366
364
365
364
361
363
362
364
362
360
361
360
360
359
361
360
359
358
358
360
360
359
356
360
359
363
358
359
356
358
358
360
358
358
358
361
358
359
356
359
360
357
360
355
359
359
361
358
358
358
358
359
359
358
359
358
359
359
358
358
360
360
358
357
360
360
358
358
360
360
363
359
362
359
360
358
363
361
362
359
362
360
361
362
361
359
358
360
360
359
357
359
356
358
358
358
358
357
356
357
357
358
354
356
356
356
357
357
354
356
355
357
354
356
354
357
355
354
355
353
355
354
355
351
353
354
353
354
351
353
352
353
351
351
350
352
350
352
351
350
351
349
350
351
351
349
348
351
348
350
349
349
349
348
349
350
346
348
347
347
349
349
350
349
345
348
349
348
348
346
349
349
349
349
346
348
348
348
350
348
347
351
346
348
346
348
348
346
349
348
347
347
346
344
347
347
347
344
345
346
349
345
346
346
348
347
345
344
348
348
347
346
347
348
350
348
349
346
347
346
347
348
348
347
347
347
349
348
346
346
347
347
347
346
346
346
348
346
347
347
345
345
347
345
348
347
345
344
345
347
346
347
345
345
346
346
349
346
346
345
348
346
348
349
348
349
346
349
348
346
349
345
348
345
349
347
347
346
346
346
346
349
347
347
347
346
345
347
346
346
345
347
346
346
345
345
343
345
345
344
344
343
342
345
345
345
343
345
343
342
344
345
344
343
343
344
344
345
341
344
343
344
342
343
342
344
342
344
342
341
339
341
341
341
340
338
340
340
339
339
337
339
337
341
337
339
338
338
339
341
338
338
338
339
338
339
339
339
340
338
340
337
341
339
340
336
340
338
341
338
339
338
341
338
339
338
339
338
339
338
337
337
339
338
336
336
335
335
336
335
337
337
335
335
337
337
336
339
338
338
337
336
335
339
339
339
335
337
336
337
337
337
336
334
334
336
333
336
333
335
332
337
332
333
332
334
334
332
335
333
332
331
332
332
335
330
334
332
332
331
330
329
331
330
332
330
332
329
330
331
332
330
331
331
329
331
329
333
332
331
330
332
331
332
330
331
329
328
328
329
328
331
327
328
330
331
329
330
329
327
329
331
331
328
329
329
330
328
330
327
328
326
328
330
329
327
328
327
326
328
330
331
327
331
328
330
329
328
328
326
330
328
328
329
326
328
328
327
328
326
329
329
329
326
328
328
330
326
326
326
324
326
326
328
326
326
327
328
326
327
326
329
329
328
327
326
327
328
326
329
326
327
328
327
327
328
328
327
325
326
327
328
329
326
327
323
327
327
324
327
327
326
326
327
326
327
326
326
325
328
328
325
326
329
327
326
327
324
326
327
327
325
327
325
325
327
324
326
326
327
326
324
328
328
327
325
324
324
327
323
325
324
325
323
324
324
325
325
325
324
324
326
325
327
323
323
323
322
322
323
323
322
324
324
324
321
325
322
328
325
323
322
323
323
323
322
323
321
324
322
323
323
324
323
321
322
322
323
323
321
323
322
322
320
323
320
321
321
321
320
323
323
324
321
321
321
322
323
319
321
320
319
320
320
318
323
321
323
318
321
321
320
320
320
320
321
321
320
319
320
322
319
323
318
320
319
320
319
321
318
320
318
319
320
320
317
319
319
323
321
318
319
321
320
320
318
318
320
319
319
321
319
318
319
320
320
318
319
319
318
320
319
318
318
316
318
319
318
318
319
318
317
317
320
319
321
318
318
317
319
316
317
317
316
318
318
320
316
316
317
316
317
319
314
317
315
318
317
315
314
317
318
318
316
317
314
316
317
315
316
317
317
316
313
317
315
316
314
315
314
314
315
314
313
314
316
314
314
313
313
314
313
314
314
313
313
314
313
310
313
313
313
313
312
313
312
313
312
313
313
313
313
312
312
313
314
313
312
313
313
314
310
313
311
313
312
311
313
313
313
312
311
312
312
313
312
313
310
313
313
312
311
313
311
311
310
313
312
311
313
311
311
312
312
310
312
313
311
311
310
313
313
311
312
310
312
310
308
311
313
311
311
309
311
313
310
310
312
310
313
309
312
309
311
313
309
309
312
313
306
313
310
313
310
311
310
313
312
309
312
310
314
310
311
310
313
312
312
310
312
313
305
313
312
312
310
310
312
310
312
307
310
311
312
309
308
310
309
310
308
308
310
312
308
309
309
310
310
308
310
311
310
305
309
308
309
308
311
308
307
310
305
309
308
308
308
308
308
308
310
613
308
308
305
309
307
307
308
306
307
312
307
306
307
309
308
308
305
308
309
308
305
306
308
310
305
307
309
306
307
307
308
307
309
305
306
309
308
305
307
307
308
308
304
308
308
305
307
306
308
307
307
307
308
309
304
307
306
308
305
309
305
305
309
306
306
305
309
307
303
307
308
304
303
306
306
308
304
306
307
307
303
307
305
306
307
303
306
307
302
305
303
306
302
307
302
304
303
300
303
304
306
306
302
304
305
304
305
304
301
305
301
305
305
607
311
302
307
306
308
303
308
307
310
306
308
309
310
306
308
308
308
310
312
312
313
309
311
312
311
313
311
312
312
313
313
313
314
313
317
312
314
313
315
315
317
314
315
316
314
317
317
316
314
317
316
320
321
317
318
318
316
317
319
319
319
320
319
320
320
320
322
321
323
325
323
324
325
324
326
326
324
326
326
325
327
324
327
326
329
326
328
330
329
330
326
329
329
326
329
329
326
331
329
328
328
330
331
328
331
330
332
330
327
331
331
332
330
332
331
331
331
332
332
334
331
334
332
335
334
333
336
335
337
337
334
339
339
339
339
339
340
341
344
340
341
343
343
344
341
343
344
345
345
343
345
346
346
346
343
346
347
349
347
345
349
350
349
351
349
352
352
354
352
352
352
355
355
354
355
356
356
355
357
355
357
357
358
360
358
358
359
359
359
362
363
365
363
364
365
366
366
364
366
364
368
363
364
367
365
369
364
364
365
365
365
362
363
364
365
367
364
365
365
366
366
368
370
367
365
365
368
371
369
370
368
369
371
374
373
371
375
377
376
375
377
379
379
377
377
379
376
380
380
378
380
381
382
380
379
379
382
381
380
383
388
383
383
384
388
386
385
387
390
387
385
387
388
383
389
388
389
392
395
390
391
394
392
387
391
390
391
388
390
392
392
389
392
393
394
394
396
395
396
397
402
400
396
399
400
400
399
401
401
402
401
402
400
399
401
403
403
399
400
401
403
403
404
405
405
404
407
406
404
406
409
410
409
409
407
406
410
411
406
407
409
409
407
410
413
410
408
411
412
413
408
411
411
411
412
409
412
409
410
412
411
415
417
415
417
418
422
421
416
420
422
419
418
419
422
419
419
422
421
425
423
424
422
421
424
424
420
426
426
425
426
428
426
426
428
428
426
428
430
430
426
427
427
429
431
427
430
428
435
430
432
433
432
432
434
433
435
431
432
434
435
436
431
431
434
434
427
428
430
432
427
429
431
434
430
433
433
435
436
438
436
434
438
439
434
432
435
441
436
435
434
434
438
438
435
439
443
439
442
444
441
443
446
438
444
447
442
442
442
442
440
442
444
438
441
442
444
443
446
445
445
447
447
443
443
447
446
446
447
448
450
448
445
449
450
444
449
452
445
447
449
450
444
447
447
445
443
444
447
442
444
443
444
443
440
441
440
445
444
447
448
447
446
444
445
447
445
440
438
443
445
440
445
442
447
443
446
447
450
446
446
450
449
445
450
452
447
450
453
452
451
452
452
455
456
457
454
459
459
455
458
459
457
455
459
462
462
463
459
464
470
465
461
461
467
461
460
464
463
464
464
462
466
468
469
470
467
466
467
464
469
469
468
469
467
465
466
462
460
459
452
453
457
453
451
457
463
456
459
463
463
458
464
469
462
464
467
466
463
468
470
464
466
468
464
463
467
469
463
466
467
462
465
467
466
463
468
467
464
469
471
466
472
476
469
470
471
471
470
471
463
464
465
466
463
466
467
462
464
465
463
463
467
471
467
473
475
468
470
473
471
468
472
476
467
474
474
469
473
477
471
476
478
472
473
477
474
472
476
478
472
477
476
473
472
475
474
475
477
479
474
480
478
475
479
478
477
476
477
473
471
473
474
471
474
478
476
478
477
475
476
477
474
474
476
476
472
475
476
470
474
476
471
470
473
471
466
472
471
464
467
469
462
462
463
462
463
463
461
457
458
459
457
464
462
465
464
468
470
470
470
472
474
473
474
477
474
477
476
477
474
475
479
473
478
478
475
474
477
479
481
479
479
479
479
476
469
468
467
468
472
469
471
473
472
469
473
477
473
475
480
479
476
479
477
474
475
473
473
469
469
471
471
471
475
471
470
477
474
470
473
478
473
475
477
471
473
474
473
469
474
476
471
474
479
474
477
479
477
479
479
481
479
480
481
477
476
477
479
476
479
483
477
480
485
478
479
481
479
479
482
485
483
484
486
482
482
482
484
480
481
485
479
479
479
478
478
479
478
475
479
480
480
485
483
478
479
476
477
475
474
473
474
475
474
477
477
481
483
479
481
488
483
483
486
483
480
480
479
476
473
478
477
477
476
480
480
480
479
480
483
480
482
485
485
484
486
488
484
484
488
483
484
486
481
485
485
488
483
479
488
482
482
486
479
477
480
479
479
479
481
479
479
482
478
482
480
483
482
482
485
482
480
486
479
480
483
479
479
478
479
477
478
482
479
484
485
483
480
481
481
477
477
475
473
474
473
471
471
476
475
476
477
476
476
476
475
477
474
472
474
476
476
474
474
474
472
473
475
474
472
469
477
475
473
474
475
477
474
474
474
476
474
477
474
476
477
477
476
477
482
480
480
482
480
481
481
482
481
481
481
478
483
481
479
482
484
484
483
481
481
479
479
479
477
479
483
483
482
488
487
488
485
486
491
488
488
492
491
487
489
489
488
484
490
487
487
488
487
490
486
487
490
491
486
490
490
492
491
489
488
486
482
478
485
481
482
482
482
483
487
489
489
484
484
484
481
485
484
487
485
483
491
486
488
495
489
491
497
491
495
497
494
492
489
493
487
484
489
483
484
488
484
484
484
490
487
487
491
488
486
487
489
485
486
487
481
481
483
482
479
479
483
482
480
487
483
484
481
480
482
479
474
477
478
476
475
474
479
475
476
475
477
478
478
482
479
479
478
482
476
479
480
477
477
476
479
478
477
479
476
478
479
479
479
479
482
480
479
485
480
479
482
481
479
479
483
479
481
482
482
486
487
490
489
491
495
495
493
503
498
499
502
500
502
503
502
502
505
501
504
507
507
506
506
511
507
506
516
509
511
513
508
510
507
508
504
505
506
501
501
508
506
504
505
510
508
509
512
508
511
510
507
503
503
501
498
495
496
492
487
482
483
482
479
478
479
480
480
479
478
483
482
482
482
482
484
485
488
488
485
483
485
484
482
483
481
483
481
481
482
480
479
484
483
480
487
487
489
489
489
490
491
488
490
490
485
487
485
487
483
486
486
486
483
485
486
482
486
485
485
483
485
487
486
486
490
487
485
487
486
485
485
487
486
485
483
490
485
487
490
487
488
489
490
490
490
493
497
495
499
504
498
504
503
499
498
498
499
495
495
500
495
497
500
496
497
497
499
496
495
497
492
491
493
486
486
488
486
485
486
488
488
486
486
490
484
485
487
482
482
481
485
483
483
484
480
482
480
481
482
479
479
478
476
478
477
471
478
476
479
478
478
482
480
482
483
488
484
486
489
486
486
487
483
481
483
488
485
485
482
486
485
487
488
489
487
487
491
489
486
482
481
484
480
479
479
477
477
474
472
470
468
472
469
468
468
468
467
469
470
475
480
481
485
484
483
483
484
483
483
483
482
483
482
485
486
490
489
490
499
498
499
502
505
505
507
506
504
502
508
508
507
506
512
513
515
515
515
521
528
537
537
546
556
554
549
554
554
553
547
554
552
550
544
554
558
559
558
577
576
572
570
579
571
565
563
563
562
557
553
556
561
564
562
587
600
599
591
607
602
589
580
587
583
580
572
577
581
578
575
592
587
579
595
587
587
587
590
589
581
579
587
589
588
588
603
601
586
575
569
574
576
574
583
589
600
589
580
583
584
579
573
576
581
579
577
580
586
583
576
571
574
574
571
566
572
575
580
579
588
589
588
586
584
586
579
577
581
580
577
574
585
587
588
588
603
601
602
604
605
597
591
591
591
585
580
588
588
588
587
600
601
600
603
607
599
595
603
602
595
593
598
596
592
586
596
602
601
600
612
608
603
600
604
597
592
592
594
600
594
590
599
603
598
595
604
602
598
596
601
602
598
594
602
602
599
592
595
590
582
577
578
570
566
561
554
550
537
551
545
549
551
555
557
557
561
566
565
566
563
568
576
587
593
582
576
583
573
567
557
549
544
536
536
538
539
541
542
543
550
556
564
566
570
578
583
575
573
576
573
569
568
564
567
564
562
562
565
569
571
570
575
581
587
584
583
588
583
579
578
580
576
574
577
579
576
574
580
581
579
587
592
588
591
589
595
586
582
588
581
577
573
576
572
573
576
587
597
603
614
623
614
617
616
610
599
592
591
582
577
574
579
574
577
581
594
593
605
603
608
596
593
595
585
576
570
569
560
559
560
566
564
572
577
570
563
558
558
558
556
558
559
554
551
549
550
543
548
549
555
565
571
578
591
588
590
588
587
579
572
573
565
562
558
559
562
562
563
569
572
571
569
575
575
569
566
567
566
563
563
562
563
564
563
563
568
565
565
567
571
567
566
570
569
566
563
567
565
564
563
571
578
581
585
593
594
589
581
585
578
570
566
567
566
565
566
573
573
575
579
590
589
587
585
586
577
571
566
560
555
554
554
558
563
570
569
576
579
584
578
576
575
574
568
565
563
564
567
564
563
565
564
564
562
564
570
567
559
560
558
560
563
574
583
592
594
599
604
609
617
622
623
629
629
632
624
627
628
625
612
610
611
604
601
603
606
599
603
604
603
593
592
594
591
582
583
589
587
592
599
612
614
619
620
609
611
608
604
597
596
592
588
586
595
594
590
603
603
594
592
595
590
584
583
580
576
567
562
561
558
563
565
570
576
579
572
574
580
573
577
578
583
583
582
581
586
575
575
572
574
576
569
578
582
589
605
593
599
600
595
584
585
588
589
581
591
599
611
596
606
606
604
587
587
584
584
572
577
577
571
571
575
588
589
601
607
613
592
595
590
579
576
574
571
563
566
564
563
558
567
571
577
569
580
580
581
574
580
584
578
585
586
586
580
587
595
600
589
596
606
607
595
597
602
604
593
598
605
589
597
604
601
592
601
604
602
594
594
595
581
590
593
587
581
585
587
584
575
572
573
577
573
576
576
578
584
580
580
580
577
580
573
584
592
601
591
602
608
612
602
611
612
610
600
604
604
599
600
601
606
615
601
610
619
623
607
618
620
617
606
612
614
611
603
607
609
612
600
608
613
620
607
619
618
613
607
606
607
604
596
591
600
599
601
606
601
606
618
623
610
618
614
608
594
594
593
589
582
587
590
596
591
604
608
616
612
603
606
608
601
591
591
589
591
592
587
593
596
609
622
608
615
618
618
618
605
607
604
603
602
604
592
600
600
602
614
611
618
624
636
629
633
637
638
630
626
626
626
616
620
624
629
616
630
631
630
625
635
645
628
648
644
652
632
644
645
642
634
637
642
636
631
636
641
633
646
648
663
645
659
662
664
665
635
640
632
626
609
615
614
619
604
619
620
633
616
626
630
636
629
609
611
606
604
605
614
600
611
609
614
611
604
615
621
636
639
614
624
621
621
615
602
609
612
615
615
604
616
618
630
614
617
617
616
617
600
594
592
594
601
594
604
609
617
603
607
605
605
599
591
589
585
579
568
572
571
574
574
572
582
590
601
604
607
613
616
613
610
597
597
594
592
594
584
584
585
586
595
599
597
607
614
619
615
606
609
592
581
573
569
560
566
563
568
571
574
580
581
572
578
581
565
573
567
566
563
566
570
564
563
572
565
563
565
566
570
572
568
571
580
572
570
572
568
558
556
558
560
560
557
568
573
587
582
591
595
595
583
582
581
574
558
549
543
539
546
545
556
564
564
563
565
561
556
555
547
545
546
550
550
554
549
554
558
563
563
559
562
564
568
562
568
584
577
579