678
698
774
621
692
688
674
284
373
1349
656
695
736
769
774
810
777
746
819
906
1706
908
845
903
923
836
897
919
844
921
964
887
778
814
892
926
862
935
947
903
936
962
934
906
956
903
828
884
889
863
946
963
882
926
959
882
925
924
857
905
955
967
873
892
978
1029
949
872
898
942
928
799
854
879
849
813
837
869
845
856
843
832
786
849
925
898
911
912
865
887
885
884
832
912
979
942
970
986
956
953
926
874
804
872
948
917
952
978
945
930
817
724
760
711
707
726
672
633
719
756
815
807
795
825
855
850
796
798
797
769
776
838
948
933
977
994
949
896
924
938
893
905
924
934
872
930
950
896
893
907
903
834
876
882
806
847
865
870
861
888
900
841
881
842
729
737
774
877
843
880
903
839
862
873
874
841
863
884
895
875
897
906
872
903
915
905
866
871
897
851
875
886
883
842
909
922
857
882
928
906
921
921
869
784
837
834
852
828
887
930
848
922
955
933
938
954
939
873
872
885
839
880
890
900
853
897
922
946
884
922
907
819
826
827
862
810
873
898
880
890
903
906
823
818
809
730
747
710
734
701
711
659
704
893
862
867
881
894
873
809
752
737
811
896
933
856
892
913
911
868
902
905
888
823
769
729
791
912
989
979
982
924
868
798
800
864
931
932
963
957
925
909
905
878
771
689
675
718
791
890
923
860
912
925
891
896
896
881
810
828
846
869
854
876
887
837
852
843
849
815
873
896
884
806
813
874
841
766
789
835
821
839
866
892
842
860
859
866
818
879
904
891
837
791
757
829
890
934
909
921
922
901
870
867
868
867
869
896
899
872
836
874
914
914
940
951
962
890
908
928
883
865
855
869
856
820
851
937
960
891
851
802
849
897
887
888
916
933
901
862
888
880
861
803
771
757
793
879
963
932
935
941
904
793
795
781
719
688
767
826
800
785
795
888
973
974
915
887
870
877
848
855
895
886
889
909
925
910
872
890
878
837
819
816
836
830
846
875
905
847
839
789
760
748
746
763
887
933
909
964
999
983
917
834
786
872
968
979
900
918
910
899
856
877
853
828
786
845
890
933
916
943
958
936
866
873
877
900
850
896
926
924
886
923
937
894
861
859
865
829
822
853
879
870
885
906
907
823
855
856
860
829
876
874
860
830
851
858
787
785
783
776
830
861
881
812
852
793
723
665
702
695
714
676
672
657
654
631
662
653
732
803
873
891
856
857
886
900
842
858
858
833
832
825
774
725
724
705
695
646
662
707
749
808
812
798
766
786
839
795
818
802
791
750
741
772
759
830
846
809
785
808
829
797
729
724
720
756
771
835
881
875
834
869
850
801
831
822
788
807
793
771
688
675
665
690
714
757
765
792
758
800
800
739
760
697
649
668
707
735
814
849
833
853
854
839
761
758
757
726
715
757
891
850
940
949
907
940
949
863
833
790
781
744
840
898
882
912
936
937
908
937
938
861
894
896
864
852
868
880
821
807
732
782
811
795
821
826
802
751
765
774
780
798
848
892
822
830
754
808
877
905
844
876
888
864
877
906
917
866
900
892
882
816
837
851
841
889
847
835
771
817
826
839
811
857
830
777
832
867
846
908
927
892
843
822
829
800
873
873
793
853
887
898
867
896
903
844
866
880
859
863
893
888
834
860
866
852
792
825
830
806
871
900
895
904
909
864
745
724
672
680
782
758
725
789
915
979
916
925
897
889
814
820
795
809
798
862
896
871
883
887
905
896
879
860
838
850
831
781
801
818
824
918
943
908
921
885
753
644
610
624
655
670
777
832
836
800
804
797
767
732
720
701
701
691
702
674
655
640
626
617
600
590
588
570
561
562
558
554
549
554
592
625
618
619
596
598
589
580
578
572
576
582
580
578
578
577
578
582
584
585
582
589
589
592
601
614
637
651
684
710
635
653
661
651
650
654
643
626
616
606
601
597
597
582
574
595
647
680
716
713
703
711
709
679
649
627
637
667
722
709
735
784
841
824
819
761
736
739
711
682
648
641
660
676
709
766
855
866
850
854
841
783
717
695
700
695
648
667
652
646
628
619
599
596
606
589
597
635
689
708
744
767
778
722
675
663
703
792
854
860
878
894
883
826
833
814
822
760
782
779
790
755
787
833
869
854
850
820
798
731
720
719
716
720
751
793
842
842
857
868
862
825
808
781
762
718
676
646
655
726
841
885
883
871
854
828
794
781
769
742
709
711
732
771
788
762
712
699
692
719
710
727
730
721
669
652
644
647
606
568
580
578
567
551
567
574
585
583
568
574
571
568
578
573
574
569
569
569
570
581
581
588
606
628
647
685
721
759
758
762
756
756
709
683
682
714
734
705
741
798
807
823
819
773
760
718
715
744
788
802
818
818
780
754
741
732
699
682
687
698
729
725
758
761
769
765
724
697
709
727
735
747
781
806
761
738
758
772
730
750
781
796
821
859
901
864
851
845
827
809
806
820
800
754
779
772
766
716
697
640
617
642
709
708
747
760
760
735
707
667
671
678
783
869
879
838
794
771
748
801
897
930
906
860
818
783
742
735
751
818
865
854
889
889
867
823
832
840
840
833
787
788
799
779
765
753
727
652
620
612
596
633
614
643
688
683
680
709
772
828
856
843
813
776
677
669
614
660
660
762
860
895
870
855
857
834
797
813
800
780
771
736
744
720
698
644
665
650
683
664
666
680
698
679
649
642
626
583
612
622
634
631
642
635
622
611
606
571
574
576
617
589
581
605
601
609
587
579
592
570
569
563
554
578
561
566
597
642
636
625
637
654
657
642
643
641
637
619
607
604
617
627
622
631
630
626
616
609
612
624
627
617
613
596
600
614
629
616
628
626
629
621
612
608
613
621
614
605
596
583
573
602
596
641
677
673
677
686
677
652
656
640
624
585
570
566
576
553
535
551
531
540
530
517
529
516
509
517
512
501
505
507
498
489
500
491
487
490
495
489
493
489
491
481
483
486
484
475
479
479
489
479
476
479
484
475
476
475
486
479
478
479
481
477
474
470
481
476
464
465
469
468
465
466
479
480
483
472
470
475
482
477
475
473
482
478
471
467
473
474
470
466
468
471
468
466
463
472
471
463
463
458
470
467
459
457
452
456
458
448
445
442
447
445
454
455
454
450
447
446
451
449
443
453
455
450
453
450
448
445
442
446
446
445
440
441
444
440
442
442
449
440
436
436
436
436
438
442
441
440
437
437
441
442
452
441
439
439
442
445
446
446
447
443
442
438
445
441
450
441
437
437
435
440
438
440
437
432
432
426
432
428
435
432
437
428
431
427
427
427
423
428
430
441
438
436
440
444
443
439
446
449
436
438
434
437
434
442
439
433
431
427
431
423
429
423
431
425
425
423
425
432
435
435
436
438
436
437
438
428
431
428
434
430
445
449
454
445
441
443
447
450
450
445
446
451
445
445
451
446
441
437
434
437
437
437
438
440
439
432
433
431
434
430
441
438
440
435
433
433
431
437
441
449
444
440
446
447
449
447
451
451
455
452
450
460
460
446
447
440
448
442
447
441
436
438
435
439
440
444
440
437
438
440
440
438
444
439
439
437
432
434
429
437
435
438
437
434
434
434
438
437
439
438
440
436
430
429
425
427
425
431
429
433
429
440
445
447
442
443
448
451
447
443
438
442
442
443
441
443
441
444
444
438
451
444
448
445
440
438
440
444
441
448
438
438
439
443
446
446
447
441
440
444
436
444
437
439
437
433
436
430
438
436
444
437
434
434
432
435
434
438
437
438
437
434
432
435
438
439
442
443
444
439
438
437
432
438
436
440
437
429
435
429
437
433
441
437
442
441
435
438
434
440
437
438
432
432
429
425
429
425
429
427
431
427
431
424
422
425
424
425
418
420
421
423
421
422
419
424
425
425
429
425
431
427
435
428
428
428
428
429
426
429
427
435
434
434
429
430
432
430
432
427
436
430
435
429
424
425
423
427
426
431
427
434
431
431
431
422
428
420
427
421
423
422
430
424
428
430
433
436
433
433
432
437
433
429
423
424
424
421
424
420
427
425
435
429
433
433
430
428
426
429
424
430
428
430
423
419
419
417
420
419
418
415
425
420
426
426
424
421
422
421
418
420
417
419
419
423
420
421
415
417
418
411
416
415
420
414
423
419
423
419
422
420
424
424
416
423
419
423
417
422
418
424
418
418
415
419
419
420
425
423
429
422
433
432
442
441
440
438
432
436
431
437
434
442
448
440
442
436
437
434
438
434
428
430
428
428
431
426
428
431
427
430
434
436
431
427
429
429
430
431
426
418
420
418
416
419
415
419
416
417
416
419
414
417
419
419
417
415
420
417
419
415
424
419
426
417
420
417
414
413
412
415
412
412
409
417
412
423
416
416
413
414
416
410
413
410
416
409
415
406
409
410
412
408
414
410
414
406
410
408
407
408
403
409
404
408
402
408
407
407
407
408
412
413
414
412
418
420
419
421
420
419
418
416
414
414
415
415
414
415
412
423
423
422
424
425
424
422
427
425
427
425
427
422
428
428
431
430
432
429
424
429
425
425
422
425
425
423
424
428
430
431
437
438
444
447
448
452
457
459
463
459
460
466
466
459
461
459
475
472
475
481
479
481
484
478
475
486
482
476
482
475
486
484
486
489
484
495
497
492
492
496
506
506
500
502
499
504
495
497
496
495
502
517
520
509
510
508
516
526
534
536
522
518
515
516
519
504
500
497
500
493
494
492
495
516
521
531
521
521
523
537
534
521
528
524
534
525
521
521
534
528
521
521
521
514
536
557
571
575
563
545
545
543
545
537
521
507
513
519
517
538
555
539
539
537
535
538
533
529
526
541
560
553
535
529
519
515
511
510
507
513
534
558
588
618
670
640
617
607
579
562
540
542
534
524
535
533
527
535
574
602
601
586
575
598
586
556
565
560
558
544
533
547
541
541
539
543
547
546
526
516
525
528
532
539
555
569
595
601
580
559
550
547
547
545
541
544
556
583
572
557
557
546
571
572
557
541
541
530
544
564
572
561
561
561
580
575
560
557
543
548
550
540
534
533
532
552
562
559
558
559
575
571
563
555
556
554
565
573
570
567
560
547
541
554
563
591
627
610
601
583
581
584
581
564
556
553
550
566
570
564
551
557
566
591
588
577
572
570
561
551
565
557
559
556
549
550
544
541
531
538
542
546
545
539
541
578
626
652
626
602
582
582
576
561
558
548
558
564
564
566
567
574
569
561
556
555
546
545
548
543
540
535
537
533
528
521
524
515
517
513
510
499
499
498
498
502
502
504
503
502
497
502
498
501
493
495
496
497
493
486
485
480
482
486
492
495
502
507
508
509
508
512
507
506
497
500
495
496
488
493
489
490
490
491
487
489
488
496
494
489
493
496
494
493
487
486
490
491
494
488
491
495
499
496
498
494
496
488
499
496
502
493
495
495
497
493
493
484
483
479
480
477
483
480
489
486
491
486
488
489
495
488
490
490
499
500
500
496
504
503
502
495
502
501
497
491
493
493
489
487
482
486
487
486
487
488
499
498
500
498
499
503
500
500
491
496
493
492
485
492
489
491
484
487
480
479
490
497
501
503
499
499
497
499
487
490
491
493
482
482
480
482
483
483
481
489
491
492
487
494
497
506
490
502
499
502
487
489
489
488
485
480
482
481
480
481
477
483
481
484
478
482
483
484
480
475
480
478
486
481
489
485
482
475
472
472
469
474
472
468
469
469
470
468
471
469
472
471
477
469
479
479
485
481
487
488
486
480
483
484
483
479
478
485
485
481
476
483
479
487
477
479
480
482
486
482
485
487
490
484
481
481
485
480
478
473
479
476
477
479
485
497
495
493
491
496
497
492
487
487
484
480
482
487
486
483
480
484
485
483
478
484
484
484
475
476
478
474
479
470
473
472
482
478
478
482
485
485
479
483
481
485
475
483
475
478
475
470
466
465
465
464
466
467
472
470
465
472
468
477
480
489
491
485
493
496
491
490
494
492
493
485
482
484
488
482
488
487
490
483
487
488
488
483
488
483
485
485
486
482
483
483
486
482
483
481
489
482
483
486
489
497
491
487
495
502
498
495
497
497
494
507
503
505
505
505
512
503
498
503
503
513
517
505
504
502
506
506
511
511
503
506
506
502
503
495
488
490
490
486
491
499
502
501
505
506
515
517
518
517
526
542
523
528
522
528
521
507
506
505
516
518
520
526
545
553
543
543
534
541
550
562
550
544
547
550
537
531
526
526
524
529
531
529
533
542
548
538
539
532
543
543
530
537
531
534
535
530
540
544
551
542
536
533
540
538
535
543
535
539
533
519
511
515
514
512
513
511
512
512
523
527
531
534
549
546
537
550
546
549
540
540
540
543
538
535
531
531
544
552
557
562
563
546
555
551
551
544
550
553
558
555
542
554
557
563
567
558
562
553
563
564
557
544
547
554
551
550
546
556
554
557
547
546
555
569
570
561
551
544
533
538
528
533
534
528
533
527
541
536
535
540
547
552
554
536
546
543
550
542
530
540
535
544
533
533
536
545
540
527
537
533
532
530
534
540
531
537
551
552
548
548
550
543
533
527
528
530
529
526
521
524
530
553
573
581
589
578
594
566
545
538
532
530
539
544
532
547
542
555
541
541
533
535
533
555
567
558
560
571
570
559
556
556
554
548
539
546
555
540
539
534
539
543
551
555
553
566
592
587
576
576
584
582
559
565
559
559
579
563
557
563
568
551
541
547
550
561
559
559
558
566
554
565
561
560
553
548
539
546
564
576
582
566
574
571
570
561
562
552
561
579
599
598
587
582
582
579
568
571
549
542
534
534
525
524
518
512
516
522
521
536
601
624
606
611
638
643
618
600
598
593
567
579
576
572
554
553
555
558
551
536
538
537
546
543
545
535
542
541
546
548
535
548
547
548
551
548
543
545
534
537
551
559
591
587
580
567
569
566
561
555
558
559
563
558
547
550
549
553
550
549
552
549
557
552
544
554
555
559
547
547
541
538
539
523
520
518
520
521
519
518
518
512
513
506
507
515
518
543
543
545
546
579
559
554
561
563
561
544
561
557
544
534
536
542
544
533
527
537
547
553
540
543
543
541
546
540
531
540
533
536
530
535
523
531
528
533
532
535
537
528
530
526
528
532
545
540
534
533
540
534
526
519
513
507
515
526
552
576
558
552
558
551
549
529
521
521
518
517
521
520
521
513
515
510
518
516
513
509
522
517
526
512
521
519
526
512
515
513
516
514
518
512
511
511
518
513
514
512
512
517
508
510
510
513
510
507
506
505
498
504
511
515
512
512
519
522
519
527
540
539
522
522
519
518
520
516
510
512
512
507
505
512
514
521
515
519
521
527
521
516
513
509
513
505
503
502
507
508
507
511
510
515
511
508
503
495
494
504
516
517
521
511
514
513
504
502
505
506
501
496
499
498
498
497
499
497
501
498
495
494
495
494
504
503
504
508
510
509
509
509
511
508
503
502
505
499
492
490
493
488
495
492
495
495
499
499
501
498
498
495
500
496
495
485
484
479
477
474
472
480
478
472
469
467
474
472
479
468
469
474
475
478
472
472
472
470
478
471
465
462
459
466
470
481
479
472
468
474
482
475
470
472
473
481
479
476
473
472
475
471
470
471
471
472
475
469
469
471
470
470
470
469
466
470
468
471
463
460
454
450
463
456
461
455
454
458
453
457
455
454
449
449
446
444
454
456
459
451
449
447
444
447
446
457
452
459
453
449
452
454
460
453
451
450
445
451
449
456
450
452
451
447
448
447
453
450
453
444
442
444
438
445
437
442
438
439
440
441
444
442
447
444
448
445
439
440
439
445
441
451
446
440
440
438
442
438
444
440
439
436
436
436
435
441
440
443
443
441
440
439
439
437
443
439
447
443
438
440
440
438
438
446
449
447
442
439
443
442
441
441
442
437
438
437
438
437
433
441
438
437
431
424
425
418
424
421
425
421
433
426
431
426
426
425
423
424
424
425
422
432
430
437
432
435
436
428
432
426
432
428
430
426
428
428
417
423
420
421
419
415
413
421
417
420
416
418
415
417
416
416
419
416
420
419
422
417
421
416
420
415
421
421
423
426
421
425
420
428
423
424
421
423
424
420
423
418
424
424
422
422
423
421
421
419
414
419
416
419
415
419
418
423
418
423
420
414
417
413
417
409
413
404
408
402
412
403
410
403
411
412
410
410
411
412
409
413
409
415
411
417
412
419
415
418
412
414
414
408
414
405
412
408
408
407
409
821
407
405
402
404
407
401
406
402
403
398
406
406
405
403
403
402
405
401
400
398
399
400
400
404
402
403
398
403
400
407
403
405
404
412
404
401
402
401
398
396
399
397
401
396
399
397
403
397
405
399
400
398
403
401
397
399
398
400
397
402
398
402
396
400
396
397
395
404
397
404
397
398
396
394
392
392
392
391
394
392
397
394
398
394
398
393
395
392
397
396
402
398
406
401
405
399
401
400
396
398
396
399
396
398
391
396
391
399
389
396
391
395
391
392
387
390
389
387
384
385
389
386
389
387
391
387
391
390
394
388
396
389
398
393
398
393
397
395
396
392
394
392
390
390
392
396
390
396
392
395
391
396
392
402
396
403
396
405
398
399
398
397
401
396
401
395
399
396
397
395
398
392
399
393
394
395
393
394
388
396
389
393
388
393
386
391
385
390
382
390
384
392
383
388
379
387
380
385
378
381
379
380
382
381
378
382
381
379
380
377
379
375
378
375
378
379
379
372
380
377
380
380
377
376
382
374
379
372
380
373
378
374
375
373
376
372
374
368
375
366
371
370
370
367
370
367
370
364
368
365
372
366
369
363
366
364
370
367
368
362
365
366
368
367
363
369
367
368
363
369
367
368
368
370
368
372
373
372
369
374
373
373
371
369
374
371
369
372
370
374
369
372
372
370
372
369
369
371
370
369
368
370
366
369
370
369
367
372
369
369
366
369
369
368
368
368
365
369
366
368
367
367
365
366
367
367
364
368
366
369
365
370
365
370
367
369
367
367
365
370
363
371
364
368
364
368
363
370
364
367
363
367
364
367
362
367
358
368
362
365
363
368
362
368
363
367
361
368
360
363
360
363
360
365
361
361
360
360
358
366
360
367
359
364
358
361
358
361
357
363
356
359
716
357
357
354
354
357
359
356
354
358
358
357
357
359
358
360
356
361
358
361
356
362
356
363
355
361
354
359
354
360
354
357
354
356
352
356
352
356
347
355
347
354
350
352
353
350
355
351
358
353
357
355
356
355
358
354
360
354
360
352
360
354
356
354
355
353
357
349
354
351
355
349
355
350
354
349
350
352
350
354
351
354
351
354
351
355
351
355
349
356
352
356
352
354
350
355
351
354
349
354
351
352
346
345
348
350
348
349
352
349
354
348
354
349
354
346
354
349
354
350
354
348
352
347
354
343
349
342
348
348
342
349
343
348
345
346
346
345
344
350
345
351
340
345
339
343
344
340
346
337
343
339
345
343
347
340
348
342
346
340
342
342
343
340
341
346
342
345
339
346
340
346
341
348
342
348
343
345
342
341
346
340
342
339
341
341
345
340
345
340
344
339
338
340
338
341
339
337
335
338
338
343
337
341
338
343
336
339
336
336
341
331
339
334
339
335
342
333
340
337
337
335
335
338
334
339
330
337
334
338
336
337
336
333
338
336
337
333
336
335
340
331
340
336
340
337
337
336
336
337
336
340
338
341
337
341
337
340
338
340
333
336
337
336
336
333
334
334
341
331
340
332
340
336
335
332
333
336
332
338
333
339
333
338
336
334
331
334
337
333
335
330
337
332
336
331
338
330
331
336
328
335
330
336
332
337
332
334
331
333
334
330
337
327
334
331
336
332
336
329
337
330
332
333
331
334
331
336
667
331
337
334
333
332
332
336
330
331
333
333
332
337
331
335
330
331
334
331
332
328
331
671
331
335
330
328
334
330
330
328
331
329
335
326
331
330
329
333
325
331
326
326
365
313
313
334
661
335
332
1979
330
327
333
330
329
336
331
335
333
333
334
334
332
328
335
328
334
329
334
332
332
329
334
329
334
327
330
332
328
327
327
328
327
332
327
329
328
326
331
322
328
324
329
328
328
328
327
327
326
331
321
329
324
330
325
329
326
326
328
324
328
325
330
322
332
325
331
325
327
329
325
328
326
326
325
327
325
328
322
328
328
323
327
324
325
325
329
321
325
326
324
323
322
324
323
327
322
323
324
324
322
322
322
323
327
320
324
322
322
325
320
325
320
323
317
319
320
320
321
319
321
321
324
319
319
324
323
321
323
321
325
324
321
320
325
319
325
321
325
320
324
319
324
325
318
324
320
324
319
325
318
325
321
321
321
318
318
321
322
316
321
320
321
319
319
319
320
321
314
320
320
320
318
318
319
319
321
317
318
319
322
316
319
319
319
321
317
319
320
319
317
318
317
318
320
317
318
319
318
321
313
322
317
321
319
317
320
318
321
314
322
315
321
319
314
320
316
319
318
318
314
319
317
319
315
316
318
317
319
313
318
321
312
318
313
320
317
318
314
316
320
317
315
315
317
317
318
314
314
319
316
315
316
317
316
318
314
313
316
316
314
313
316
317
312
311
315
317
313
314
316
317
317
312
318
315
321
317
314
316
319
319
318
314
316
318
319
317
318
318
322
314
319
320
323
317
319
320
320
324
319
319
317
319
323
323
327
316
328
321
327
318
320
320
325
326
319
326
323
328
324
322
323
321
329
325
327
329
324
322
321
325
328
331
323
329
328
328
333
335
336
335
327
334
332
337
331
333
336
334
338
340
343
336
338
337
342
347
341
340
345
346
347
340
346
343
348
345
346
347
348
349
345
352
351
356
351
354
358
357
359
356
357
361
359
363
363
363
358
361
360
361
364
359
362
358
363
364
365
367
364
367
372
373
370
379
379
382
382
386
383
387
378
383
379
378
376
381
380
377
383
384
383
389
384
384
387
381
381
383
383
377
381
384
382
384
385
386
388
390
388
393
392
395
395
396
390
396
396
398
396
399
399
398
401
400
399
398
405
407
404
410
411
414
407
415
413
414
410
417
413
412
415
414
413
412
414
410
413
408
415
410
410
405
410
406
405
409
402
403
402
408
399
405
406
408
410
411
415
417
418
419
430
422
423
426
428
425
420
428
423
422
415
425
420
422
418
425
421
423
421
431
428
428
434
436
433
439
437
437
438
436
436
438
438
434
434
436
439
438
438
439
447
441
443
446
451
450
445
444
444
454
447
453
450
456
455
459
465
459
466
466
459
459
449
460
452
453
453
448
448
447
447
442
454
453
449
451
455
458
451
448
447
448
448
448
450
444
452
454
459
461
466
467
468
467
465
475
471
471
467
468
466
469
468
461
463
457
466
464
459
460
457
465
457
461
459
459
463
459
468
462
467
468
461
472
468
471
475
482
474
479
474
485
479
480
479
477
477
478
478
474
471
474
480
473
468
470
474
466
479
473
473
479
485
477
483
482
477
477
475
484
472
474
468
478
476
480
484
477
479
481
488
478
482
482
483
479
479
483
477
477
476
487
477
481
475
484
481
486
482
476
476
472
472
467
471
469
473
473
472
473
478
475
484
480
483
481
486
485
489
481
487
482
486
484
487
480
484
479
486
485
483
479
480
482
481
492
488
490
486
496
495
494
495
496
501
494
499
495
507
498
497
496
502
496
496
494
490
483
496
484
493
494
499
493
488
498
495
495
494
496
495
490
492
494
496
493
487
489
489
489
488
486
486
482
490
481
485
488
496
490
498
501
500
496
502
502
499
489
493
485
491
482
481
478
478
485
488
487
484
486
491
481
498
491
486
489
493
492
495
496
494
494
499
498
501
507
502
503
506
498
501
501
504
494
497
498
499
492
500
496
502
496
494
498
494
498
500
492
497
498
501
496
500
498
502
494
493
497
496
493
494
498
500
491
496
499
493
489
496
498
491
497
497
499
504
499
495
491
491
492
488
486
481
488
485
492
490
491
491
492
492
499
496
495
486
494
489
486
485
483
480
485
484
493
485
484
487
493
491
489
489
493
487
487
491
496
492
488
490
495
492
492
491
498
499
493
498
496
502
494
496
497
488
492
501
499
503
502
499
504
512
507
505
506
505
499
495
504
501
497
498
501
501
490
498
492
498
497
501
503
495
501
496
503
501
497
497
497
504
501
503
507
510
507
503
511
511
509
510
515
511
510
505
511
510
509
504
505
506
507
497
503
503
505
501
495
493
497
501
500
498
503
507
499
500
503
501
502
503
496
492
485
495
492
493
491
496
496
494
497
501
496
498
488
489
486
493
487
493
485
491
488
492
493
506
502
503
505
510
509
511
515
502
505
502
504
500
503
502
503
497
496
502
505
500
503
506
507
498
502
497
508
502
500
497
503
502
496
499
501
503
493
496
492
493
501
505
506
503
508
509
507
508
509
507
506
498
498
498
506
498
502
502
506
499
499
507
505
504
508
509
507
504
505
505
505
503
502
500
496
501
501
505
505
502
502
504
504
503
500
499
503
493
493
496
499
494
499
500
505
497
506
501
507
504
500
493
489
491
495
490
492
486
490
488
487
489
981
495
500
502
502
512
507
506
507
511
504
506
507
507
502
498
504
497
505
505
503
502
507
508
508
512
515
512
506
512
514
508
507
515
508
509
499
507
502
505
506
507
505
504
503
506
505
515
507
506
506
512
503
508
508
510
504
502
508
503
504
506
505
502
505
507
503
504
509
510
510
501
506
501
505
503
500
498
502
502
508
509
511
511
506
507
509
511
507
504
498
493
492
497
494
495
492
491
493
498
495
503
497
497
499
508
502
507
510
513
504
506
509
507
506
507
508
504
502
499
500
499
506
499
498
500
504
497
500
504
501
500
491
498
494
498
493
491
493
489
489
492
493
489
489
489
496
493
499
493
493
496
496
499
491
494
494
499
492
494
497
500
494
496
497
501
494
495
494
497
490
496
497
496
494
492
499
496
495
496
497
498
495
497
502
500
499
499
498
502
502
507
503
496
492
492
497
495
496
493
494
497
495
500
494
491
497
499
496
500
505
505
507
500
508
506
509
506
503
500
500
501
498
497
496
497
493
494
498
504
499
502
504
508
502
507
513
507
510
502
504
500
506
503
501
498
506
496
500
502
507
502
501
504
506
499
501
505
504
506
503
503
502
505
508
506
502
504
508
502
505
504
499
491
491
494
492
490
492
490
492
494
490
491
484
488
486
495
498
501
504
503
500
503
503
507
501
503
502
504
494
498
503
498
501
496
499
500
498
503
498
494
499
501
502
501
503
506
502
500
504
506
506
505
504
503
504
505
511
510
513
517
518
515
514
512
507
511
506
498
496
498
493
492
483
484
483
479
485
487
484
479
483
482
485
484
487
487
486
481
484
490
486
487
485
489
496
492
496
492
491
496
493
499
495
493
498
497
495
495
500
500
500
495
499
497
498
498
494
495
496
499
501
500
501
507
501
502
505
505
505
504
502
501
502
502
505
501
499
497
499
496
497
503
502
502
504
510
511
509
510
507
509
504
505
510
508
511
507
505
504
506
506
500
497
508
510
509
510
514
510
510
510
505
504
502
505
501
500
495
498
497
500
503
498
498
500
503
499
501
504
507
510
511
515
512
515
510
504
496
493
494
500
500
501
503
507
502
508
510
510
512
511
511
513
512
513
514
516
531
520
516
520
521
508
507
506
506
498
493
496
493
500
490
497
497
507
532
560
573
565
566
563
563
556
562
549
542
533
535
519
518
514
509
510
508
517
518
525
527
522
527
529
529
527
529
530
536
530
536
531
538
551
559
564
561
598
601
592
582
590
590
578
572
571
579
573
562
565
563
559
565
571
552
633
635
610
580
599
607
601
588
572
569
552
555
552
562
563
615
854
738
759
749
694
687
616
592
585
566
561
555
553
549
556
550
557
553
557
563
564
579
571
562
562
557
552
555
559
545
585
588
583
577
569
574
564
564
566
566
556
545
544
540
545
548
564
558
561
548
548
544
543
545
537
529
529
533
539
529
563
567
573
566
585
589
618
604
599
602
589
573
565
573
564
567
564
570
558
562
569
591
592
570
566
570
547
543
548
550
547
553
550
554
565
567
566
574
609
913
837
726
677
670
662
616
615
612
604
604
592
588
581
565
567
565
563
571
568
572
559
557
561
559
561
574
607
650
602
606
596
591
600
595
596
580
585
586
587
583
593
604
679
707
694
640
604
596
595
573
572
564
563
561
555
558
581
632
807
740
702
698
644
623
618
597
575
573
561
558
552
546
545
542
541
527
529
534
543
554
560
546
562
547
554
559
561
563
574
1132
541
549
546
554
561
557
559
544
547
555
562
554
563
562
585
651
702
753
711
636
597
589
575
575
576
570
582
562
622
616
635
621
608
594
584
576
566
565
547
545
578
604
594
589
651
736
792
739
688
640
626
600
598
576
583
585
590
597
596
586
593
618
615
619
594
593
585
579
582
597
620
657
721
730
736
666
667
617
609
608
592
591
590
581
584
599
605
611
589
582
597
593
637
662
665
630
610
622
612
605
604
604
604
589
588
582
592
644
707
711
657
615
688
678
690
659
624
609
613
600
602
616
628
650
651
662
637
632
627
618
642
655
657
660
641
661
678
666
655
635
611
602
583
581
590
610
632
672
738
718
719
692
707
677
678
667
648
635
626
604
599
600
598
617
628
634
660
677
677
664
661
645
625
643
626
614
609
602
595
591
579
585
585
609
609
624
662
719
765
688
653
625
605
595
587
586
577
573
572
576
574
591
652
840
812
803
773
726
715
688
658
623
608
595
593
580
573
566
570
550
572
574
665
771
831
815
740
725
684
638
673
665
668
655
646
629
615
603
588
586
577
574
580
596
606
604
608
607
695
705
305
449
664
640
615
588
589
584
583
590
595
612
623
634
637
651
646
639
621
614
599
595
599
602
593
590
625
648
673
676
672
669
645
639
644
641
635
633
623
625
623
601
599
608
590
626
619
636
658
667
642
639
673
685
680
657
651
662
671
647
639
626
641
638
622
615
614
658
761
833
769
728
681
642
626
617
617
627
635
645
653
674
709
720
677
663
656
644
640
623
623
635
645
663
648
652
666
672
653
656
651
652
648
637
632
637
644
626
628
635
655
671
670
671
673
665
664
662
662
639
696
677
668
632
622
614
608
605
606
610
605
602
623
638
631
639
648
634
632
634
632
620
612
613
611
618
623
625
631
624
636
645
657
681
667
656
627
617
611
605
612
627
601
602
596
601
613
612
610
621
635
651
661
677
687
648
646
629
633
626
622
615
608
604
605
608
629
673
736
745
755
742
718
689
614
653
612
596
596
593
579
591
571
581
630
692
723
722
691
646
624
618
612
616
643
707
811
798
802
736
724
703
725
731
714
675
634
611
621
604
610
617
636
663
654
641
644
622
631
624
646
646
730
731
660
668
642
641
637
631
626
621
608
610
610
609
612
609
608
610
624
633
644
610
619
615
622
624
626
651
668
649
604
614
622
591
602
669
718
709
724
750
773
767
782
726
716
695
691
679
672
671
673
677
678
708
732
708
683
668
674
669
666
668
673
660
646
648
645
638
618
612
597
593
595
604
656
717
727
725
708
676
668
671
651
646
657
667
684
674
642
640
639
649
632
636
673
708
694
690
721
707
733
695
786
715
674
650
647
638
646
619
618
606
671
726
771
762
731
677
659
662
649
632
610
623
609
601
589
599
632
706
761
733
708
680
651
648
641
646
645
651
681
729
767
764
714
705
707
698
672
664
666
706
746
704
694
676
677
676
655
669
715
748
707
711
699
708
686
675
664
666
674
648
654
671
685
694
681
678
690
684
661
658
667
671
681
656
671
701
702
699
671
663
686
656
623
598
592
589
598
645
688
715
683
680
673
656
647
646
646
648
645
648
653
658
660
662
646
636
626
642
652
652
654
726
713
686
657
647
651
646
618
696
680
664
619
627
604
599
592
594
596
633
722
741
742
688
677
629
618
597
626
628
653
668
664
651
636
632
634
626
618
621
640
655
632
628
632
650
688
698
707
651
607
637
580
591
599
571
594
1138
576
573
572
572
572
566
564
561
561
550
547
552
547
556
564
577
583
593
590
577
599
597
603
587
573
581
571
565
566
554
563
554
564
607
629
639
688
690
704
676
616
603
615
602
631
618
640
647
634
626
624
623
616
600
586
582
596
626
649
689
699
699
750
713
656
683
656
650
645
634
603
597
593
596
620
655
684
678
668
624
600
585
580
594
559
628
607
607
663
790
829
812
773
736
652
671
632
604
598
603
619
591
611
673
794
820
800
793
785
740
717
722
713
696
664
611
640
635
661
678
698
677
668
650
677
720
782
789
809
800
778
750
755
751
700
702
696
658
623
634
640
679
729
780
749
703
690
688
695
709
714
721
725
715
683
646
675
657
669
688
720
653
627
606
603
604
606
623
614
604
658
621
608
604
595
599
603
602
595
592
598
605
594
583
580
582
578
574
566
561
563
560
571
589
646
724
780
789
763
687
640
599
580
572
583
595
646
677
708
729
788
834
832
778
730
667
632
622
601
592
578
638
652
673
700
725
729
738
697
687
680
684
676
663
647
647
662
689
730
779
798
810
792
739
655
649
661
635
651
674
700
708
754
789
795
803
760
724
704
698
708
702
712
731
735
723
712
641
626
613