637
639
644
626
653
659
636
638
635
618
625
621
613
604
608
609
619
612
616
621
587
608
619
645
679
728
766
759
699
691
1388
714
736
727
713
666
656
1303
706
733
698
731
756
754
768
810
852
878
810
821
881
872
821
811
824
814
810
824
786
774
772
758
714
730
729
761
785
731
763
835
904
839
856
854
836
835
786
808
848
853
847
798
771
800
810
757
761
820
925
900
868
842
788
716
713
702
720
752
889
962
925
1008
982
960
910
800
793
789
767
835
889
922
897
870
854
790
802
796
804
775
826
807
769
789
755
786
801
791
766
745
704
702
698
705
711
711
701
687
674
646
650
645
660
742
826
916
911
830
796
764
760
762
758
701
710
744
778
817
823
804
799
779
760
752
739
737
728
685
703
703
806
879
935
896
879
858
795
704
684
677
699
756
743
710
731
724
729
749
796
791
773
754
731
709
681
668
646
656
712
895
904
988
996
938
924
894
839
775
735
713
742
781
817
826
823
791
766
762
759
732
786
876
835
888
888
811
791
765
731
704
711
726
751
730
767
782
829
744
723
756
767
792
788
766
760
783
786
778
785
780
784
788
787
802
798
791
782
774
785
785
769
771
741
702
691
671
683
667
681
675
680
707
725
721
708
688
694
699
698
703
725
737
706
716
729
715
695
695
681
677
668
663
630
663
652
646
614
644
653
725
780
776
702
694
703
714
723
721
707
676
693
701
782
829
853
799
1497
763
762
755
733
708
677
652
640
637
617
607
630
727
990
872
967
1027
1013
993
1010
949
968
941
868
925
942
968
1065
997
1017
1039
959
1009
983
935
875
916
975
920
992
1004
938
982
979
898
954
969
949
1017
1013
983
998
929
987
946
900
874
888
897
837
873
938
921
926
925
859
907
991
948
931
979
940
945
930
888
956
1000
1011
1061
986
1036
1038
969
997
944
930
940
914
898
908
885
975
1041
987
1007
955
801
734
718
809
1090
968
1011
1002
987
1040
1008
982
984
948
949
885
854
880
853
827
808
840
871
828
907
946
871
917
878
787
854
910
902
968
979
862
901
877
793
878
960
930
997
997
906
861
784
711
771
743
746
767
768
759
736
688
684
666
651
643
637
626
611
607
625
623
626
609
648
636
645
639
622
628
611
613
601
615
612
603
628
647
780
846
863
867
859
830
804
746
725
699
691
672
689
719
751
704
702
714
732
702
729
750
792
825
839
789
778
803
852
825
888
924
841
830
774
779
773
829
819
896
835
847
824
758
764
781
741
790
873
906
886
803
836
825
797
762
759
742
775
849
861
820
784
801
765
760
772
786
768
823
922
884
918
909
833
820
841
848
789
753
783
799
783
792
749
780
785
786
691
673
684
723
809
809
765
676
708
695
690
688
671
686
800
800
828
822
735
730
739
744
807
842
796
739
800
828
741
717
709
793
888
790
813
837
894
862
774
729
669
624
616
646
667
654
688
687
698
708
704
691
687
680
652
654
659
687
724
764
707
745
758
730
729
692
651
644
631
695
711
796
868
890
851
801
742
770
784
771
758
775
771
764
824
858
831
875
883
842
837
842
771
771
810
903
905
987
997
896
936
936
854
939
1019
938
1022
1001
922
997
986
895
938
975
927
1010
986
950
1008
965
974
975
852
750
757
810
837
868
1035
1009
971
1056
1002
952
994
952
972
1025
896
950
941
921
1024
1042
983
1055
1034
942
974
933
863
866
876
791
794
773
735
777
814
843
846
906
853
781
789
839
820
850
900
917
887
921
906
815
822
840
802
767
760
755
720
653
621
625
619
608
583
567
570
572
563
566
562
556
553
552
541
553
543
532
546
546
556
566
569
571
558
562
568
563
574
607
643
650
687
698
704
659
666
647
620
645
638
625
628
625
604
600
582
577
578
612
640
669
681
621
615
617
631
620
616
606
608
611
604
608
619
613
602
596
588
575
570
567
550
546
552
562
631
688
719
747
727
738
756
717
677
649
654
671
679
685
702
712
675
663
672
669
633
606
597
598
616
641
638
614
617
604
602
611
625
609
601
602
646
663
668
711
760
751
762
784
816
761
743
723
745
705
659
659
729
800
768
854
842
858
861
865
812
796
808
796
795
738
730
733
745
761
719
706
734
708
696
778
796
800
850
850
825
838
796
738
721
701
709
682
694
761
753
790
822
814
798
800
758
758
738
702
699
704
698
754
798
791
838
781
777
768
760
699
686
673
650
644
646
677
715
685
609
592
565
586
569
592
622
682
662
626
614
614
612
588
580
562
563
555
547
540
545
563
653
733
759
714
717
729
717
687
682
707
684
701
734
739
691
657
641
679
731
706
657
658
649
603
588
594
600
578
591
599
588
581
573
569
566
566
570
566
565
563
559
556
556
560
577
598
616
639
631
619
611
600
605
611
633
625
631
634
629
639
647
677
651
631
629
630
643
644
652
694
771
813
765
710
683
682
706
691
653
648
667
754
727
682
642
611
606
598
610
630
620
633
682
799
866
788
793
813
808
698
701
707
706
685
648
642
634
644
642
712
776
825
753
765
747
660
663
652
651
647
711
758
717
701
718
733
763
714
748
722
637
635
620
602
588
604
607
598
577
575
576
570
571
570
560
558
548
538
533
548
547
538
535
547
536
532
520
530
519
520
513
521
521
527
519
522
524
532
524
528
533
536
549
561
557
550
536
530
519
516
520
528
528
536
537
534
532
547
574
578
579
599
611
596
579
598
583
562
570
561
563
550
562
567
564
558
565
576
589
590
563
564
566
564
558
548
535
537
530
546
569
569
564
591
587
577
595
614
617
593
608
602
607
604
584
610
591
573
567
548
534
529
525
513
515
505
506
497
490
479
487
476
464
472
463
455
459
455
447
450
446
445
444
442
436
440
435
438
438
432
436
435
428
430
433
432
430
424
430
430
423
424
423
422
425
422
418
419
407
413
408
414
384
433
422
420
415
418
409
421
413
417
415
418
417
422
421
417
419
420
417
411
421
415
417
419
416
417
420
421
420
415
421
422
414
416
420
423
415
408
418
412
412
416
411
409
411
413
412
401
405
408
405
403
401
410
398
408
406
399
402
406
405
404
401
407
404
402
407
406
407
813
401
396
397
391
396
398
397
397
395
400
398
396
395
399
399
390
394
396
395
395
396
396
388
391
395
391
391
390
394
391
391
386
393
392
390
388
390
392
385
387
391
391
388
386
389
386
390
382
387
393
392
391
385
388
387
390
391
386
384
388
390
382
382
383
385
385
382
382
387
389
383
380
378
385
382
377
384
384
386
385
384
379
381
382
384
378
380
386
386
384
377
377
378
385
376
373
379
382
381
378
375
373
381
378
380
374
381
382
383
378
381
382
381
386
380
377
378
384
386
378
380
380
386
375
376
383
388
386
386
385
382
391
387
388
389
393
394
393
396
389
393
391
391
394
392
390
396
396
394
385
395
395
388
393
394
396
393
390
386
392
394
387
390
388
397
388
389
394
396
391
385
393
394
392
393
396
396
395
396
389
391
397
395
392
383
390
391
384
389
391
393
387
385
383
393
385
387
393
394
390
382
385
388
390
384
385
388
390
388
379
381
382
387
376
381
384
386
381
376
383
382
383
377
380
387
382
380
379
383
382
381
372
378
380
379
374
379
382
383
378
377
375
375
379
379
382
379
380
380
384
387
386
386
379
379
379
385
380
382
385
386
386
376
381
381
386
379
379
385
388
382
379
384
383
382
377
382
379
378
378
379
382
378
377
385
385
381
380
385
386
383
380
382
387
386
383
376
377
375
382
380
381
377
376
379
380
382
374
377
372
378
373
378
380
378
377
379
382
375
375
379
381
376
375
380
381
386
380
382
373
379
373
378
383
381
373
372
377
379
377
371
372
376
377
377
377
376
378
383
379
377
373
379
380
377
381
383
386
379
379
381
385
379
380
384
385
384
378
375
376
384
375
374
380
382
379
378
380
382
378
372
375
380
377
376
376
380
382
379
370
373
374
380
370
371
377
376
374
372
376
376
371
365
369
371
370
365
366
372
372
372
368
365
362
363
362
368
361
361
361
366
364
359
363
368
367
362
361
365
366
363
359
362
364
361
359
361
365
361
357
365
366
367
362
366
366
369
365
363
363
366
365
363
360
367
365
363
362
368
373
367
362
367
367
369
365
361
360
361
367
363
361
361
362
364
362
367
359
366
363
368
362
365
364
368
359
361
362
367
358
358
359
367
361
359
358
364
365
362
363
369
372
368
363
366
369
368
365
365
365
368
362
366
368
371
371
371
365
363
363
368
365
362
362
365
365
361
364
367
371
369
364
367
369
370
367
363
365
368
366
362
366
370
364
369
371
373
371
373
369
366
363
370
366
362
358
361
366
365
365
359
363
368
366
363
363
363
366
361
358
361
364
359
356
358
361
359
355
359
364
363
362
365
365
368
366
368
369
372
365
368
371
370
367
372
374
372
367
369
370
373
373
364
364
369
370
365
367
373
372
367
369
373
372
368
362
367
366
366
361
366
367
367
368
370
371
372
369
369
371
372
368
371
377
374
371
379
380
378
378
379
383
378
374
377
380
379
373
376
380
377
376
377
382
376
375
376
389
382
381
384
389
390
384
383
384
391
390
382
381
386
392
388
389
388
392
399
396
393
395
398
402
403
397
396
396
404
410
406
403
401
395
396
396
404
403
402
401
406
416
413
413
414
420
431
427
425
431
441
441
437
441
445
443
437
431
432
435
440
445
441
434
437
429
429
435
430
431
432
443
446
443
448
456
461
463
460
464
467
481
482
471
466
487
467
459
446
449
447
442
438
439
446
453
459
455
463
483
486
485
479
488
514
496
498
505
522
511
512
513
525
506
504
502
506
491
488
956
477
472
467
463
451
440
438
441
441
438
442
448
462
469
464
956
492
497
492
491
479
463
455
460
475
463
470
473
487
503
491
502
504
488
490
496
500
495
489
495
509
504
495
495
498
498
490
492
490
498
502
493
489
481
484
489
490
499
504
494
491
486
495
495
486
485
482
478
466
471
479
479
480
481
498
495
498
506
520
518
518
517
525
508
504
502
499
495
492
493
495
499
503
491
494
493
496
491
487
487
490
481
474
478
481
481
472
464
462
463
465
466
469
461
452
453
462
471
479
482
483
494
513
527
519
519
528
546
533
529
533
548
529
532
535
536
522
521
523
525
515
518
520
516
503
506
506
504
500
500
498
507
507
499
496
500
499
501
492
491
494
496
506
500
496
494
500
504
498
501
497
502
498
500
482
477
480
480
479
473
475
479
491
505
505
508
516
528
517
520
522
540
516
512
507
509
498
494
497
497
506
498
496
497
504
503
506
502
507
509
512
503
503
505
500
491
487
494
500
493
487
492
496
487
484
488
489
488
488
495
500
498
491
488
487
491
507
515
523
527
527
516
501
493
495
492
484
483
484
496
481
492
481
478
483
479
476
477
474
473
472
468
464
459
456
454
445
440
440
436
432
429
429
425
423
416
420
415
418
418
415
413
419
415
414
403
410
412
408
407
407
411
411
412
416
409
408
414
411
409
406
409
410
406
399
402
406
405
399
396
397
402
391
396
396
396
395
387
387
391
388
394
391
395
393
393
387
390
396
397
396
393
389
389
393
390
393
389
388
395
390
386
385
388
392
387
385
380
383
386
388
380
381
387
388
386
379
384
387
385
385
389
388
386
381
385
389
385
389
387
391
389
383
388
390
391
388
390
393
389
386
387
387
389
386
387
387
388
381
385
389
389
389
388
392
391
393
389
389
395
392
390
383
389
392
389
392
387
387
384
387
389
388
389
391
392
392
387
383
390
390
392
389
388
394
390
386
387
391
390
388
385
385
391
387
383
390
388
391
385
381
383
388
381
385
387
387
389
387
388
384
384
391
392
387
382
387
390
386
391
391
395
392
393
388
387
394
393
395
391
389
388
387
392
394
392
389
386
384
390
392
387
391
388
391
390
387
386
390
390
387
382
380
387
382
379
384
386
387
383
379
379
385
386
383
388
386
392
384
381
384
391
384
389
390
390
388
382
388
391
391
392
389
395
387
386
385
387
391
390
387
382
384
380
383
381
384
381
379
353
406
385
382
380
377
377
382
383
385
379
378
381
386
381
382
388
387
388
388
385
381
386
388
392
393
389
390
385
384
385
386
388
389
386
383
384
386
383
379
382
381
382
381
381
386
377
376
378
382
378
381
383
384
382
377
378
378
378
371
373
376
375
375
376
371
372
375
369
371
371
367
366
371
369
370
366
368
373
373
373
373
375
379
377
371
373
377
380
377
376
379
377
385
381
380
373
377
373
374
377
373
372
375
375
377
378
381
380
376
374
376
387
381
383
387
391
387
385
391
393
391
391
388
396
387
383
379
384
383
380
385
388
385
383
386
385
381
384
389
388
389
390
390
396
391
388
391
396
394
396
395
394
400
394
395
396
398
396
396
401
397
393
400
401
400
395
396
401
398
396
398
401
400
396
396
409
399
396
399
399
400
398
396
396
404
402
394
391
396
396
398
394
392
391
396
397
394
395
401
401
395
397
403
409
408
407
401
400
398
399
399
403
397
400
401
408
402
401
403
416
418
418
412
411
417
417
420
413
417
427
427
425
422
425
433
423
423
420
423
426
424
425
423
419
423
430
423
420
423
424
429
419
416
420
420
419
419
420
426
425
419
411
409
414
415
405
404
405
409
400
399
404
411
417
412
415
422
425
420
419
421
421
423
421
424
434
426
428
433
433
430
428
433
438
430
429
427
444
433
435
439
444
438
438
442
441
433
432
434
435
426
428
437
435
432
424
426
437
437
428
425
428
435
424
424
423
432
434
427
423
421
423
432
427
423
422
426
437
432
433
438
444
443
432
433
438
441
434
435
436
427
422
425
424
431
439
438
438
434
438
445
437
435
436
443
435
433
439
445
443
437
447
448
450
440
440
440
442
441
428
432
434
434
426
425
425
434
421
423
426
430
436
426
429
422
420
424
427
423
418
418
425
424
430
434
427
426
428
438
430
431
431
434
438
438
434
429
427
431
425
418
419
426
418
414
419
417
416
412
419
421
426
424
420
421
377
462
433
431
433
438
438
438
431
434
437
439
444
441
435
429
431
438
430
423
421
421
423
413
416
421
426
422
417
422
425
425
418
426
435
431
431
430
433
440
433
428
432
438
431
425
432
432
433
432
424
425
424
433
432
427
418
419
418
417
410
417
425
423
421
418
420
429
424
416
421
421
426
423
421
424
430
422
421
424
425
424
416
424
426
431
436
427
422
426
435
435
427
427
435
431
430
433
438
443
433
438
442
446
437
440
447
447
442
440
444
446
445
439
434
438
441
441
434
440
444
445
448
444
443
438
445
446
438
439
443
449
440
440
443
450
441
442
448
448
447
440
446
451
453
440
437
438
443
433
431
431
435
427
426
435
428
427
426
433
436
424
422
426
428
425
420
424
429
425
418
421
430
420
419
421
425
430
423
425
422
417
426
417
414
417
421
413
411
413
419
424
419
418
419
427
424
418
419
424
416
421
417
425
427
418
421
421
428
422
418
423
426
424
422
425
425
428
424
430
432
429
424
428
431
435
424
423
424
429
420
419
422
423
422
418
412
419
417
420
419
418
421
415
419
416
411
412
422
415
414
417
422
426
423
417
417
410
408
409
420
417
422
421
427
435
438
441
434
432
436
435
431
430
434
435
435
427
428
428
434
426
416
423
422
425
423
413
416
418
422
416
410
415
414
416
412
410
415
409
409
408
409
410
401
400
402
404
406
403
398
393
397
396
399
398
397
401
397
395
397
402
404
404
406
403
397
399
397
400
400
398
395
396
400
400
399
396
396
399
400
397
401
404
404
400
399
404
406
405
406
406
404
400
403
409
405
400
398
403
406
406
401
398
402
404
404
404
401
403
402
402
398
401
406
405
400
404
407
413
410
406
405
415
411
410
410
412
409
409
414
414
408
406
411
412
415
406
401
405
405
407
406
405
399
399
402
398
400
403
405
397
401
405
402
406
403
409
401
402
402
410
407
399
403
411
406
409
405
399
400
401
406
404
411
404
404
408
412
413
414
411
415
417
421
417
415
420
418
422
418
420
418
418
416
412
415
418
406
409
410
414
411
401
406
406
409
410
401
407
410
410
409
406
408
408
402
408
408
404
396
402
401
404
403
406
402
399
399
401
401
396
397
398
400
397
399
398
396
394
397
399
396
392
388
393
391
394
393
393
392
391
394
388
385
393
389
393
393
387
384
390
391
394
395
391
392
396
396
394
398
402
399
394
395
398
396
396
393
392
394
391
387
391
389
392
382
387
389
391
384
384
389
389
387
383
384
385
380
381
383
385
384
386
383
378
376
380
380
376
380
382
382
381
377
375
375
378
377
372
370
375
374
376
374
374
366
372
373
375
372
369
375
377
375
374
377
379
374
371
374
379
373
378
376
378
380
378
372
374
379
376
373
374
376
377
375
375
379
375
376
375
376
375
376
380
379
381
383
384
377
377
383
383
380
380
385
383
382
385
384
379
374
376
378
379
379
378
377
377
381
378
377
374
371
376
376
372
375
373
378
374
375
370
365
366
366
368
366
360
362
365
363
362
362
366
362
366
367
372
370
370
370
376
376
372
366
369
373
376
370
373
375
378
374
370
378
375
369
369
374
369
365
368
365
366
367
368
369
367
363
365
367
366
360
364
366
368
362
365
367
365
368
369
373
371
370
366
366
371
369
363
364
371
369
364
364
370
365
368
368
376
368
367
365
373
369
365
364
370
367
363
363
371
367
365
366
365
366
368
374
370
371
371
367
369
367
370
371
363
368
372
370
364
364
367
366
365
368
369
367
372
367
369
370
372
372
365
362
365
367
363
362
366
364
362
365
365
368
366
366
364
365
370
366
362
362
367
363
359
363
366
362
362
364
364
361
363
364
366
365
360
362
365
363
363
357
359
364
361
356
355
363
357
354
358
358
360
354
354
356
359
357
354
356
354
359
356
357
357
359
359
358
360
359
356
356
360
358
353
354
360
355
353
353
358
351
352
356
354
350
354
354
354
351
356
353
354
353
356
358
357
354
356
355
355
353
356
355
354
351
358
354
353
351
355
356
353
350
353
354
350
349
353
354
354
349
349
352
354
354
353
352
348
350
352
351
349
349
352
353
350
348
351
354
350
346
349
353
351
348
352
354
350
350
354
354
349
350
354
349
349
352
350
346
347
345
349
348
345
347
352
352
348
348
352
352
354
350
350
352
354
353
352
351
357
356
354
354
359
354
355
356
358
356
357
357
362
357
356
360
359
353
354
360
356
352
353
357
355
354
351
354
350
348
353
354
349
346
349
350
351
352
348
347
346
354
353
349
348
356
354
352
351
354
356
354
351
349
358
350
353
354
354
348
350
354
354
347
349
352
352
347
348
350
350
345
347
351
352
346
346
347
353
349
353
348
345
344
347
348
350
341
346
347
348
350
352
344
346
350
351
346
347
354
353
347
353
352
350
348
356
348
348
349
354
347
347
350
350
350
347
350
348
350
346
350
350
348
347
353
349
348
346
354
349
348
350
352
351
349
350
354
350
350
349
354
349
350
354
352
347
350
352
353
346
345
350
349
352
350
348
344
349
347
344
344
349
345
348
348
345
342
347
349
344
342
352
348
346
342
353
348
347
342
353
349
346
342
351
347
344
343
351
345
345
345
350
347
344
341
351
343
342
343
351
346
344
342
344
344
341
339
348
342
342
347
345
341
345
342
347
340
341
349
344
342
347
346
342
345
351
345
347
348
348
347
353
347
352
348
349
350
353
349
346
348
353
346
347
348
348
346
346
344
348
342
349
343
343
344
345
344
342
343
346
343
345
343
345
346
341
342
346
344
342
344
344
342
342
344
343
339
343
341
341
339
341
340
339
338
339
340
338
337
335
339
340
333
334
335
335
333
331
334
335
338
331
336
341
337
336
336
340
340
337
338
339
335
343
339
335
338
339
342
342
337
337
340
343
343
339
337
345
337
341
343
339
337
346
340
339
343
341
337
345
341
337
338
344
340
338
339
343
337
340
341
340
338
342
339
338
338
339
340
338
332
337
333
336
337
333
339
336
334
334
340
335
335
337
339
336
336
334
337
334
334
337
338
335
335
339
337
335
335
340
333
336
337
339
330
336
336
338
334
335
334
339
333
338
338
334
333
338
336
334
335
337
332
335
337
334
332
335
335
333
332
336
333
330
333
331
329
333
330
331
329
326
328
330
335
328
330
335
332
332
329
338
332
332
335
336
332
331
337
336
333
333
332
334
335
333
331
331
335
331
328
332
334
327
329
330
331
330
329
332
334
331
330
338
331
330
338
335
332
332
336
331
334
336
334
331
331
337
335
328
331
335
331
328
333
329
326
329
327
329
326
328
330
328
333
331
329
330
332
335
330
329
338
330
333
330
338
336
334
332
331
339
334
332
336
335
331
333
337
331
332
333
335
329
329
333
332
326
329
323
326
328
329
329
327
327
334
328
329
332
332
329
328
333
332
330
333
332
327
329
332
329
329
332
329
326
333
329
329
328
331
328
326
335
329
327
336
331
330
331
335
332
330
330
335
331
330
329
328
332
326
331
327
325
329
331
323
326
325
326
323
330
325
323
324
326
326
323
325
330
331
326
324
330
328
329
324
329
326
326
332
323
328
328
333
325
323
324
328
320
326
326
324
324
328
323
326
328
323
325
333
329
328
328
332
330
328
328
334
327
327
333
329
328
330
331
324
330
325
323
323
324
324
321
322
325
324
323
321
328
326
329
324
326
324
328
323
323
330
320
322
322
320
323
325
321
324
323
327
323
322
328
326
326
329
326
322
331
323
319
320
323
328
324
323
324
328
323
322
330
324
325
325
326
320
325
324
317
319
323
322
321
321
320
325
319
328
326
322
323
323
324
322
326
324
318
319
323
326
320
320
328
324
322
324
326
321
323
326
320
322
323
317
319
324
325
320
320
328
323
322
326
324
319
324
321
317
317
323
316
319
325
321
320
322
323
321
320
326
321
317
319
318
321
321
323
308
334
319
326
320
321
321
322
318
319
320
316
317
324
317
319
323
321
319
318
324
318
320
320
316
319
320
323
319
318
327
321
321
325
323
321
319
325
321
315
316
323
318
320
324
319
318
326
323
321
318
324
321
318
314
317
316
323
315
318
323
319
319
320
319
314
319
318
316
318
317
321
316
317
322
319
315
319
319
313
314
317
320
317
318
318
316
320
323
320
317
316
320
325
318
314
315
321
316
316
323
316
316
323
317
316
321
314
314
318
313
315
319
318
315
319
317
318
316
320
313
317
317
313
315
319
317
315
319
317
316
314
320
317
313
316
312
315
321
313
314
321
315
315
317
314
313
315
312
315
631
313
634
313
321
311
312
315
311
312
319
313
315
316
316
314
314
320
313
315
313
315
313
314
318
313
315
317
315
312
315
313
310
312
319
313
313
321
312
313
316
312
312
315
313
313
313
319
313
314
317
313
314
313
313
311
315
316
312
314
318
314
312
316
313
307
312
318
313
313
313
315
313
312
314
311
310
311
314
311
311
316
311
313
314
308
311
313
311
312
314
311
313
313
311
312
313
310
309
310
313
313
310
318
310
312
310
315
309
311
315
284
337
320
313
313
311
316
313
311
313
310
313
317
312
313
320
312
313
316
310
310
316
311
312
320
313
311
319
314
312
311
315
309
312
313
311
312
314
313
626
308
309
311
310
312
313
311
630
308
314
312
305
309
317
308
310
627
309
311
314
306
309
314
307
311
317
311
311
314
308
308
311
311
310
311
313
310
311
313
308
309
309
311
312
313
309
315
313
308
312
313
308
314
310
313
315
311
311
320
312
312
313
314
310
313
312
313
314
314
310
313
314
318
314
313
315
320
315
317
317
321
316
315
324
318
323
325
327
323
317
333
327
319
336
328
320
334
335
327
328
335
329
323
332
338
335
334
327
339
339
338
332
341
341
337
335
335
342
340
338
329
347
341
338
331
347
339
336
343
340
349
348
342
333
351
355
348
349
349
346
338
354
349
345
346
345
356
350
349
354
352
350
344
361
353
352
352
355
353
348
363
357
356
356
365
359
355
367
362
361
362
363
362
363
367
361
356
368
362
361
359
367
365
358
374
367
358
379
374
369
368
382
376
370
380
378
373
369
380
374
373
375
373
371
367
375
373
373
377
377
378
376
386
383
379
387
390
387
381
391
396
393
390
389
397
393
394
401
396
391
402
407
401
396
414
415
410
407
406
410
412
405
407
412
409
407
410
413
409
406
418
411
413
417
414
414
418
420
413
410
422
419
420
420
416
421
420
420
417
418
427
417
421
428
427
425
426
430
432
433
439
433
434
440
433
438
436
434
432
433
439
432
431
442
434
437
438
442
441
438
443
432
434
437
430
425
442
440
438
437
437
440
445
438
440
444
442
448
449
453
445
448
458
450
454
458
453
454
451
461
454
456
456
457
451
452
462
455
456
461
457
459
457
459
459
461
453
458
462
455
462
468
462
471
471
469
467
453
460
462
457
457
459
448
449
455
450
455
457
454
459
460
459
464
465
464
469
472
459
467
471
472
468
473
457
464
461
452
460
465
454
458
460
467
460
471
476
470
476
480
474
475
481
467
470
474
476
476
478
461
470
466
451
464
468
458
462
469
471
473
466
466
466
460
452
455
459
457
452
454
460
455
460
465
453
463
470
473
471
464
467
468
461
463
469
463
470
472
465
473
477
475
473
479
480
479
463
474
477
466
468
471
474
475
474
469
489
485
479
468
487
486
487
484
473
478
483
483
486
479
468
478
479
474
481
481
477
473
477
479
474
473
484
481
481
478
481
481
486
485
488
484
483
490
483
481
487
486
485
480
488
475
484
479
482
470
482
486
486
488
491
496
480
477
491
487
484
490
482
496
500
491
500
503
497
504
506
503
502
501
499
501
502
498
499
512
504
509
510
507
502
502
499
504
492
497
504
503
504
505
506
503
502
504
512
503
507
508
508
503
507
505
504
509
514
512
512
521
516
519
523
521
521
527
520
522
526
520
513
517
505
507
509
505
508
511
507
510
514
517
511
506
504
506
511
513
510
513
521
513
512
518
519
518
517
511
505
504
506
496
501
502
505
497
505
513
505
511
521
514
519
523
519
515
522
519
518
519
516
517
521
513
515
513
514
507
504
518
514
517
517
521
514
514
518
519
512
503
507
513
509
503
495
506
501
500
505
505
496
500
501
486
494
498
494
489
503
505
498
507
506
516
503
511
508
508
508
515
507
500
501
501
502
499
492
493
499
500
491
502
505
495
504
504
508
499
501
506
506
509
507
514
505
506
512
506
508
511
511
506
502
511
504
502
501
506
503
509
513
510
508
512
520
518
513
515
515
518
524
515
516
516
519
517
513
512
510
507
504
506
511
508
517
505
508
513
511
513
508
497
489
502
495
494
489
495
503
509
503
504
504
513
513
514
508
520
519
520
521
512
511
514
508
509
510
503
501
505
506
501
504
507
508
508
515
519
517
519
521
521
518
520
522
520
519
515
511
511
505
509
513
513
512
524
521
521
521
525
519
523
525
524
521
531
523
524
528
522
521
521
513
516
518
514
515
521
517
515
521
520
518
518
519
523
521
509
504
508
496
503
506
509
504
511
521
517
521
525
526
526
530
526
521
517
521
520
524
525
533
535
537
539
531
528
534
528
525
522
533
527
526
538
539
532
534
536
539
538
535
540
533
529
527
529
521
526
527
525
527
534
525
526
533
524
521
527
515
519
521
517
514
523
525
522
519
524
527
519
520
523
516
520
521
513
517
519
513
516
521
513
515
514
516
508
508
509
504
502
508
499
498
503
503
502
508
510
509
509
520
512
517
520
520
521
532
526
526
527
539
527
529
534
530
528
535
528
529
535
527
533
539
532
533
539
531
535
540
531
530
539
529
527
532
526
521
523
526
518
518
523
517
514
521
530
524
529
537
528
531
537
528
521
521
527
514
511
508
500
499
501
497
493
497
500
501
498
499
516
504
511
521
524
517
517
525
521
516
521
516
516
515
517
515
521
524
516
521
527
527
522
527
531
525
523
522
515
514
516
512
509
517
514
514
523
521
519
517
530
523
519
519
530
521
526
531
536
528
526
526
539
533
531
528
533
518
517
514
512
504
509
510
508
507
514
507
508
512
512
505
509
515
506
510
512
514
507
508
509
507
504
505
504
501
501
507
502
502
507
500
499
503
500
502
503
508
504
506
513
502
505
505
508
500
498
505
498
499
511
512
513
519
529
530
527
522
519
521
534
530
535
532
529
527
537
529
525
520
528
521
521
521
515
513
517
515
511
511
514
514
512
521
515
517
523
520
518
525
517
515
518
521
516
516
520
515
512
513
518
510
511
515
511
506
509
512
506
505
512
507
511
516
518
518
528
529
536
528
528
534
530
525
526
523
521
522
522
521
523
529
524
527
529
528
529
526
521
520
526
521
519
521
530
534
546
550
548
550
558
556
552
544
553
543
534
530
540
526
526
529
532
524
529
530
530
523
527
533
532
526
527
534
524
517
514
517
508
508
509
516
512
516
521
525
519
520
529
523
521
527
518
515
514
510
506
510
512
506
503
504
517
517
514
517
526
526
521
526
532
526
530
537
531
535
544
530
531
544
538
533
530
541
534
529
523
521
520
513
512
518
519
516
516
524
522
522
515
523
514
513
510
516
507
507
512
509
507
506
518
520
523
516
520
525
530
522
517
518
529
528
528
527
534
540
534
532
541
534
526
524
526
518
515
520
522
519
521
524
525
521
518
521
520
515
521
518
516
518
519
513
517
516
517
514
523
518
521
520
518
510
511
514
515
515
519
518
515
517
522
522
528
521
520
515
511
513
514
510
510
505
509
500
503
502
504
506
503
512
513
511
506
510
521
522
525
518
521
522
532
533
535
526
519
518
518
521
517
517
515
517
518
519
520
524
538
549
551
553
579
581
583
598
601
595
581
579
591
590
586
586
605
624
623
624
645
638
631
622
632
611
611
620
627
608
603
599
585
584
591
600
604
608
606
627
618
606
603
607
616
611
616
621
639
637
648
654
667
647
652
654
659
644
646
650
649
646
641
621
607
601
599
583
580
591
596
592
596
598
604
607
603
600
620
628
629
618
618
636
646
642
631
627
621
619
615
612
612
625
637
643
643
639
632
622
615
620
620
612
609
604
620
632
626
630
638
650
642
646
646
649
639
642
642
643
636
632
650
663
665
650
653
648
646
636
642
649
657
653
651
634
620
616
618
615
619
625
632
627
617
618
617
615
613
612
621
618
629
640
650
646
650
649
648
630
632
632
629
624
636
652
666
659
649
656
671
687
678
667
663
654
628
625
623
617
606
612
622
651
646
641
634
631
633
634
623
625
624
628
632
623
629
636
646
643
646
646
649
642
644
649
653
646
648
651
655
646
649
646
654
651
646
645
650
659
655
667
674
675
661
651
648
639
632
621
610
602
605
597
595
582
606
633
663
691
697
685
654
639
628
621
613
616
633
649
658
670
705
738
735
709
678
660
639
621
619
620
620
625
627
625
633
641
648
644
652
661
668
664
655
649
639
627
631
632
646
660
662
646
635
614
613
616
619
613
619
628
647
667
673
690
708
691
690
692
691
667
672
673
660
647
647
649
638
649
649
659
652
655
652
645
644
626
631
636
637
631
629
640
646
639
626
616
620
631
652
653
653
672
673
670
660
651
646
640
628
624
619
626
640
672
708
738
722
744
725
683
683
670
660
649
651
652
646
653
660
673
661
673
682
685
668
672
674
662
666
664
667
651
661
661
675
669
686
693
683
683
684
683
667
677
674
655
657
655
661
655
674
685
697
685
690
693
669
672
675
677
674
679
683
692
680
690
690
684
666
675
682
675
685
692
714
688
695
686
646
630
617
611
600
602
607
598
604
600
603
609
612
607
602
605
605
607
601
594
582
581
585
570
588
628
674
692
685
677
670
661
638
625
627
629
624
636
652
677
688
713
721
712
679
677
668
657
635
635
638
647
656
666
677
690
668
667
668
663
637
633
637
651
664
679
694
715
690
702
706
688
680
684
680
652
652
660
658
646
651
667
688
685
700
720
719
688
682
681
648
637
624
613
604
608
620
660
684
688
708
729
702
693
687
677
655
654
662
669
664
675
686
697
670
676
677
671
650
654
650
654
644
652
660
682
682
672
662
657
642
643
647
637
634
639
643
647
639
637
633
616
616
613
632
661
675
693
712
693
703
698
683
655
655
655
649
644
651
663
672
683
699
715
687
690
696
675
654
653
648
633
626
627
633
646
655
646
639
633
637
641
646
641
635
638
629
627
621
622
619
620
621
621
612
614
617
621
615
621
623
622
612
610
611
612
608
613
618
630
635
642
648
654
643
640
642
637
623
617
615
613
598
588
587
586
577
570
568
573
582
594
598
605
619
624
613
604
602
600
598
595
597
604
621
638
646
659
681
690
675
655
654
656
647
635
632
641
651
655
664
661
646
616
598
583
578
578
586
601
614
623
611
615
639
651
664
652
662
680
684
655
668
673
670
658
676
701
735
713
716
728
723
691
697
704
676
685
691
709
697
715
721
693
692
688
689
670
659
652
646
647
650
663
642
646
648
643
625
624
628
637
632
638
647
662
639
637
643
645
629
636
642
646
631
642
648
656
644
661
679
690
676
675
681
646
654
651
654
647
642
618
613
622
641
676
675
690
705
702
679
673
670
670
655
645
641
634
620
613
616
626
630
620
624
636
643
639
638
639
642
632
621
624
632
629
622
619
631
637
633
628
634
642
633
620
617
611
593
586
588
590
598
603
609
627
633
632
629
640
632
622
618
622
621
614
610
619
622
621
625
633
631
625
620
627
620
612
611
618
624
621
618
623
623
621
620
625
629
614
602
600
603
605
631
648
646
644
668
667
664
656
662
664
646
626
606
598
595
609
607
616
611
621
645
652
642
636
653
659
643
636
656
679
695
692
700
724
701
682
713
711
686
674
701
703
685
672
698
710
688
682
716
715
681
672
685
686
676
672
697
690
693
701
718
701
698
705
689
681
678
687
682
685
692
697
676
670
692
698
689
690
702
700
699
692
697
673
666
672
672
657
658
684
698
693
694
709
672
633
605
596