734
675
617
674
606
597
598
643
743
904
1082
912
901
906
779
770
939
989
877
925
1033
848
801
1016
983
860
1184
869
805
800
798
1170
969
997
1144
944
1177
1267
1049
1191
1253
1091
1287
1284
1216
1088
1201
1309
1196
1132
1393
1303
1250
1331
1164
1076
1425
1219
1289
1228
1081
1300
1066
967
1391
1060
1330
1137
1231
1064
907
993
1304
1119
1171
1223
1115
1194
1250
1150
1235
1217
1181
1280
1118
1266
1155
1228
1192
1152
1250
1089
1186
1252
1188
1263
1136
1221
1207
1111
1297
1142
1232
1211
1137
1263
1186
1221
1254
1127
1232
1154
1148
1283
1128
1215
1207
1165
1216
1122
1188
1195
1115
1182
1033
1121
1227
1067
1241
1115
1130
1239
1073
1132
1188
1102
1251
1128
1228
1177
1153
1220
1091
1215
1184
1128
1224
1111
1180
1212
1112
1218
1065
1104
979
1269
1091
1134
1216
1021
1103
1104
1056
1277
1090
1175
1195
1133
1232
1089
1112
1180
1006
1026
1135
974
1193
1025
927
1060
1002
1033
1164
973
1021
1104
942
995
951
855
883
979
813
806
772
731
836
752
808
1070
918
869
1030
1034
903
969
1006
884
925
1153
1002
1062
1115
1005
941
1070
1050
945
1234
1174
1024
1068
1177
1135
1096
1010
835
993
1273
1182
1055
1111
1206
1175
1073
1172
1198
1069
1093
1243
1095
1167
1208
1087
1190
1200
1063
1179
1195
1111
1264
1209
1142
1295
1251
1124
1233
1232
1114
1245
1241
1197
1275
1230
1165
1269
1185
1181
1238
1145
1135
1236
1192
1161
1282
1133
1164
1248
1125
1190
1146
1210
1072
1170
1192
1043
1182
1052
1117
1313
1134
1214
1073
970
1129
1174
957
1013
1268
1233
1075
1106
1177
1056
1039
1153
955
1052
1080
966
1104
956
1060
1184
1050
1070
1143
943
947
1005
896
1075
1167
969
1101
1177
1043
1125
1155
1014
1038
1168
1076
1005
1120
1063
927
1039
1150
924
1048
1180
901
930
949
863
1078
976
860
923
1019
827
715
696
1083
1214
1083
1075
1102
1067
1049
1078
1034
1025
1081
1051
971
1026
1033
865
926
1070
865
900
982
818
820
1160
974
1010
1112
1066
1102
1162
1108
1062
1157
1109
1043
1118
1141
1026
1102
1132
1030
1081
1155
1064
1107
1175
1045
1153
1189
1102
1189
1166
1043
1149
992
936
1235
938
1241
1080
1062
1251
1086
1181
1093
1136
1176
1058
1147
1112
1094
1144
1043
1133
1055
1066
1099
973
922
1284
1117
1112
1233
1099
1159
1146
1054
1146
1046
1106
1129
1054
1139
1038
1088
1114
1034
1120
1095
1051
1129
1068
997
1131
1076
959
1091
1067
909
1051
1050
896
984
1047
907
1071
1144
970
1136
1131
1028
1094
1155
1029
1120
1101
972
913
1229
1007
1205
1201
1092
1157
1041
858
777
1230
1121
1012
1072
1113
1048
1080
1125
1037
1032
1185
1122
1107
1181
1106
1100
1155
1087
1088
1174
1108
1104
1180
1116
1123
1200
1132
1068
1214
1138
1130
1240
1102
1197
1202
1109
1173
1168
1100
1249
1164
1131
1201
1146
1172
1191
1082
1182
1087
1132
1170
1056
1147
1181
1052
1135
1146
1054
1188
1155
1123
1200
1098
1147
1150
1094
1157
1095
1117
1178
1062
1131
1161
1084
1202
1183
1156
1219
1125
1165
1169
1038
1136
1140
1067
1171
1109
1127
1180
1021
1029
1182
1021
1186
1093
1080
1134
1009
1162
1077
1068
1113
1034
998
1214
1111
1181
1192
1091
1136
1106
993
1114
1021
1165
1095
964
1074
1053
890
894
1011
1006
947
1097
1088
909
979
1039
893
958
1083
843
922
1212
1019
1101
1019
1060
1090
982
1023
1122
984
1096
1075
1060
1188
1073
1110
1155
1049
1089
1125
1011
999
1100
896
879
922
944
1252
1040
995
936
875
769
781
822
844
777
640
684
668
645
630
628
626
623
614
604
593
584
563
569
549
535
521
524
517
513
506
503
510
513
515
541
543
576
574
536
588
603
624
715
727
695
652
691
762
705
658
645
670
683
688
665
697
765
693
635
625
639
648
617
608
608
602
587
579
569
568
563
550
541
530
519
513
510
516
502
503
499
494
490
481
481
486
1939
481
483
479
475
473
473
465
469
465
514
862
713
745
747
860
904
938
839
893
825
786
744
680
631
632
899
711
642
598
581
564
570
564
580
538
560
546
585
608
590
561
552
550
549
547
539
531
532
546
572
574
564
558
562
581
679
672
621
622
648
682
682
640
630
701
849
781
728
765
770
748
755
854
876
806
810
862
867
814
863
858
797
761
770
755
722
790
847
794
741
758
793
784
809
815
825
850
831
756
792
793
771
775
783
912
988
858
771
758
805
748
709
702
761
732
1453
681
759
660
680
939
895
1487
786
821
838
1024
920
792
694
702
854
859
787
783
800
778
704
686
754
814
787
811
887
854
793
841
888
837
781
795
811
784
798
830
777
884
1045
958
838
820
833
904
885
804
751
719
763
943
999
977
897
876
865
932
879
794
742
1575
1154
1142
1111
942
972
1083
1078
1011
965
971
929
843
854
880
910
863
791
900
872
787
888
1054
939
951
954
860
896
850
763
744
780
717
653
616
596
578
569
563
571
580
589
705
672
632
612
614
642
710
760
840
745
693
665
764
1018
991
786
747
754
804
804
729
720
790
765
743
784
816
786
775
812
808
771
807
741
668
627
600
602
675
817
829
828
831
695
686
678
697
665
644
630
643
683
718
745
736
691
648
621
603
594
602
615
613
604
588
579
574
569
569
564
575
609
671
643
691
682
653
646
684
721
743
700
682
659
636
615
605
630
897
854
846
817
777
788
915
852
766
787
772
744
703
759
830
831
718
701
721
738
783
927
1040
1044
950
823
839
845
823
775
803
830
770
719
704
736
776
709
673
667
659
697
698
765
839
748
719
751
886
841
775
730
713
720
711
679
672
658
635
618
629
689
703
678
651
655
672
740
758
770
704
685
659
632
621
614
664
811
821
767
837
862
884
854
971
882
777
705
678
716
793
755
729
728
672
637
650
771
899
834
858
932
875
860
944
872
782
825
932
957
856
736
754
820
830
905
947
983
1063
920
905
807
791
841
809
849
880
886
885
976
1055
1000
923
976
982
862
769
690
638
614
624
665
754
904
797
740
733
686
651
708
725
869
965
942
904
815
763
763
826
944
921
872
819
785
707
631
648
588
588
603
588
558
577
599
591
574
634
559
591
625
622
602
620
642
646
630
633
642
619
606
586
601
578
570
557
573
571
587
555
578
558
546
540
547
577
529
537
541
592
587
555
563
552
561
606
546
557
590
595
624
595
603
642
645
635
596
633
621
624
584
597
635
620
593
599
617
628
589
623
617
637
627
612
624
674
636
622
612
633
642
616
602
630
619
618
635
644
632
631
608
596
594
578
588
579
578
554
565
545
551
547
539
533
531
536
522
521
518
517
518
507
512
504
512
490
494
491
485
476
475
483
470
464
469
453
455
456
444
448
455
444
444
454
445
436
442
439
439
432
437
440
430
431
443
437
427
429
431
436
423
424
433
428
419
417
421
424
415
411
417
416
418
401
404
413
407
411
395
396
401
403
402
396
390
389
388
400
398
399
388
385
383
385
386
392
393
386
396
385
382
383
389
395
391
393
384
384
381
381
389
392
394
387
388
381
386
383
388
397
393
400
390
388
388
392
402
394
400
393
392
392
398
404
399
404
394
396
403
401
404
397
397
396
402
407
402
402
398
397
410
406
414
401
402
405
405
414
403
404
406
412
421
409
408
414
419
427
411
413
421
417
419
410
411
422
411
416
408
411
420
411
419
410
409
420
414
419
407
407
418
412
417
404
404
412
412
416
402
402
407
407
412
401
401
402
406
411
405
402
400
405
414
411
405
401
405
415
409
409
400
402
411
405
410
400
403
402
406
409
403
402
398
404
408
403
398
395
399
405
398
400
394
396
404
400
408
400
396
398
403
410
399
395
393
395
402
398
402
396
392
390
392
406
397
399
392
394
392
393
403
400
402
392
394
402
400
403
396
398
395
401
406
404
400
397
397
406
400
410
397
396
403
405
410
402
402
399
407
409
408
405
403
410
417
409
407
406
408
418
408
408
408
409
419
407
405
401
399
407
401
410
396
395
393
402
406
398
396
394
395
401
399
403
394
395
393
396
401
398
400
390
388
393
397
399
393
394
385
388
390
394
397
391
395
388
390
389
396
400
396
403
392
394
392
399
405
400
396
393
393
402
397
402
393
395
391
395
402
395
401
392
394
395
400
407
404
403
396
398
409
406
409
401
401
398
402
409
401
406
396
401
404
404
409
405
403
402
407
413
410
406
404
407
417
412
407
401
401
412
406
411
397
397
400
401
400
396
394
392
392
400
397
405
395
391
392
398
403
393
396
389
388
387
389
397
393
397
383
386
385
389
391
387
389
381
381
392
389
388
383
380
382
386
391
383
391
383
383
381
389
396
391
393
385
388
386
393
400
396
399
391
391
395
399
399
394
389
390
389
396
396
401
398
396
395
400
410
399
400
395
396
406
397
403
395
394
393
397
404
401
404
396
396
395
405
411
407
403
398
407
403
401
404
398
397
402
400
407
399
399
399
402
411
408
403
398
401
416
407
407
399
401
406
402
407
401
401
398
404
417
411
402
400
404
411
398
397
391
393
397
396
396
394
392
387
384
393
396
396
388
388
383
384
385
390
395
391
398
385
388
389
396
402
396
403
393
395
397
398
406
402
397
394
396
410
400
404
394
397
397
400
404
400
397
395
398
406
402
411
400
401
410
408
415
407
410
415
414
418
407
408
410
406
408
398
404
403
405
412
408
401
403
409
411
407
404
403
408
414
410
405
402
404
412
409
403
397
400
413
406
403
396
401
410
400
404
396
398
401
401
410
406
401
400
406
410
408
402
399
404
409
408
399
396
396
407
398
404
393
396
402
397
401
399
399
399
405
412
407
406
399
401
408
404
408
394
396
395
400
401
398
400
392
394
396
400
407
405
398
396
398
406
398
401
392
393
386
391
398
392
396
386
386
383
387
396
392
396
391
391
386
387
395
396
397
393
394
389
392
394
400
403
402
405
401
403
397
404
408
401
401
405
413
413
408
408
419
408
416
408
405
407
414
408
411
415
420
421
423
431
427
428
426
428
434
431
425
426
434
425
431
436
440
437
439
447
442
442
440
435
434
433
426
432
461
521
482
510
517
544
514
515
545
558
536
524
537
530
522
512
513
518
525
526
519
515
511
506
501
520
542
539
535
564
622
574
564
569
580
566
550
558
573
557
552
585
604
591
637
665
615
609
652
628
616
636
620
608
608
604
590
595
622
603
598
622
640
616
635
632
622
633
618
597
583
583
568
575
603
632
604
615
646
612
625
647
663
627
625
630
630
612
593
577
570
576
619
613
635
710
712
668
697
714
653
648
650
644
653
701
674
671
1344
678
654
626
615
675
781
747
863
852
824
831
761
718
706
688
635
603
661
685
675
739
801
773
763
791
750
724
766
760
707
700
686
688
735
709
660
616
568
549
557
606
659
689
755
769
835
874
813
850
772
731
798
746
711
769
707
683
742
761
716
712
760
723
694
731
697
656
651
632
603
589
606
630
599
588
563
567
608
597
602
630
646
630
624
619
604
576
555
551
544
540
550
579
589
612
778
742
687
741
788
713
728
751
658
654
666
668
634
605
587
611
646
679
653
605
601
600
593
590
611
618
664
628
690
708
671
675
643
649
667
598
633
632
630
625
635
629
615
603
589
569
551
532
535
520
515
518
499
509
495
498
490
478
487
464
467
479
460
463
475
461
466
477
459
467
477
458
459
468
452
451
463
447
451
459
449
452
459
453
448
454
457
451
455
459
453
454
450
451
448
443
442
435
438
445
434
432
440
434
438
429
438
441
431
434
447
440
438
442
445
443
438
442
451
438
441
446
439
438
449
441
440
442
437
443
438
441
447
437
444
455
440
441
454
446
440
448
445
444
442
441
452
436
438
443
434
432
440
431
429
431
431
436
426
430
442
436
438
430
434
448
432
437
445
437
439
441
433
432
428
434
439
428
429
443
429
437
421
434
436
422
423
432
427
430
412
425
433
424
417
419
426
424
410
412
430
410
417
406
410
420
410
413
402
405
408
406
408
402
398
396
401
409
405
402
395
396
401
407
408
399
398
396
405
411
404
402
402
404
415
410
409
404
407
424
416
413
408
414
425
415
410
408
417
424
415
413
422
409
420
410
422
408
405
415
408
415
406
407
419
414
420
402
412
422
413
407
406
414
418
408
404
402
416
417
413
409
408
417
416
412
414
404
410
420
413
413
406
409
426
416
416
409
421
417
412
410
404
413
410
404
410
400
401
400
407
416
411
404
400
414
414
412
411
410
416
425
416
416
414
418
427
423
430
423
418
428
418
428
432
417
439
421
426
432
431
437
429
424
439
426
442
438
438
444
437
429
443
434
446
441
437
444
447
435
448
440
433
439
443
438
438
432
438
438
425
438
425
429
434
430
438
438
434
448
438
443
452
439
454
455
444
456
452
440
442
456
453
453
451
445
465
451
444
470
453
454
462
451
463
477
457
449
479
454
446
474
453
448
472
453
451
464
453
448
459
442
442
446
437
447
454
437
440
460
450
447
460
458
458
457
450
459
452
451
459
454
445
469
456
445
472
453
442
460
442
442
448
427
444
435
434
451
432
437
449
454
453
448
449
447
447
446
444
445
443
444
444
447
444
442
448
452
448
459
464
464
464
469
477
481
477
476
472
472
474
466
466
463
466
459
459
460
467
494
451
498
503
517
508
507
518
521
513
514
521
514
504
504
507
511
505
508
517
508
500
490
506
492
499
519
486
491
491
520
482
494
521
477
503
458
460
455
447
444
446
453
456
457
465
471
473
474
481
476
474
467
468
465
468
473
514
499
478
509
507
509
493
491
524
517
511
514
529
546
537
532
543
530
528
531
526
521
523
526
516
500
490
513
479
495
528
530
529
526
545
547
544
536
549
545
541
553
553
551
558
551
542
533
534
541
560
529
540
558
571
569
559
562
562
553
546
547
556
535
531
529
544
549
543
567
558
553
566
575
564
559
560
571
564
581
598
584
576
582
582
567
565
575
582
570
568
588
579
568
561
559
556
554
554
556
572
570
514
528
532
542
558
577
584
608
575
613
591
579
575
553
585
565
557
574
566
529
557
548
555
548
563
592
581
562
591
596
563
560
557
569
533
537
515
533
524
520
521
556
573
545
568
587
594
560
563
554
544
544
539
522
529
521
540
501
535
537
540
509
539
532
517
548
545
555
552
551
536
548
537
557
551
517
554
525
538
551
541
543
522
541
532
537
542
557
517
557
545
525
539
533
526
547
537
509
527
557
536
554
573
556
565
555
552
552
524
560
549
575
560
531
565
548
541
538
561
570
538
570
570
574
566
563
560
537
523
528
536
520
502
514
517
516
511
550
542
508
556
565
534
536
552
544
536
532
555
537
536
561
567
563
528
551
568
542
534
508
521
527
511
516
523
481
492
490
479
493
473
476
483
509
498
474
481
506
478
500
503
499
499
501
493
497
489
518
503
506
488
505
507
521
519
515
529
526
531
503
521
523
539
521
485
496
516
510
495
496
488
479
492
466
471
492
467
471
472
469
481
478
477
479
476
479
470
475
474
480
474
471
469
471
466
468
467
472
477
472
472
467
475
471
472
476
483
482
484
483
484
484
479
476
475
474
478
478
474
476
477
479
473
465
471
492
461
470
476
476
480
481
477
474
468
472
474
478
474
476
470
468
462
457
457
450
450
451
455
458
459
465
473
475
479
479
479
477
464
470
465
465
469
482
488
474
473
474
468
460
463
472
460
459
450
456
468
463
454
453
452
475
459
457
465
457
460
466
464
460
463
460
465
456
459
460
447
448
458
442
438
439
432
447
420
431
431
430
438
415
429
425
431
437
423
429
442
428
446
423
443
444
438
449
442
437
456
428
446
452
430
438
434
427
443
418
433
439
425
434
418
435
432
422
433
425
428
434
423
434
437
431
441
427
439
443
433
438
459
445
438
442
444
446
429
447
453
440
432
438
429
438
420
431
440
423
435
424
429
438
424
436
435
431
441
427
430
450
431
440
444
445
441
442
442
450
438
439
443
427
435
443
438
432
434
437
443
432
444
456
437
454
458
451
461
466
459
463
462
465
450
453
442
447
444
434
443
433
432
448
433
433
443
436
446
447
439
447
448
438
452
441
438
458
435
448
459
446
444
457
444
455
451
453
445
447
452
452
435
433
455
438
430
438
424
441
420
419
433
436
422
422
423
432
426
435
427
430
435
412
421
432
422
423
410
417
425
407
413
406
405
417
407
415
402
415
423
415
408
407
413
417
402
402
410
397
405
400
410
388
396
410
402
398
395
396
404
405
410
400
406
396
407
415
408
405
405
410
414
408
407
406
416
420
407
410
422
400
409
401
413
404
399
411
406
409
408
406
414
405
407
418
401
412
409
422
411
410
423
420
425
406
416
422
406
424
417
405
417
410
426
419
416
428
411
407
423
416
424
410
434
428
401
415
429
415
421
411
405
415
406
424
411
400
415
406
417
414
405
420
407
406
411
413
415
402
403
406
406
426
390
406
403
395
406
401
396
397
404
409
402
398
395
406
400
395
405
394
402
385
398
407
400
394
391
393
408
384
395
388
390
387
388
399
391
399
391
392
391
400
397
397
410
397
399
408
402
408
399
399
408
406
408
399
401
409
391
401
398
395
391
391
416
387
396
389
403
392
387
398
396
405
383
397
407
396
395
389
391
410
380
394
388
398
377
386
396
390
398
384
385
387
391
393
388
392
382
383
385
384
394
385
384
379
381
379
386
396
386
387
378
382
379
383
386
381
390
381
373
374
377
382
377
380
368
374
367
367
363
365
375
369
370
365
373
362
359
360
361
356
356
365
365
368
359
365
357
365
354
354
354
355
350
352
355
359
361
357
361
358
366
354
360
352
355
353
352
351
352
354
354
353
355
361
360
360
358
359
355
362
356
356
351
352
353
353
354
353
352
358
364
358
360
357
364
357
359
354
357
354
354
353
354
354
357
359
358
362
358
364
357
357
354
357
356
355
356
358
359
362
369
362
371
363
364
359
358
361
359
358
360
365
368
370
737
366
368
365
365
363
369
375
369
370
365
374
365
364
362
364
361
359
365
369
373
366
370
362
366
360
358
360
357
360
362
366
363
367
361
368
356
360
359
358
356
361
369
366
368
357
365
358
358
356
355
355
359
360
362
364
364
367
358
363
357
358
356
354
355
358
357
360
365
363
364
357
364
358
354
360
358
357
359
369
737
365
368
363
360
362
362
361
364
371
367
368
363
367
360
359
360
359
365
364
365
365
369
357
361
358
356
357
354
359
361
362
364
366
356
361
355
355
350
349
352
352
348
348
354
356
355
354
359
355
361
351
354
350
349
349
347
346
349
352
351
351
355
360
357
358
354
362
355
354
351
354
351
349
349
350
352
351
351
353
357
357
358
351
357
352
354
349
348
349
347
347
344
348
350
349
351
352
354
351
348
350
347
355
345
349
343
347
341
342
344
343
341
341
344
342
342
344
351
350
344
345
349
345
351
344
352
341
344
343
344
682
345
344
342
341
344
343
341
345
348
350
350
349
351
697
346
354
350
350
342
346
345
344
344
343
346
348
346
348
351
353
351
346
351
345
353
347
349
341
342
344
341
340
338
341
338
337
337
340
340
338
341
343
344
342
341
346
342
687
348
344
344
339
345
341
339
341
342
341
338
337
339
339
338
336
340
339
342
339
341
344
345
346
688
343
347
686
341
349
342
344
342
343
340
339
343
341
340
339
340
345
338
343
341
346
347
347
346
344
350
343
345
342
347
341
343
342
344
340
339
344
342
341
340
344
344
342
347
349
347
349
346
350
344
340
343
340
339
341
347
347
347
345
353
348
347
343
344
342
339
337
341
344
346
346
347
350
344
347
343
353
688
343
346
339
341
342
341
339
337
341
344
338
340
335
339
346
346
344
341
344
342
342
342
346
681
338
343
336
339
334
340
334
333
335
336
334
330
334
334
334
331
333
334
333
330
334
333
332
332
329
333
331
335
331
334
331
668
334
332
340
335
335
335
338
338
331
335
334
338
330
338
332
337
331
340
334
339
333
340
333
339
332
338
333
337
328
331
334
331
329
330
333
330
328
332
330
333
330
334
331
338
334
336
335
337
338
333
334
339
338
333
337
337
335
332
341
332
336
335
341
332
336
334
337
330
334
333
335
329
335
333
336
329
331
330
336
331
328
329
332
330
328
329
330
330
334
329
323
326
330
331
327
323
326
331
326
324
327
330
328
323
330
328
330
325
328
328
329
325
328
327
330
325
326
327
327
323
326
327
327
322
325
328
325
322
325
328
324
323
323
327
324
324
321
325
327
324
322
326
327
322
325
326
330
648
324
330
328
323
646
326
332
324
327
324
330
323
328
327
332
326
329
324
331
327
329
323
331
327
329
323
330
329
330
653
326
332
654
326
330
655
327
332
656
324
331
327
331
324
329
327
331
326
326
327
331
653
327
331
327
326
327
333
656
324
330
329
329
329
325
322
329
328
325
326
326
325
324
327
328
325
323
327
328
325
324
326
331
650
326
330
325
323
326
330
650
326
331
325
326
325
332
324
327
321
333
326
329
320
331
327
328
321
330
325
328
321
326
326
325
320
327
328
324
323
324
328
328
323
324
329
326
322
326
327
325
322
321
326
328
646
326
328
645
328
326
319
328
325
328
320
326
325
328
320
329
325
331
647
325
330
648
323
331
647
323
331
646
325
328
650
323
333
321
325
325
334
651
323
332
326
331
318
330
327
330
319
329
322
331
324
328
323
333
322
327
325
335
319
329
326
333
320
328
324
330
318
327
325
330
319
327
325
329
319
326
325
330
318
326
325
328
319
327
323
330
318
327
324
332
319
325
325
330
321
324
322
329
645
321
333
319
326
323
331
319
326
324
331
319
326
321
332
318
325
322
331
320
324
323
328
322
322
323
325
324
320
323
324
323
321
323
323
325
321
322
323
324
322
323
326
319
323
326
326
319
323
326
326
320
323
328
323
321
323
324
321
323
323
324
321
323
322
321
320
320
322
324
321
318
320
324
317
317
320
324
316
315
319
323
316
315
319
319
318
317
317
321
317
316
316
322
317
320
316
325
314
321
316
324
637
317
323
640
313
325
320
326
313
324
322
325
317
321
318
324
319
322
319
325
318
322
322
323
317
321
322
318
320
317
322
319
322
318
323
316
318
320
323
316
315
318
321
315
317
319
320
315
319
320
318
314
319
320
317
313
319
319
318
313
321
319
319
312
322
316
320
313
322
316
320
315
324
313
318
317
325
314
320
318
323
316
319
320
319
315
318
319
318
313
317
318
313
313
317
317
313
317
316
318
314
320
313
314
316
320
313
313
316
319
314
314
317
317
314
314
318
318
630
319
319
311
321
318
318
633
317
321
313
320
318
323
312
323
318
322
313
322
318
322
313
323
317
317
318
322
315
317
320
318
313
314
317
317
317
313
319
314
317
312
317
314
314
311
316
316
313
313
316
313
313
315
320
627
315
320
309
320
314
318
313
321
313
316
316
321
627
316
322
314
318
317
321
313
320
317
318
313
320
318
317
313
317
316
313
315
315
317
313
319
312
312
314
318
313
312
313
317
313
313
314
316
627
313
320
310
318
313
319
308
318
629
313
321
309
315
314
321
312
317
316
316
311
319
316
313
313
315
313
312
317
311
311
314
316
309
311
313
313
310
314
315
313
309
314
310
315
313
318
306
317
312
319
308
317
313
319
312
320
312
314
313
319
311
314
315
316
313
313
315
313
309
314
313
309
313
313
313
309
314
310
310
311
313
309
313
313
315
308
314
626
310
318
307
315
628
312
316
311
313
315
319
310
316
316
313
313
314
312
313
314
313
311
314
314
309
312
312
312
308
313
313
309
311
313
309
306
317
319
303
313
311
316
307
314
310
313
312
318
308
316
314
313
314
313
313
306
310
312
311
307
311
312
311
309
310
315
307
309
307
313
312
306
309
308
309
626
313
310
316
312
313
313
316
313
313
314
317
315
316
316
320
319
317
317
314
317
318
318
318
319
322
315
321
321
320
319
322
326
323
322
321
326
324
319
328
328
326
325
323
326
323
323
325
329
327
326
325
327
328
327
328
328
331
329
333
326
331
330
332
327
332
331
333
329
334
331
332
332
336
334
332
336
336
338
332
338
333
335
338
336
333
337
340
340
335
334
336
341
338
340
339
340
338
340
339
342
338
337
341
341
344
342
343
342
338
344
345
345
340
343
345
343
344
344
343
333
346
351
346
347
349
348
349
340
347
353
340
351
344
349
352
354
351
349
353
351
354
350
353
359
354
351
355
352
355
351
354
353
355
354
352
358
357
353
355
357
353
365
359
359
358
361
359
358
361
361
358
363
361
354
363
364
365
358
366
364
369
371
375
368
380
374
373
378
371
378
370
377
368
378
375
374
365
375
380
377
376
376
376
371
374
381
379
377
372
377
382
383
376
384
377
383
388
388
391
388
389
390
393
388
388
390
390
388
384
390
394
388
389
395
393
393
392
396
395
393
393
395
392
388
396
393
389
387
398
400
393
393
405
402
403
402
401
405
403
400
399
404
401
397
404
404
404
406
405
405
409
411
411
409
411
415
416
413
414
417
416
413
412
415
413
410
414
416
416
418
412
412
423
422
419
418
417
413
414
410
406
413
414
410
414
402
432
423
426
426
416
431
427
428
424
424
425
425
403
416
432
419
396
414
426
422
425
410
441
431
439
438
440
440
438
442
445
442
442
437
439
440
437
437
438
438
438
440
442
446
442
443
449
451
448
448
451
450
451
450
454
453
444
448
450
452
448
450
451
450
450
451
450
447
445
438
436
440
442
439
440
441
438
442
443
442
442
438
442
451
449
452
433
444
462
455
450
455
448
448
428
457
445
445
450
440
447
443
430
459
451
449
452
447
453
456
462
456
457
457
455
454
457
457
454
451
448
450
448
455
461
461
464
463
466
465
445
478
470
467
467
465
468
447
458
480
464
461
462
460
465
460
447
481
467
465
469
463
468
444
479
468
468
470
464
471
465
468
447
464
481
468
467
466
463
468
444
479
471
476
472
474
476
473
476
472
473
472
474
470
472
474
474
475
475
452
464
480
465
446
482
470
468
471
468
471
469
467
472
471
477
472
479
482
474
471
476
471
471
472
468
455
487
470
473
472
474
473
473
451
481
473
471
459
488
467
467
471
473
472
479
478
485
479
481
475
474
474
474
475
474
454
482
478
460
498
482
479
482
476
480
477
478
478
476
481
479
478
479
479
479
475
473
472
453
480
455
487
475
481
484
479
485
484
485
489
487
467
506
489
488
488
481
485
484
483
480
480
479
459
479
495
484
487
488
483
489
486
486
487
486
469
486
511
496
487
485
489
473
507
483
487
461
499
485
459
500
484
462
479
498
463
500
480
485
462
502
489
469
486
514
494
493
489
493
496
491
488
484
468
479
502
486
489
474
497
497
511
491
487
488
468
478
494
483
462
500
467
481
490
509
475
515
490
493
475
507
494
492
468
508
490
468
482
484
512
489
488
474
502
494
472
509
496
472
488
512
472
490
494
519
496
500
482
513
494
494
474
482
503
490
468
482
501
467
483
488
509
473
492
491
509
492
476
513
495
495
496
470
488
509
468
502
483
468
481
479
475
494
475
456
472
479
483
485
494
491
496
494
498
513
477
492
488
514
492
488
465
477
477
478
473
480
477
482
484
488
477
481
480
478
480
480
479
484
483
492
493
487
487
489
488
513
496
479
492
519
498
497
473
487
490
489
491
497
509
479
496
499
523
485
526
486
506
529
512
483
497
498
515
476
488
491
493
502
472
489
486
508
476
486
490
492
494
492
498
498
488
489
488
492
490
485
504
472
489
510
478
493
500
503
506
513
511
513
516
509
520
515
521
518
535
487
530
491
512
529
492
516
518
512
510
515
514
510
507
508
507
507
502
502
520
484
496
521
481
494
491
489
494
491
490
497
493
496
496
501
496
503
505
502
505
504
500
499
498
500
495
495
495
503
494
501
509
504
505
508
512
510
511
512
516
519
516
517
537
500
511
511
507
505
501
503
502
504
503
503
504
501
505
505
506
510
507
509
507
512
507
501
500
502
504
500
502
504
506
503
508
500
498
495
492
491
487
488
488
489
495
495
495
497
502
495
491
496
500
503
503
498
498
494
490
494
491
499
502
504
497
492
499
497
499
496
499
499
500
500
501
501
501
503
502
505
507
506
511
505
512
513
513
514
516
513
514
514
509
506
509
504
495
494
497
500
500
509
504
507
509
511
514
510
511
510
507
502
498
497
500
495
496
502
496
498
497
501
499
505
506
505
509
508
511
509
511
509
505
508
508
504
504
505
496
505
510
514
512
514
512
512
509
508
504
503
498
500
502
500
497
497
497
498
493
495
497
496
499
499
505
502
505
510
513
513
511
510
516
514
508
507
503
505
503
500
497
501
502
510
510
516
515
516
514
511
505
506
500
498
500
505
497
500
501
500
500
498
500
496
498
500
500
500
502
493
496
492
492
495
497
493
490
494
495
493
486
487
489
489
490
491
490
490
489
489
493
499
494
493
499
501
496
498
502
502
502
505
504
504
504
508
504
506
505
507
506
507
508
507
508
532
498
516
520
520
511
517
520
522
518
524
526
531
524
528
529
532
521
528
541
506
517
521
513
511
510
518
505
515
515
511
511
518
533
499
516
514
508
501
504
501
503
507
506
511
512
515
517
516
515
519
518
521
518
514
512
515
511
515
523
518
524
524
532
521
531
535
528
527
534
528
532
521
542
510
528
522
527
525
525
524
532
529
550
521
536
532
533
519
521
516
519
520
519
515
510
511
509
504
511
514
514
513
513
538
534
537
534
537
535
533
541
534
539
534
538
529
533
534
529
527
531
531
529
531
529
530
547
515
527
524
545
509
521
519
519
509
511
506
509
512
517
516
523
523
521
517
522
519
517
515
518
518
520
520
526
525
524
544
531
520
540
520
525
523
538
527
507
516
530
504
514
514
512
532
504
513
515
518
517
531
523
509
518
533
522
502
512
526
493
505
504
502
504
503
503
501
504
498
499
503
501
494
491
503
507
508
531
500
509
510
512
514
510
514
512
513
514
533
501
522
515
522
523
524
517
520
520
524
512
515
517
522
526
522
525
530
543
512
525
534
522
541
508
526
513
520
525
532
522
528
524
530
552
530
532
533
525
530
514
525
536
522
500
515
521
497
507
516
494
501
503
498
505
497
495
498
497
490
489
494
490
491
495
492
488
492
493
488
485
486
491
500
510
514
525
521
530
522
522
519
521
515
521
528
526
530
539
523
520
505
516
515
527
514
499
517
521
521
511
516
532
518
534
535
533
548
585
611
609
617
621
600
594
594
594
583
575
583
579
559
567
563
567
560
564
571
563
571
560
572
532
554
521
550
518
525
521
524
514
517
519
526
534
542
542
559
551
563
561
566
577
586
592
591
591
590
582
587
566
573
569
550
550
528
541
514
521
517
512
507
516
518
515
519
511
514
511
513
526
538
558
584
594
597
593
600
596
581
579
578
574
572
561
559
552
550
537
537
551
567
591
604
604
603
604
604
591
600
594
590
1151
563
555
545
532
550
560
570
581
603
605
617
601
601
603
598
583
577
577
562
558
563
568
576
578
564
561
554
540
561
539
530
546
557
552
563
575
585
575
576
574
565
565
569
575
563
580
580
580
583
600
623
652
653
648
644
641
634
634
633
638
660
636
637
640
666
643
657
673
657
662
659
661
652
644
634
629
630
630
641
661
662
653
651
635
629
619
614
614
610
596
602
585
563
583
575
569
584
585
578
581
583
583
578
569
557
547
545
543
543
545
529
524
534
535
521
521
526
531
533
527
530
538
542
539
543
550
558
562
554
558
545
544
545
545
553
537
536
549
534
522
530
534
559
554
568
567
582
596
586
587
587
588
589
591
595
594
605
606
615
612
606
601
575
565
574
551
552
563
574
604
607
622
623
615
610
603
574
587
567
554
553
556
553
566
573
597
621
622
620
622
628
626
616
610
602
592
586
591
601
611
620
634
632
649
661
670
682
688
693
691
664
665
650
639
632
632
645
616
633
648
700
771
753
717
701
677
663
652
629
616
615
607
613
622
628
629
614
620
602
605
602
594
616
623
648
652
664
667
671
687
695
698
659
674
634
639
615
601
601
605
617
624
625
629
629
629
626
615
597
604
588
614
686
701
700
705
710
710
698
680
672
655
652
634
626
627
634
634
648
665
641
615
605
628
614
604
609
620
626
616
589
605
581
569
568
569
568
579
608
624
627
643
654
662
651
644
636
623
610
601
577
589
579
604
637
655
690
752
822
748
729
715
701
696
650
657
628
609
602
591
578
582
611
635
642
647
645
639
620
617
593
579
586
568
563
599
644
694
695
696
698
679
671
656
641
635
625
614
619
617
637
686
735
738
728
701
680
663
647
647
637
652
631
640
641
652
646
639
640
633
614
621
599
612
672
766
816
820
797
759
717
677
652
659
683
719
743
800
776
751
731
681
673
661
655
643
656
677
696
707
715
724
688
677
674
665
659
646
639
641
641
653
663
669
672
665
653
629
628
617
613
627
620
632
650
716
707
704
712
697
693
668
661
650
623
621
620
612
610
624
645
627
632
627
634
638
640
631
604
604
596
573
570
599
652
763
741
745
715
704
688
676
663
658
656
670
665
686
756
976
818
816
786
708
686
670
689
715
691
688
693
721
745
757
734
693
688
678
676
685
671
684
702
739
692
700
708
711
680
682
673
668
652
654
661
683
701
704
727
747
709
715
711
692
679
679
672
664
643
645
651
707
694
717
774
815
748
740
728
696
681
676
673
690
691
677
701
730
780
729
753
764
738
704
699
689
661
660
656
670
669
685
700
699
678
682
685
666
673
673
680
668
677
685
675
674
677
672
652
653
650
640
635
640
652
660
655
673
705
710
679
679
667
648
636
631
626
636
641
671
708
723
707
713
708
675
679
657
661
642
634
630
626
619
609
576
595
571
551
558
574
564
604
692
812
828
820
772
691
659
629
620
606
590
578
577
575
594
667
918
838
849
901
884
805
724
654
671
622
609
607
584
615
587
572
568
583
640
669
684
671
627
632
627
617
611
610
619
630
619
621
613
604
613
614
609
645
634
640
640
639
641
634
623
617
602
603
584
576
582
612
635
673
665
655
654
646
634
621
614
585
597
578
569
576
599
643
636
624
621
591
587
576
569
568
560
584
614
646
651
656
657
667
673
686
723
775
813
843
836
760
740
707
683
660
682
806
1102
818
788
785
758
752
749
737
730
720
698
682
700
753
742
759
776
773
725
724
715
688
681
686
716
721
747
768
756
738
738
732
691
687
676
656
674
714
736
758
796
782
799
793
740
741
715
684
682
675
662
667
676
732
730
808
891
787
796
779
718
697
675
653
628