1122
1036
917
970
1146
1038
1033
1123
1003
906
872
934
1231
1011
895
977
948
956
953
925
884
825
830
871
1054
1027
975
901
875
952
1081
1028
956
815
788
833
866
840
837
831
876
976
900
865
854
890
891
882
830
840
875
1004
962
813
742
698
696
712
798
950
960
871
822
799
794
775
840
938
1029
1000
976
893
847
791
737
722
738
811
932
952
914
878
884
834
801
821
842
838
833
864
903
1017
957
892
816
746
744
763
776
870
931
932
893
855
854
869
873
870
871
886
895
976
928
873
898
977
992
1035
1065
946
884
861
934
964
916
937
1173
1021
938
1037
1192
1139
1021
862
1038
1038
984
916
876
875
824
830
966
872
817
770
749
740
735
739
746
738
775
799
813
805
757
688
677
638
610
591
578
569
568
574
573
563
571
585
600
582
587
593
604
632
622
641
616
624
606
612
618
614
617
611
621
638
617
617
612
602
592
590
593
610
654
697
724
723
720
663
704
684
757
689
996
806
734
697
691
798
1142
987
955
1021
1055
1045
1021
1021
1071
999
875
761
732
697
697
1141
972
944
837
808
758
722
674
665
664
643
698
751
859
852
777
771
765
771
767
734
735
744
782
839
853
852
836
841
832
829
811
844
879
925
920
845
851
859
867
942
959
929
915
900
851
813
830
886
1075
951
924
949
954
862
856
862
890
881
896
867
855
765
724
710
688
690
708
722
734
722
676
729
866
809
769
762
763
766
717
670
671
664
681
718
764
778
837
879
905
868
825
825
853
883
854
852
830
810
811
861
942
892
863
855
855
892
917
892
909
920
949
903
802
785
796
787
822
782
760
728
701
649
646
642
640
641
647
643
643
623
628
636
653
677
687
665
655
685
753
787
776
733
728
717
710
787
879
801
795
716
697
682
649
652
624
631
680
943
835
816
775
737
702
671
641
626
637
646
692
794
810
813
791
770
779
705
645
631
628
622
628
643
797
889
872
836
768
743
727
731
713
684
695
742
846
918
910
855
852
819
792
807
812
859
850
842
839
828
832
808
785
736
715
686
649
655
697
938
1060
901
861
904
932
931
943
936
944
942
925
966
949
923
935
896
959
998
1104
1060
945
945
978
912
853
776
779
987
1033
894
873
907
1100
1063
1092
1133
1103
1080
942
890
907
954
959
961
910
871
912
1001
911
830
822
846
882
802
859
925
947
844
861
896
955
913
875
825
773
791
826
886
906
881
913
977
967
919
874
817
816
818
824
841
900
920
894
923
948
933
914
916
903
908
884
939
935
935
895
940
967
901
828
762
766
848
939
982
1029
986
902
854
835
824
891
913
1071
1000
975
965
910
881
881
860
904
938
950
931
895
874
790
790
778
801
779
746
695
692
702
743
776
735
746
769
804
852
859
810
794
726
698
728
881
1038
993
975
950
918
918
931
997
1061
993
981
959
1000
935
893
929
1236
1129
1041
1048
991
928
891
893
1178
1162
1087
1046
1058
1065
996
979
1014
1063
1001
1047
1023
966
947
945
1010
933
792
797
831
1230
1180
1054
1043
998
1031
1031
960
973
1173
1192
1107
1072
1149
1114
1078
983
990
1223
1132
1113
1056
1131
1070
1026
1018
938
818
816
874
907
866
863
903
931
852
835
860
800
799
782
758
761
729
686
672
674
676
677
667
657
648
631
650
657
678
702
731
747
738
786
826
841
818
815
801
773
755
744
742
720
689
690
754
808
741
743
803
802
815
810
784
786
791
793
808
783
769
706
671
662
684
699
689
709
735
817
822
819
800
761
741
734
749
789
807
802
826
813
852
820
781
813
831
886
879
848
809
799
787
740
710
797
802
780
771
773
747
714
680
642
630
620
613
609
611
623
629
630
628
622
627
612
604
609
607
606
597
601
599
591
590
588
583
572
578
582
594
609
617
637
676
922
839
788
688
753
698
657
610
593
586
589
593
580
555
593
605
686
994
791
727
1410
633
597
582
570
563
550
542
532
524
518
515
513
514
521
550
596
1016
869
939
1010
888
821
745
702
657
614
604
604
604
637
726
764
683
676
649
639
638
625
614
598
597
591
580
564
560
558
556
559
554
553
560
560
563
566
572
589
594
579
580
585
585
603
617
666
1024
852
788
756
735
744
806
846
866
831
815
787
771
726
709
698
675
664
653
679
706
729
740
721
686
670
641
672
679
699
673
674
698
732
771
781
827
805
779
763
712
702
695
696
695
694
668
657
651
652
627
604
582
580
559
546
542
542
542
544
557
572
1280
737
753
733
749
755
723
701
637
616
591
573
557
545
544
560
623
951
959
1042
1003
980
1083
961
873
771
720
737
966
1095
999
907
873
788
732
739
732
790
763
725
721
701
669
615
615
628
655
663
667
667
666
664
673
677
663
691
1376
693
685
666
648
628
636
669
852
1084
1060
1065
957
814
750
756
825
869
828
790
770
743
715
686
646
632
639
646
665
679
659
637
627
642
644
648
647
645
630
1457
897
882
857
800
772
753
760
778
760
766
803
880
865
833
837
832
821
767
733
710
705
696
663
618
617
620
630
644
660
653
646
635
623
621
612
603
606
616
647
743
842
824
763
720
703
716
736
742
741
734
733
701
662
655
654
676
719
716
706
724
731
748
708
673
639
611
601
595
596
590
584
591
601
613
671
748
771
717
698
623
598
600
602
604
599
621
604
596
600
594
599
590
580
558
552
546
542
545
555
568
567
574
568
569
579
601
612
623
597
604
604
612
614
621
609
604
601
600
612
621
599
498
697
591
610
636
683
679
646
692
643
729
628
696
610
633
626
645
603
591
573
568
564
559
561
574
561
554
556
555
1120
563
576
582
586
576
574
563
560
557
546
543
537
526
528
528
546
578
655
726
619
581
572
561
556
549
536
525
501
546
517
514
500
502
495
498
483
486
479
471
467
460
459
464
458
449
453
452
438
438
436
439
433
428
438
436
425
423
419
431
419
419
417
844
423
413
414
412
417
406
408
408
406
416
414
412
407
406
407
409
409
405
404
403
813
403
399
400
403
407
405
413
406
409
410
409
412
405
405
407
405
415
413
412
404
405
409
409
413
405
404
403
400
409
808
400
404
405
401
406
398
399
403
398
405
399
398
396
398
399
397
405
392
395
392
394
395
391
398
388
391
385
388
385
384
389
383
396
386
385
381
388
384
381
386
382
773
387
381
380
382
383
771
391
378
377
380
384
385
382
388
377
385
379
382
380
382
386
384
386
383
767
385
384
382
383
379
383
382
384
761
380
378
378
380
382
1151
387
374
380
382
381
384
383
387
376
378
378
380
379
379
383
374
382
375
374
377
371
367
369
377
371
376
366
372
368
372
370
368
371
371
368
368
371
374
375
372
378
371
376
369
372
370
369
372
371
374
370
375
372
746
756
374
365
369
372
371
377
376
378
376
378
378
378
381
383
385
380
386
383
386
380
380
382
379
379
380
771
392
377
377
378
383
381
381
1569
392
392
388
390
387
391
395
381
392
393
394
393
404
396
388
389
389
391
388
397
394
385
384
385
388
386
1558
396
399
399
400
395
397
390
395
393
389
796
399
388
394
395
393
796
408
392
395
397
397
403
397
404
401
399
402
400
1197
396
395
399
395
395
390
391
388
391
396
388
395
387
390
386
390
399
394
397
353
428
392
389
391
387
392
388
389
383
382
384
382
1539
383
380
380
382
382
766
390
379
379
378
381
383
383
389
385
393
384
386
382
385
386
385
394
384
385
383
381
383
381
382
380
386
385
385
381
379
376
377
381
1152
390
377
383
383
385
386
383
394
391
387
382
385
387
385
392
385
390
386
389
390
386
391
387
387
767
384
384
385
382
386
383
379
378
378
380
378
382
1146
385
372
751
378
381
379
381
379
379
378
377
379
384
390
389
389
386
387
386
380
382
380
383
380
385
381
384
380
374
377
379
385
382
386
382
381
379
384
382
383
389
389
392
386
383
386
383
383
381
383
382
386
762
383
383
383
382
387
386
394
388
385
384
384
388
387
781
398
388
387
390
391
396
390
393
387
391
388
387
396
391
391
383
387
383
383
387
381
386
381
382
381
373
375
375
378
377
383
378
385
380
370
376
378
377
376
381
380
383
377
377
377
379
376
373
756
383
377
380
379
375
376
378
382
382
391
387
384
378
385
385
385
385
380
387
381
382
382
382
383
380
768
387
381
376
369
376
376
377
381
377
378
376
377
377
375
373
266
413
389
379
374
381
372
378
370
372
368
369
366
365
365
369
372
369
373
368
373
369
371
369
368
363
364
368
368
734
374
366
371
365
367
365
365
358
363
362
366
361
364
366
364
363
361
733
370
358
362
362
364
362
362
365
367
369
362
370
735
738
367
368
362
362
363
370
367
365
367
364
371
370
372
372
371
369
366
370
375
378
373
376
373
378
372
376
376
372
373
374
378
375
379
376
375
370
374
371
375
374
371
374
371
382
374
372
369
369
369
370
370
370
369
365
739
370
368
371
360
366
366
366
363
364
368
367
372
368
371
368
377
371
365
366
372
365
364
369
371
364
371
368
372
367
370
740
369
1105
371
369
373
373
376
374
373
377
378
381
378
377
380
380
1521
383
378
379
382
381
771
389
390
392
394
397
397
396
396
398
401
404
402
407
409
414
413
412
417
419
419
420
421
422
423
426
433
433
433
433
431
433
432
433
428
422
425
425
427
426
423
431
435
438
447
449
457
455
451
451
452
460
464
474
479
479
474
468
461
456
459
461
461
462
469
478
939
473
470
469
465
465
468
477
476
478
474
471
469
467
467
462
465
465
1434
493
492
486
482
479
1414
466
464
458
460
460
458
460
459
465
467
476
488
518
533
539
538
523
518
512
505
499
490
483
474
471
471
472
480
496
514
530
538
527
526
526
531
533
534
516
513
505
1475
481
473
469
467
466
467
466
476
474
478
476
476
479
483
495
495
500
491
490
486
479
475
469
467
467
931
466
469
468
465
465
473
474
483
486
489
487
486
490
492
495
499
503
501
504
506
514
514
523
521
521
517
517
509
508
510
508
505
502
504
503
500
500
502
508
514
517
521
515
520
519
522
522
529
523
523
522
523
521
525
521
520
517
516
513
519
540
550
557
555
551
544
531
534
528
529
533
535
529
527
531
532
529
526
525
526
524
525
528
528
527
529
530
527
523
521
520
1044
522
517
516
512
506
504
506
507
506
511
510
512
510
518
516
527
525
532
528
529
524
523
516
510
505
505
502
498
501
509
517
512
516
521
528
522
525
528
534
534
534
522
521
521
521
512
517
511
513
508
511
515
518
525
527
527
528
533
537
540
541
538
538
541
536
531
530
525
516
517
518
518
520
516
519
519
525
530
530
532
521
517
517
520
501
497
492
479
476
477
465
467
472
453
449
454
447
445
447
442
444
438
440
445
441
434
439
440
449
441
441
446
442
445
448
447
455
445
441
445
439
443
444
440
448
438
433
439
435
433
430
430
432
424
425
428
425
433
426
427
427
425
429
423
422
421
419
426
417
408
412
414
413
403
408
400
403
403
402
402
397
405
398
398
396
396
400
397
407
401
397
395
396
400
398
405
399
406
395
399
402
402
407
405
404
398
403
405
406
413
410
413
409
408
409
405
410
404
404
401
404
406
399
406
398
399
397
399
400
400
402
399
401
398
399
398
398
400
396
406
400
401
401
400
405
404
412
410
409
405
403
403
404
410
406
406
396
401
403
402
409
402
410
396
402
402
403
405
399
402
396
399
398
398
402
398
403
394
392
391
396
395
392
396
393
398
389
392
392
393
394
393
393
393
396
391
395
390
396
396
395
396
396
400
396
392
390
392
395
393
398
394
392
390
396
395
395
396
392
401
393
394
390
389
388
385
388
386
390
383
385
378
378
378
383
383
380
381
380
387
383
384
384
383
379
382
386
385
388
384
391
385
389
387
389
391
391
392
389
394
390
392
388
386
385
388
393
390
396
392
396
391
393
393
397
401
404
409
404
406
405
409
409
404
408
406
407
406
407
408
403
411
407
402
401
400
806
409
398
402
405
406
409
401
407
403
407
408
409
408
404
404
407
406
407
402
413
405
403
400
401
407
402
405
397
397
399
401
401
396
402
398
400
399
396
396
397
402
397
400
390
393
392
395
393
394
398
391
394
391
390
390
390
388
384
777
394
389
387
381
385
384
386
384
382
388
383
388
380
381
380
383
378
378
381
382
385
382
389
387
391
386
389
391
392
393
391
396
393
402
395
389
390
393
392
390
395
389
401
394
387
390
394
396
392
390
391
394
390
393
390
386
385
388
392
388
390
385
390
387
387
388
388
389
390
394
396
399
396
395
394
398
397
396
395
394
396
391
398
395
395
394
396
396
399
394
397
399
394
395
398
398
395
397
400
398
400
403
398
398
400
399
402
404
401
399
403
408
405
414
413
411
414
413
413
419
414
415
420
418
426
424
423
427
424
428
428
427
426
426
431
427
422
426
423
430
427
429
430
429
435
433
434
433
432
437
433
434
430
430
434
427
432
423
422
422
421
423
418
417
416
414
420
422
420
427
419
420
423
421
421
414
416
420
418
414
420
414
414
415
414
415
414
410
410
410
408
413
409
412
413
409
413
416
416
420
419
420
424
421
428
427
429
429
424
427
427
425
427
422
423
424
428
433
433
442
437
446
444
451
450
453
443
446
445
443
445
441
439
431
430
429
426
427
422
423
422
417
420
420
425
430
433
437
439
446
453
458
464
467
463
468
468
469
469
473
467
470
469
470
466
463
466
472
474
479
485
485
492
489
497
497
493
492
493
487
487
486
491
489
488
493
487
489
487
484
483
478
476
472
475
475
477
479
474
473
465
463
462
459
453
454
450
446
443
448
446
451
450
449
454
458
459
465
463
465
462
464
463
460
456
455
457
459
463
465
468
470
474
475
480
477
477
478
481
481
479
479
474
473
473
473
477
477
479
475
469
470
468
471
467
476
470
480
488
498
502
498
496
500
494
487
480
479
471
465
462
461
459
458
454
455
456
922
464
467
465
468
470
472
472
479
473
477
473
479
474
475
474
477
482
482
485
481
476
475
473
471
469
470
466
468
465
473
475
481
483
485
489
488
493
485
491
484
484
484
488
490
489
491
487
488
489
489
492
489
486
488
486
488
481
486
479
483
480
483
490
487
490
490
489
489
490
490
488
488
488
480
485
481
488
481
487
498
497
495
496
490
496
490
488
492
480
482
482
483
475
470
468
468
472
471
477
474
473
475
479
481
482
483
479
475
477
474
474
465
465
459
465
460
465
456
460
453
459
456
464
460
467
466
463
466
466
466
462
461
452
452
447
451
446
446
439
437
437
436
438
443
446
450
447
445
443
446
445
445
439
439
440
444
438
439
435
443
439
437
438
439
441
438
434
432
435
434
433
427
428
431
432
430
425
429
428
432
425
425
424
430
428
424
424
423
428
427
431
422
423
422
427
428
426
424
420
424
424
425
423
422
427
428
434
422
419
422
424
425
419
416
415
418
417
418
420
417
416
405
412
411
410
411
404
412
410
412
411
410
411
407
409
410
411
407
403
401
405
406
404
405
401
405
402
404
401
401
402
398
403
406
409
406
405
399
404
407
408
409
407
409
406
412
411
409
411
407
412
412
413
406
408
412
412
418
416
416
414
413
419
418
423
412
416
416
415
420
414
422
413
411
414
417
418
414
412
409
416
418
417
420
411
416
418
418
422
417
423
411
413
418
416
416
409
411
408
413
414
416
420
414
413
410
411
415
413
418
409
409
415
416
420
418
413
412
418
422
419
426
421
420
419
419
423
421
422
418
416
417
414
417
414
415
417
410
419
415
417
417
412
416
413
413
414
413
415
417
415
410
414
417
419
423
419
423
423
422
425
424
425
422
422
423
418
422
417
420
420
419
420
417
414
416
418
420
413
414
411
413
415
413
408
407
411
409
411
412
409
409
403
406
404
400
399
397
405
400
399
395
393
394
395
789
399
392
386
390
393
394
391
392
391
396
392
395
393
393
394
391
394
391
397
389
384
385
390
391
392
396
394
401
396
396
394
399
402
401
405
398
403
402
403
404
404
406
398
401
402
401
402
398
403
808
403
402
402
400
1214
401
399
398
399
1214
402
401
400
399
401
399
404
395
393
393
396
394
390
390
388
394
776
386
380
377
379
381
378
379
375
377
371
380
379
376
371
372
375
376
374
374
376
378
378
377
379
373
381
376
384
380
377
371
375
375
376
374
373
378
374
380
376
380
374
379
378
379
377
376
380
382
383
380
381
380
382
380
380
376
378
381
382
386
382
386
382
387
385
388
384
383
383
385
389
384
387
381
385
382
384
382
380
386
383
389
383
391
387
385
383
387
384
387
384
382
385
387
391
388
386
384
385
389
388
396
389
394
389
393
390
393
393
390
391
383
388
383
384
384
383
383
384
388
382
391
388
386
380
386
386
388
387
386
390
387
390
387
389
386
390
389
386
389
389
396
386
381
383
383
385
381
390
380
385
381
383
385
387
387
385
780
393
386
384
383
387
388
387
388
383
389
387
387
385
384
387
387
390
385
386
382
383
380
386
386
388
391
387
390
387
392
390
389
388
387
389
386
395
385
385
379
383
385
385
387
382
383
380
382
383
381
378
377
373
375
379
373
375
367
373
369
372
371
370
369
367
366
368
369
370
370
368
369
363
372
366
374
367
365
364
364
364
365
364
364
363
362
369
366
368
361
365
365
369
365
368
364
358
359
362
359
360
358
362
360
361
358
358
363
359
363
358
364
359
364
362
369
364
369
361
363
363
363
364
365
362
360
362
365
366
362
364
359
364
361
369
363
366
360
362
362
360
357
355
355
363
358
358
356
354
357
355
354
353
354
349
354
353
354
348
353
350
354
353
354
352
353
355
351
351
354
356
354
352
356
355
359
357
356
354
358
358
358
357
354
356
355
708
359
353
355
351
359
717
357
359
355
363
358
363
355
356
356
357
355
354
352
354
358
354
354
351
355
351
355
353
355
353
354
353
360
354
356
352
358
354
361
356
358
353
357
355
355
354
353
352
354
354
354
349
349
347
352
351
354
349
348
344
350
348
350
343
343
341
342
341
346
341
343
339
337
336
339
337
339
338
337
335
336
337
338
334
341
334
338
334
672
340
335
339
334
339
336
342
337
342
338
340
338
342
342
344
342
345
343
345
342
345
345
347
343
345
343
345
345
348
345
346
342
347
344
350
344
347
344
351
344
349
343
351
343
345
346
348
343
344
340
348
343
344
340
329
357
349
342
347
341
345
342
347
342
345
337
344
339
348
342
343
339
344
341
347
342
343
340
345
342
344
340
343
339
345
342
344
338
345
343
345
341
348
344
348
341
347
339
346
342
347
339
344
339
347
341
346
338
343
341
345
339
343
336
345
340
343
336
341
342
344
340
341
336
345
338
343
336
340
339
342
337
341
335
338
335
341
336
337
334
336
336
339
336
335
332
336
337
336
334
332
330
332
337
330
331
332
331
329
329
330
331
329
326
327
329
324
332
327
331
323
333
327
330
325
328
326
331
325
329
325
321
328
326
327
324
321
323
325
325
327
324
331
323
327
324
330
323
329
324
326
327
330
329
328
326
322
332
328
328
326
325
324
329
327
330
326
330
323
334
327
329
325
332
328
332
328
328
328
333
327
325
328
330
329
330
328
327
335
329
329
329
334
332
330
327
331
333
330
328
661
329
327
329
331
328
328
330
330
332
329
332
326
332
327
334
328
331
326
333
328
332
329
330
327
331
328
332
327
325
328
329
331
324
321
654
326
324
324
324
328
328
324
329
322
329
325
332
323
330
656
326
330
324
330
328
331
328
329
326
331
330
326
325
326
333
326
325
324
327
326
327
325
647
327
327
325
646
319
329
320
326
320
325
323
325
323
323
319
322
325
321
320
315
322
321
320
315
319
318
321
319
321
316
300
341
323
319
317
318
320
322
314
313
317
319
318
318
314
318
313
321
315
318
315
317
317
319
321
315
312
315
320
318
317
313
317
313
321
314
318
314
320
315
320
316
313
317
318
314
313
316
318
316
315
635
320
315
320
319
320
318
316
319
320
321
315
314
315
319
319
319
312
321
314
323
315
319
314
319
317
321
315
313
320
318
315
313
313
316
318
314
319
314
315
314
320
316
318
312
317
319
316
314
310
319
316
316
313
316
312
632
316
313
317
314
316
313
318
313
312
316
316
315
313
313
313
316
314
318
313
318
316
319
318
315
313
313
320
315
318
311
630
635
318
314
317
316
320
319
315
312
314
320
315
314
312
315
313
317
313
315
314
319
314
317
312
316
317
315
313
311
315
314
316
309
315
309
318
312
314
312
315
314
316
313
311
313
313
314
310
313
307
315
310
313
310
313
314
313
311
307
313
311
313
310
313
306
314
309
313
309
309
313
310
314
312
312
307
313
306
313
309
313
310
313
312
314
311
307
313
313
314
310
313
308
315
312
313
311
314
314
311
310
311
313
313
310
310
314
310
312
313
315
313
308
315
313
312
307
313
312
313
311
313
309
315
312
313
308
313
316
312
309
308
314
313
313
308
314
310
314
310
313
313
314
313
307
314
313
313
310
311
306
315
309
313
310
314
312
313
308
311
314
312
310
311
311
307
313
310
313
310
311
312
313
314
310
307
311
312
313
313
308
314
311
314
311
312
312
314
311
313
309
310
316
310
313
308
313
309
313
309
313
313
313
310
305
313
313
313
308
311
309
313
312
313
307
314
313
311
307
311
313
312
313
309
310
308
314
306
313
312
306
314
312
310
307
309
310
313
308
312
309
314
310
313
307
308
315
311
311
305
313
310
313
308
312
312
313
312
306
312
313
310
307
308
309
312
308
312
307
313
307
310
311
308
306
305
311
312
311
308
309
310
313
309
308
314
311
309
307
311
312
313
307
313
309
312
308
312
312
309
307
313
310
306
312
308
313
308
620
314
307
313
309
312
307
309
313
311
307
304
312
308
311
308
311
310
310
306
307
311
310
307
304
310
305
310
305
308
310
310
306
301
313
307
310
301
309
305
308
304
309
306
310
308
302
310
307
308
303
306
305
308
306
303
311
307
304
305
306
305
307
609
305
308
306
307
302
304
309
304
309
300
309
304
308
302
306
308
305
303
305
309
302
307
303
309
308
302
303
307
308
303
306
301
307
305
307
301
305
309
305
303
299
309
300
307
303
305
310
306
300
303
310
303
308
301
308
304
304
302
307
306
304
306
300
308
303
306
300
306
309
304
302
305
307
304
305
291
321
308
302
311
307
307
302
307
305
308
300
308
307
304
310
308
303
302
309
304
310
302
310
304
309
301
307
311
306
303
303
311
304
310
302
309
304
309
303
306
308
307
305
301
307
303
306
304
310
306
302
310
305
303
302
309
303
307
287
322
306
304
304
307
307
299
265
343
309
301
307
301
304
311
308
301
302
310
301
308
293
319
310
302
305
312
308
301
309
303
310
303
307
305
310
305
299
312
307
306
299
609
308
301
307
306
306
302
611
301
307
300
306
304
305
301
306
306
302
301
303
306
301
304
302
306
303
299
308
304
300
300
305
302
308
298
305
301
306
298
305
305
303
300
299
306
300
302
295
312
304
299
309
304
302
302
302
301
304
300
306
302
306
299
291
316
303
302
299
307
300
305
307
302
306
301
307
307
304
305
308
608
305
303
309
614
306
305
926
308
310
309
310
627
310
312
628
311
313
316
315
313
315
318
317
317
316
320
319
320
321
321
320
321
652
321
328
325
327
325
656
333
331
329
666
332
331
335
333
332
332
330
337
331
331
335
333
331
331
336
332
334
667
332
332
330
334
333
335
331
669
334
668
334
1001
335
330
670
334
1001
335
331
669
335
1000
335
1336
333
670
338
334
337
338
339
339
342
341
1033
345
698
351
354
711
361
361
365
733
368
365
365
366
367
370
370
372
1107
370
372
373
368
369
368
370
369
369
370
374
371
375
374
372
374
374
373
375
377
375
374
369
372
371
365
370
367
365
372
368
368
372
371
367
368
368
369
368
364
370
366
362
367
366
364
365
370
367
369
369
366
372
370
373
369
370
371
372
369
371
372
369
371
373
369
372
371
372
371
371
375
371
372
372
374
373
370
370
370
370
365
368
368
364
368
368
369
365
368
368
368
366
367
369
369
372
368
369
744
372
371
373
372
371
371
374
374
371
375
374
372
374
376
375
374
379
375
376
375
378
378
377
382
381
380
386
383
384
383
382
388
386
384
386
389
389
388
386
390
389
388
390
390
387
387
385
388
388
384
386
394
390
388
390
394
394
393
395
396
396
396
395
397
397
396
397
398
399
395
396
398
399
398
400
395
396
397
396
397
400
400
401
401
405
409
409
408
408
412
412
412
414
414
413
415
415
420
419
419
419
420
423
421
422
423
423
422
420
422
423
423
420
416
420
419
417
413
416
419
422
420
419
422
427
429
427
427
429
436
434
433
434
436
438
436
437
438
436
435
436
437
436
437
436
437
437
437
438
442
438
438
438
437
434
437
436
436
432
428
432
431
425
426
428
432
428
430
431
433
432
430
434
434
434
431
429
431
431
432
430
430
432
432
436
435
433
436
434
436
436
431
430
431
433
428
430
430
433
429
425
430
431
431
428
431
434
433
435
436
438
438
437
438
440
438
438
438
438
439
443
443
442
442
445
453
449
453
456
455
454
456
459
457
458
458
452
452
453
453
452
456
454
458
462
465
465
469
473
472
473
471
472
472
454
486
473
471
474
478
475
478
476
478
477
476
477
476
472
472
475
471
474
466
464
466
463
460
457
461
460
463
462
465
467
464
466
467
466
467
470
469
470
472
470
470
466
464
466
468
459
462
462
461
462
460
463
464
466
462
467
469
468
468
470
469
471
472
470
476
473
476
477
476
476
473
473
476
478
473
474
471
472
474
469
471
474
472
475
475
475
481
479
479
482
482
482
480
481
484
486
482
486
483
485
481
484
486
482
484
486
486
487
486
489
493
488
455
526
491
490
388
591
491
488
483
432
537
482
480
483
479
485
480
482
481
476
474
474
471
468
471
470
479
475
475
479
475
477
481
475
476
479
476
480
477
479
482
481
479
486
486
489
488
490
493
492
497
479
517
497
500
380
616
503
491
504
498
497
384
609
502
497
495
493
497
496
421
572
494
499
495
458
535
496
495
413
574
494
494
489
489
484
482
486
483
484
486
488
494
492
495
487
489
489
485
484
439
530
487
486
486
487
489
493
488
490
398
586
492
489
491
487
488
485
488
490
486
486
405
574
492
487
493
490
490
491
489
492
491
491
488
492
495
497
495
499
499
504
501
503
504
399
614
512
505
501
427
571
498
492
495
495
496
493
437
562
500
502
498
504
500
499
497
498
498
477
504
487
488
482
485
481
485
488
488
489
487
483
429
541
480
478
402
546
476
475
475
474
476
479
480
483
482
488
493
492
495
494
497
492
490
485
485
487
484
484
482
486
490
489
490
492
496
500
497
497
496
497
499
496
496
497
498
495
496
494
457
538
493
490
490
491
494
488
490
488
495
498
497
501
499
504
504
505
504
504
507
507
508
400
611
518
514
514
512
512
506
466
542
506
502
507
506
513
513
517
512
514
512
512
481
527
497
496
454
534
491
487
428
560
494
495
499
469
544
505
506
499
499
495
498
492
495
498
499
502
499
506
506
508
505
470
550
509
508
509
513
511
512
507
515
513
515
515
521
521
521
519
522
521
516
514
449
583
513
509
514
513
514
512
517
518
518
515
521
521
519
515
422
615
519
460
570
518
514
513
471
563
519
517
521
523
521
519
497
537
515
514
500
523
512
514
479
546
508
509
509
513
506
509
509
513
509
514
512
514
510
512
508
508
501
503
501
499
499
498
445
559
507
506
511
510
514
514
517
512
516
513
514
511
512
506
428
582
501
494
494
467
524
497
501
504
504
501
504
505
435
565
502
500
497
501
503
497
504
502
504
504
506
503
502
493
497
493
490
492
488
490
486
487
488
490
489
492
499
503
504
507
506
508
501
499
500
501
496
497
497
497
497
493
490
487
489
488
489
489
490
496
497
500
498
500
505
505
505
501
507
506
508
507
509
437
580
512
513
511
514
477
546
510
511
505
503
498
500
502
501
427
579
511
510
511
513
514
515
512
512
512
513
509
509
510
514
511
512
515
518
515
516
520
520
519
517
521
521
520
478
559
521
520
519
522
523
522
520
523
522
524
520
525
526
526
524
527
528
526
524
529
530
527
528
529
530
530
528
530
530
528
528
529
446
608
529
529
527
528
524
527
526
526
525
529
527
528
524
526
521
519
511
507
504
504
439
560
500
503
506
512
514
517
521
524
524
524
525
524
521
521
519
521
521
522
521
526
527
527
529
533
534
535
532
533
529
526
522
521
518
513
514
514
515
515
514
519
519
443
595
521
518
519
515
431
588
511
506
504
500
494
492
494
497
497
501
509
514
520
524
524
528
529
465
586
525
523
521
519
444
593
521
518
517
520
522
524
523
530
534
536
533
539
538
538
533
536
535
532
528
529
443
610
526
527
523
524
521
526
526
524
527
528
530
526
530
528
530
525
524
522
525
521
521
519
521
517
519
513
519
518
522
521
526
525
529
524
527
522
525
518
521
516
518
514
517
515
516
513
514
515
518
516
508
526
515
517
457
571
511
508
471
548
509
509
509
521
518
520
522
521
525
522
523
523
523
520
518
515
513
515
514
510
510
509
515
514
516
513
515
517
518
514
512
511
512
507
507
504
504
503
502
498
500
500
497
499
497
499
498
500
501
507
507
502
505
504
501
500
501
501
500
495
492
497
496
498
496
498
497
500
501
502
502
502
505
507
503
503
510
516
516
519
519
521
521
521
521
521
521
519
518
519
517
516
514
517
518
515
517
523
526
528
530
531
532
530
527
520
520
519
519
519
521
529
543
562
605
630
619
627
627
618
605
590
583
574
567
557
552
555
559
553
559
570
576
594
601
605
605
600
595
590
583
570
564
562
552
479
610
549
549
557
563
584
605
638
646
632
636
631
620
611
600
592
582
579
575
573
584
601
632
646
681
698
688
654
647
634
624
611
598
595
591
592
598
602
623
642
665
658
660
640
632
625
618
605
608
605
607
601
607
610
619
630
644
653
654
642
631
626
621
615
606
608
612
625
635
648
646
649
647
637
631
624
620
609
611
608
610
609
628
660
674
686
661
657
641
628
608
604
600
598
596
606
618
631
631
640
636
631
619
616
610
603
590
587
580
575
574
575
585
585
579
586
589
587
591
592
591
589
582
579
575
569
562
558
559
561
565
575
581
590
586
579
580
581
575
576
576
572
571
566
568
567
567
570
571
580
585
592
596
598
594
594
592
587
579
581
578
575
574
573
576
573
567
565
564
560
564
563
564
565
562
566
569
570
573
575
584
592
598
604
599
600
599
597
596
599
595
602
604
609
616
618
632
652
641
640
638
637
634
635
626
630
625
626
623
637
648
663
652
650
641
638
630
614
612
608
603
595
602
601
606
604
610
616
619
616
606
604
600
593
582
579
573
569
570
576
585
598
622
636
637
661
651
654
636
631
622
611
604
593
591
590
592
599
603
621
629
646
630
643
636
632
622
617
612
607
601
603
604
606
615
630
649
660
650
651
642
636
628
619
612
600
600
598
603
610
613
624
635
646
631
639
634
631
622
612
604
596
583
572
569
567
571
583
597
626
650
670
666
651
646
641
627
613
607
602
597
591
591
597
607
622
625
630
631
626
621
611
606
602
598
598
594
599
604
615
637
646
642
645
634
629
620
608
604
600
596
593
593
600
606
625
638
642
640
648
636
638
627
621
617
611
607
603
604
608
610
628
622
640
626
630
624
623
615
610
604
601
595
589
583
577
586
592
608
630
657
677
677
665
646
637
625
615
604
595
585
584
586
592
610
637
679
730
764
768
741
707
671
655
641
632
622
614
617
615
623
626
650
664
681
676
658
654
651
642
638
628
620
617
612
606
612
620
632
645
660
662
672
648
651
645
641
635
625
624
623
623
619
631
641
647
649
647
647
646
636
630
627
626
628
624
637
631
644
635
642
642
647
636
631
624
621
618
613
614
620
623
631
622
640
632
639
634
629
627
626
627
632
633
639
645
656
662
653
658
642
639
625
622
618
615
616
615
620
623
626
617
620
608
604
600
596
592
582
579
576
572
574
577
583
584
601
616
646
673
689
678
651
650
637
627
620
614
603
603
601
605
615
621
651
655
673
685
684
673
657
649
641
633
619
619
615
618
631
641
659
682
715
727
713
693
684
659
649
636
629
625
626
628
640
655
664
658
662
655
648
646
641
635
637
640
649
655
656
659
668
643
625
615
500
740
615
612
607
605
606
605
617
630
661
708
754
744
728
695
675
656
640
628
613
609
597
590
582
579
577
588
596
619
637
650
653
646
634
634
625
617
613
603
604
604
609
623
640
648
650
653
653
650
641
630
624
617
611
604
604
597
604
605
617
628
643
631
637
633
633
626
625
620
608
606
603
602
603
605
608
606
599
594
595
589
593
593
595
598
601
603
603
612
615
626
637
649
658
666
664
657
654
639
625
618
605
603
607
621
644
654
683
715
748
743
722
701
687
664
651
639
634
628
623
621
630
637
648
646
660
671
679
666
647
642
632
624
619
613
614
616
632
657
690
688
686
676
664
646
637
616
609
602
597
599
601
607
629
674
1052
915
839
767
745
706
679
659
650
668
689
726
754
736
733
725
709
688
682
684
681
683
676
669
678
684
684
688
701
691
690
691
690
682
677
675
677
673
659
668
655
655
644
641
636
630
624
631
632
648
669
670
675
671
670
660
656
642
639
640
643
655
671
711
718
729
732
746
741
725
690
676
657
651
639
649
658
676
704
714
729
740
756
755
722
709
685
674
662
654
646
646
645
647
641
652
662
664
653
646
641
634
620
607
601
592
595
604
627
665
710
729
747
776
778
733
575
781
647
632
625
621
634
659
729
1062
922
871
780
743
719
703