756
749
751
786
759
768
767
732
711
698
707
684
698
710
698
726
743
770
779
781
775
783
773
696
664
668
662
724
837
839
891
959
996
951
864
780
745
741
787
869
914
823
916
951
979
960
829
845
843
795
846
891
936
844
936
959
904
938
950
945
954
969
993
904
878
979
1077
1077
1072
932
935
939
939
943
806
788
772
832
891
934
977
997
905
969
1048
1070
1080
920
960
1027
1103
1108
1103
958
974
1042
1069
1112
937
970
1003
1062
921
952
1005
1048
982
980
1039
1067
922
945
919
904
849
892
998
1067
1010
933
1028
1045
987
869
932
963
1000
941
935
981
1021
958
946
993
991
901
893
955
983
902
958
956
968
859
933
964
883
884
867
828
903
889
861
949
1011
925
983
1020
981
922
1015
1049
976
1012
1042
1005
928
1026
1066
932
1047
1108
1032
1058
1111
1021
1012
1055
1040
979
1032
1057
929
994
1053
1018
966
1038
1050
919
973
968
911
894
998
1057
972
1024
1063
988
1018
1044
1009
926
1022
1097
1002
1070
1095
1073
927
987
1011
1047
1002
1156
1029
1105
1174
1135
993
1077
1104
1093
950
1039
1070
1071
943
980
973
1016
934
1034
1009
933
914
918
888
832
797
833
819
744
729
765
847
961
1034
1080
1087
1034
1002
952
938
943
921
847
820
827
820
934
934
874
877
921
949
961
869
896
925
933
854
815
812
819
879
850
895
840
867
870
836
808
803
818
749
771
815
887
905
818
842
852
816
866
897
845
863
976
929
988
1102
1136
1137
1048
1057
1129
1148
1027
1006
1120
1185
1109
1131
1145
1104
874
828
845
1110
1132
1127
1104
1055
1025
889
928
964
993
993
914
875
897
894
908
906
886
871
813
799
795
804
808
813
795
773
787
812
819
860
816
757
734
772
867
974
1036
931
1025
951
989
1003
1034
949
951
962
949
939
937
878
808
813
842
927
979
1034
991
900
916
1059
1120
1151
1114
935
853
813
858
916
1004
1053
1066
1042
928
880
907
1026
1139
1169
1167
1049
993
980
1014
1110
1108
1093
979
1051
952
863
825
791
897
1018
1105
1144
1132
1071
988
891
829
854
854
905
921
917
912
891
834
857
910
924
898
953
1010
1037
1016
988
962
929
886
854
829
817
779
763
826
885
858
886
845
856
930
1013
1081
1050
978
917
880
935
1040
1115
1139
1165
1154
1164
1162
1159
1163
1166
1144
1123
986
967
1045
1030
1081
1076
1062
934
840
840
812
846
892
952
971
985
987
992
980
1006
1031
1002
1004
980
987
941
963
1000
967
1028
1048
1063
1053
1038
1040
1020
983
914
885
864
815
810
867
961
1007
1020
941
972
995
1021
1015
1017
948
967
981
999
1013
938
968
973
1002
1010
993
988
1061
1076
1001
1008
976
997
1034
1025
975
888
822
782
802
827
866
930
913
942
904
896
924
944
936
887
867
840
769
754
759
767
792
807
829
880
894
820
804
828
854
845
804
757
728
726
686
702
732
769
879
919
963
1026
1034
939
985
985
1015
991
967
883
850
813
773
749
772
775
778
771
780
828
873
903
921
899
820
782
787
847
927
977
1035
1020
1034
1034
1024
1017
995
999
1024
983
972
923
896
795
759
771
813
758
752
749
760
772
778
766
737
738
769
801
827
848
874
876
865
860
870
865
867
890
896
910
912
864
869
811
797
802
800
806
786
760
738
739
750
748
760
784
810
795
791
809
840
854
857
864
858
853
803
799
813
813
820
761
729
724
738
778
738
748
782
813
844
815
835
836
842
810
833
842
822
814
822
827
867
808
885
959
906
1015
1040
1039
952
937
964
955
896
914
902
893
832
789
824
845
827
892
921
951
883
925
932
873
868
870
873
907
846
861
883
941
998
1024
1015
999
895
912
904
837
826
831
859
856
877
890
803
809
831
850
901
911
854
849
881
946
1003
993
978
925
901
822
854
904
931
934
932
826
770
768
747
821
883
901
869
934
935
958
942
953
935
903
911
909
869
818
784
841
898
897
876
936
954
985
977
1058
1040
1031
972
962
925
978
1031
990
1005
1003
1018
1012
999
942
891
909
962
993
982
859
848
891
931
869
960
1021
1083
997
932
956
1004
1017
982
1003
977
945
958
920
939
900
809
793
744
748
707
721
706
682
686
682
684
694
754
861
837
855
893
893
830
826
794
795
772
746
754
745
716
720
727
712
676
671
661
649
646
641
640
631
621
622
608
602
599
598
602
602
614
634
685
790
831
872
918
920
933
949
880
845
834
838
850
841
826
823
828
828
804
785
727
708
740
787
788
835
850
857
826
824
814
809
822
845
870
880
844
859
851
849
835
810
751
724
722
725
737
792
844
867
928
977
963
875
896
877
842
780
734
717
732
788
806
785
781
771
794
793
772
752
774
775
800
789
785
791
801
809
776
749
748
788
852
858
876
861
834
821
827
818
796
773
779
763
735
776
787
789
772
750
715
693
682
674
683
722
776
763
811
903
933
891
938
923
930
898
839
829
817
772
750
761
798
828
799
795
829
856
845
825
759
751
724
713
702
706
714
737
801
785
733
711
722
734
790
831
813
790
794
787
757
733
722
773
864
877
905
927
948
966
953
946
922
907
889
887
876
868
911
866
824
811
813
792
792
775
820
839
856
846
822
812
741
721
705
720
726
729
702
692
696
715
722
712
683
665
648
656
683
713
703
681
674
709
769
805
777
770
801
836
853
836
775
759
750
724
718
750
798
777
772
781
799
827
822
778
760
746
767
732
747
783
783
803
789
801
813
814
771
730
712
706
696
688
691
704
707
677
678
672
671
649
642
633
631
676
732
759
755
777
835
911
945
976
960
883
908
900
853
898
889
843
882
898
800
804
836
846
778
729
711
724
767
840
826
762
785
803
745
763
804
800
839
897
914
826
827
860
885
849
766
729
740
813
872
829
779
735
741
777
799
772
795
815
857
885
892
882
874
863
864
875
914
934
923
904
925
924
907
817
800
798
781
785
832
801
763
734
710
705
715
745
791
819
813
795
770
715
700
710
745
729
711
739
760
790
804
756
715
702
710
712
708
676
681
690
705
702
693
687
662
652
645
648
666
714
806
880
919
818
820
838
833
784
797
778
773
766
777
770
731
691
674
670
654
661
673
661
676
718
761
785
728
705
687
684
709
776
826
801
786
784
797
772
735
712
707
702
703
703
697
703
694
666
685
677
684
695
664
680
676
674
658
665
667
649
659
663
667
643
639
629
620
600
592
582
583
574
599
644
680
645
660
692
693
673
731
724
719
691
675
671
654
645
658
655
645
644
632
616
612
621
610
608
618
614
599
604
604
595
592
581
575
576
563
563
558
543
549
539
547
533
548
531
541
532
535
528
526
524
517
525
515
522
516
512
511
505
509
497
501
500
487
491
479
484
482
472
469
468
460
454
462
459
448
445
451
447
437
440
444
445
436
432
439
438
438
432
431
438
437
438
431
433
438
436
429
433
437
437
431
426
438
436
434
432
430
435
434
430
427
433
440
437
430
431
437
440
435
429
437
434
437
433
427
435
434
434
427
426
435
435
433
425
424
433
431
426
423
418
426
426
427
419
414
421
419
429
422
420
417
416
427
427
420
419
418
427
424
425
419
416
424
423
426
422
414
417
419
425
424
426
417
420
412
414
421
417
417
412
405
409
405
416
408
414
408
403
403
405
407
409
412
409
408
404
401
402
408
410
413
411
407
400
401
405
410
409
409
408
404
401
402
403
399
408
405
409
406
401
395
398
407
398
407
404
406
399
393
398
399
404
404
408
407
410
398
398
402
402
406
408
409
405
399
400
397
403
403
405
407
411
406
402
401
401
403
404
409
405
402
402
396
400
399
405
403
406
402
393
400
395
400
401
404
400
397
399
396
396
395
399
400
400
401
402
398
395
394
394
398
398
399
399
401
395
394
393
393
396
398
400
399
399
398
393
396
394
398
398
399
402
399
396
393
396
393
398
398
399
398
402
396
396
395
393
396
395
399
396
398
392
396
394
392
396
389
397
396
399
396
397
393
393
393
392
393
391
395
395
397
395
395
391
390
394
384
394
386
388
388
391
388
394
392
394
393
392
390
389
390
390
391
392
395
394
397
394
397
391
392
391
389
392
387
395
393
397
394
396
393
393
392
391
388
389
392
387
390
391
395
392
396
394
395
393
392
390
391
391
390
393
394
394
395
398
395
395
393
389
393
390
396
395
397
396
400
390
390
391
388
393
392
394
392
395
393
389
390
391
388
390
391
389
395
396
396
395
392
391
394
393
394
395
397
401
398
398
396
393
394
392
397
398
401
400
396
396
393
397
397
401
402
404
398
400
396
397
401
397
401
400
405
399
398
396
394
398
397
401
399
399
396
395
393
392
392
392
396
396
398
397
401
397
396
395
393
392
390
391
394
396
397
401
401
404
400
399
397
397
401
402
405
404
402
398
396
396
395
400
396
401
398
397
397
392
393
392
396
396
398
396
398
396
393
393
391
394
395
396
396
398
396
395
390
389
392
393
395
394
396
395
391
388
388
387
385
394
391
394
394
395
391
390
392
391
394
394
399
396
401
398
395
394
393
396
396
399
399
399
395
394
395
390
396
396
396
395
398
390
389
389
387
394
394
395
392
392
390
388
391
389
396
393
397
394
391
392
388
389
386
392
393
395
394
393
395
385
389
390
390
388
396
388
395
392
393
388
386
388
384
390
387
392
388
391
389
388
386
385
385
387
389
390
393
392
395
390
390
387
386
389
390
394
392
394
394
391
389
388
386
385
386
386
393
388
395
390
390
387
387
387
384
389
390
396
393
395
390
387
388
388
391
391
395
393
396
391
393
390
386
388
386
393
393
396
396
395
393
388
387
387
389
388
395
391
396
391
390
391
383
387
385
390
392
392
391
394
388
386
385
380
382
382
387
384
389
388
389
386
384
385
381
384
382
388
387
390
387
392
387
388
387
389
389
392
390
392
393
395
396
398
400
400
399
401
405
404
409
407
407
405
409
411
414
416
414
416
416
416
419
418
420
423
424
424
428
427
429
427
424
430
431
430
429
427
429
437
439
439
439
444
455
469
487
491
479
474
480
486
477
476
479
479
484
481
478
476
483
485
480
495
521
514
506
519
544
565
539
545
573
547
530
528
545
576
565
537
535
565
584
547
537
560
646
615
562
554
582
703
658
602
583
601
632
639
614
584
588
605
662
638
657
603
586
554
534
533
542
532
521
518
535
609
706
678
627
631
650
640
588
611
652
630
599
618
695
632
623
651
636
596
632
678
607
611
654
664
604
613
659
716
678
631
637
649
617
618
670
658
608
611
622
649
647
604
603
614
607
590
571
566
588
619
623
594
609
639
634
597
594
604
592
569
571
584
600
584
584
598
610
595
597
624
633
601
607
625
621
592
596
611
622
599
598
617
627
600
597
613
638
611
613
623
623
600
595
605
606
592
600
623
659
657
660
614
603
601
613
604
598
614
660
619
619
645
663
614
618
636
639
612
599
610
618
626
640
618
620
633
636
609
617
640
604
597
596
592
576
584
593
582
577
583
595
604
594
573
570
585
613
602
592
608
625
617
603
603
617
627
618
604
614
633
646
632
622
640
656
619
624
645
637
614
632
645
646
617
628
623
609
593
596
596
593
579
586
597
618
637
611
631
654
659
637
633
649
624
604
595
598
594
564
566
554
557
548
549
550
546
546
543
542
532
535
533
535
522
527
523
527
525
527
519
519
515
508
513
503
507
500
498
501
497
497
497
489
499
495
492
499
490
497
497
492
500
496
498
499
492
503
498
500
497
489
495
494
486
488
484
485
487
481
479
483
475
475
474
466
467
473
471
466
468
466
461
462
468
461
454
463
456
451
457
460
452
452
460
464
455
453
466
464
459
463
464
458
463
462
457
455
463
466
455
455
465
458
454
457
458
453
450
456
457
448
449
460
453
447
453
457
447
450
453
446
445
445
453
448
444
445
448
447
443
438
448
442
437
440
442
445
437
437
441
445
438
430
435
441
438
434
436
438
436
433
434
441
437
432
435
438
438
434
431
438
440
438
433
434
442
442
434
433
438
446
438
434
438
441
442
432
430
440
439
432
428
432
438
434
429
428
432
438
437
429
430
436
439
432
428
433
438
439
434
431
438
440
438
434
427
433
431
423
419
418
422
422
417
414
409
413
412
417
411
409
407
407
411
414
415
412
412
414
412
424
426
427
423
419
426
430
431
424
422
428
435
440
438
434
437
436
440
434
433
434
438
441
436
433
436
438
434
430
428
435
433
428
429
428
435
432
427
428
425
434
431
428
428
424
432
430
428
425
426
433
429
424
424
426
435
431
426
424
424
434
430
424
421
421
430
430
424
424
421
432
431
428
424
422
430
430
427
426
421
427
429
429
423
417
421
422
427
423
417
417
417
422
423
423
420
417
423
428
430
427
422
425
429
435
430
428
429
434
434
433
429
428
431
435
428
424
431
433
432
429
428
433
435
435
431
429
437
438
437
432
432
436
435
431
431
429
437
432
427
427
429
435
429
426
422
426
434
435
430
428
434
436
428
423
421
424
428
427
420
421
422
429
430
429
430
429
430
431
429
429
430
431
427
428
429
430
431
430
430
430
436
435
436
438
437
434
432
435
435
438
437
436
435
436
440
443
455
457
463
461
461
463
464
462
456
455
454
459
458
458
457
466
470
472
475
482
487
481
478
477
485
488
490
485
488
496
502
494
496
507
510
502
497
505
519
518
511
507
524
541
551
533
520
523
534
533
524
525
532
515
510
513
530
532
521
514
521
527
520
517
520
523
511
507
512
521
520
509
505
505
503
502
506
511
503
499
504
519
523
519
510
503
510
521
518
515
513
526
535
526
524
529
525
521
519
531
540
541
530
522
521
526
518
513
512
519
511
515
527
538
525
522
532
536
533
526
535
548
541
533
545
561
560
547
527
517
515
515
521
522
515
516
520
519
517
516
529
539
528
528
535
549
554
538
537
535
536
525
518
515
517
511
507
507
513
512
509
511
524
529
520
518
521
522
515
515
520
520
516
517
520
522
519
514
520
528
527
530
542
542
535
542
551
539
531
526
533
543
554
556
548
549
565
582
566
562
568
569
549
547
556
563
563
559
557
568
559
550
554
563
559
544
541
544
547
547
537
540
545
539
531
531
536
537
530
529
536
551
547
559
570
591
576
563
565
574
576
565
559
565
571
557
560
569
570
561
549
547
541
529
528
529
524
524
531
538
538
530
532
543
543
540
537
538
533
527
526
532
542
553
547
556
574
590
571
555
553
558
571
580
588
581
563
557
559
563
561
553
552
554
558
551
540
526
521
522
523
529
539
551
552
551
537
532
531
535
544
540
533
533
539
547
542
542
554
555
547
554
555
562
554
556
545
531
527
523
524
515
515
516
515
509
510
511
519
524
526
521
517
522
519
510
510
516
517
516
522
533
541
542
550
559
559
545
538
539
543
547
549
540
532
528
530
533
534
527
521
514
511
513
519
519
514
514
518
523
521
516
516
521
521
515
516
521
522
521
521
526
531
527
527
533
531
525
521
522
523
516
514
517
518
515
511
510
515
512
515
520
523
521
521
522
531
535
532
531
533
535
540
542
538
534
535
531
524
525
523
523
515
513
517
523
523
519
519
523
527
518
524
532
529
526
523
523
524
518
513
511
512
509
500
500
503
507
514
516
512
505
500
501
504
508
506
499
500
508
511
515
516
518
532
523
526
535
539
529
537
541
541
535
543
532
525
522
516
523
515
517
504
508
507
494
503
502
492
494
482
478
486
482
478
485
491
487
497
492
480
490
484
481
487
485
475
482
481
476
478
472
467
475
479
474
477
479
470
475
481
474
475
479
470
472
484
475
474
481
472
472
476
467
467
473
474
463
471
475
465
467
466
464
461
470
468
460
463
466
452
453
458
459
453
451
459
459
447
447
454
453
448
445
451
449
441
440
443
440
435
434
441
440
436
430
437
441
440
433
433
439
440
434
428
433
441
437
431
431
434
437
428
423
424
428
429
420
415
417
418
424
417
413
412
411
416
420
419
412
409
415
413
421
419
414
410
411
420
422
424
417
415
418
422
424
417
413
415
420
424
421
420
418
418
425
423
422
417
415
420
423
421
419
414
415
422
426
424
420
417
419
427
425
424
419
416
423
431
432
424
419
428
427
426
422
416
425
425
425
418
416
418
426
423
418
416
422
426
428
421
423
426
429
434
426
423
423
428
433
427
422
423
427
428
426
424
424
428
429
425
425
425
429
432
424
421
426
430
855
422
427
427
431
427
424
427
426
434
426
420
422
425
426
423
415
415
416
421
418
419
414
410
414
414
416
413
409
404
402
409
409
411
406
407
402
398
404
402
409
405
402
399
396
397
400
406
400
405
398
396
395
393
396
395
399
393
396
392
392
389
389
387
388
395
394
396
395
394
392
389
387
389
392
392
398
392
398
394
396
394
392
394
394
397
396
397
394
391
390
389
394
391
398
393
398
393
392
389
390
393
393
397
395
397
394
391
391
387
392
392
396
394
396
393
388
386
388
393
395
395
393
395
393
388
390
392
395
395
395
394
389
389
386
386
385
392
388
389
386
388
381
381
380
376
378
375
379
377
384
380
381
377
381
379
377
378
374
377
374
376
376
378
375
384
376
384
382
381
379
377
376
377
378
376
379
378
385
383
384
385
386
384
383
380
380
382
378
381
380
381
381
382
384
385
379
383
378
379
377
372
375
372
374
373
376
372
380
375
380
373
378
376
376
374
374
372
371
372
369
370
368
369
370
374
367
377
373
375
372
376
373
377
372
373
372
370
371
369
369
369
373
368
375
372
372
372
373
370
374
370
373
369
371
370
371
371
371
369
369
369
371
373
368
376
375
375
374
379
374
376
372
373
373
370
369
368
371
369
375
373
373
373
375
374
368
371
370
369
370
370
369
372
370
375
371
376
374
373
371
370
370
369
369
367
366
364
368
363
370
371
370
367
373
368
371
366
367
366
366
367
361
364
360
364
362
364
362
365
363
365
364
367
362
368
366
366
363
362
364
363
361
357
358
361
358
358
360
357
360
357
359
357
360
359
363
361
361
360
361
360
363
361
363
360
361
362
358
358
357
360
358
361
359
362
361
363
362
365
361
365
360
361
358
362
361
357
358
356
356
356
356
354
355
353
356
355
359
356
360
356
358
356
356
354
358
354
354
352
354
355
351
353
351
353
352
354
349
355
348
354
354
355
351
354
352
355
354
356
355
357
354
354
349
354
354
352
354
351
352
350
350
350
354
348
351
348
352
351
352
347
352
352
354
353
354
353
356
353
355
352
359
355
357
354
354
353
355
350
354
352
353
356
353
354
353
355
353
357
354
355
353
355
354
357
354
355
351
355
353
355
351
353
352
351
354
349
350
352
351
342
352
351
349
348
349
347
347
345
348
346
349
345
348
345
348
346
348
347
349
345
349
346
351
346
350
344
350
346
352
346
352
349
350
343
348
345
348
346
345
348
345
345
348
343
346
348
343
346
341
344
345
346
342
345
343
347
342
347
345
345
344
346
345
346
342
348
343
347
345
346
342
344
344
346
343
348
343
342
342
345
343
343
343
347
344
347
342
343
342
345
342
345
340
345
341
348
345
343
342
345
345
347
344
342
342
345
344
346
345
342
340
346
343
346
343
343
342
342
346
345
340
343
343
342
344
344
338
342
339
338
339
344
337
341
337
340
341
340
343
341
342
341
338
340
342
340
338
340
340
342
341
343
341
340
335
338
342
339
341
341
338
340
336
342
339
343
340
341
338
341
340
345
341
343
340
342
339
343
342
339
338
342
340
344
339
339
337
342
338
342
338
339
339
342
340
340
338
339
336
338
338
337
336
337
336
337
333
336
333
333
335
334
332
337
665
332
332
333
334
331
329
332
332
329
334
332
332
332
330
332
333
333
331
331
327
332
333
333
326
332
330
335
329
330
329
335
331
334
333
335
333
330
332
332
329
334
329
335
328
333
332
331
329
330
329
330
333
332
329
329
331
333
331
329
332
331
331
328
328
329
331
331
334
330
328
327
332
328
334
328
330
327
331
330
330
327
331
328
330
328
329
325
329
327
328
326
327
327
327
326
329
330
327
328
326
330
659
328
330
326
330
326
330
328
333
328
327
327
332
329
329
330
329
327
330
327
330
327
331
324
329
329
328
324
328
329
326
328
327
328
324
332
324
329
330
326
330
326
327
325
325
327
328
324
322
326
325
327
325
325
321
323
323
325
322
325
319
322
322
328
321
319
325
322
324
325
320
319
323
321
322
320
322
322
325
320
324
319
321
321
322
320
320
325
321
318
322
323
322
324
322
322
318
322
318
322
320
321
320
322
321
325
316
323
324
324
320
317
324
319
322
319
320
321
321
323
319
319
320
319
322
323
317
320
321
323
317
320
317
321
320
320
317
320
319
323
319
317
319
319
320
322
321
319
319
316
319
318
319
318
319
316
319
319
318
318
319
320
320
318
316
319
316
316
316
318
319
318
317
319
313
313
321
317
321
318
318
315
319
318
320
315
321
315
319
315
323
315
319
316
314
322
321
315
314
320
317
317
315
316
315
317
638
635
315
317
322
314
317
314
319
315
316
313
317
315
316
314
315
318
314
318
315
314
315
317
315
313
312
317
315
315
629
312
317
316
316
316
317
315
312
314
311
314
315
313
313
313
316
316
317
315
313
312
315
314
314
311
314
313
316
313
316
313
312
314
315
315
313
312
310
316
313
315
313
311
313
312
316
314
316
310
313
311
314
313
314
310
313
314
316
310
313
307
313
314
316
311
313
313
314
315
312
312
310
312
312
313
312
312
311
313
314
313
313
311
310
313
314
311
310
309
313
311
313
310
310
313
311
311
311
312
313
313
312
310
312
307
310
313
309
313
307
312
311
312
310
309
309
308
312
308
311
306
313
311
313
312
310
312
307
314
307
310
307
311
313
310
310
311
313
311
312
313
309
305
312
313
312
308
310
309
311
308
310
311
310
309
311
308
313
308
312
310
310
307
308
312
310
308
306
310
308
310
308
310
309
311
305
312
307
312
310
310
305
309
308
615
307
307
309
309
308
309
305
310
312
616
305
309
308
310
308
309
304
307
308
309
305
310
309
308
308
306
309
310
309
304
307
305
309
309
309
306
308
305
309
309
303
308
307
310
305
305
307
310
308
308
306
612
307
310
307
304
304
307
306
307
305
309
305
307
306
311
309
608
304
308
305
306
304
308
303
304
309
306
306
306
305
304
307
306
307
303
309
303
306
309
307
302
301
306
304
309
305
304
306
307
305
304
306
306
605
305
304
306
308
304
301
307
306
309
301
301
305
305
306
305
303
306
305
305
308
302
301
305
306
303
302
304
308
302
304
307
302
296
304
304
306
303
306
304
308
304
304
304
304
310
302
302
303
307
302
304
302
305
305
306
307
300
303
306
304
305
302
303
301
309
308
305
298
304
305
306
304
301
301
305
304
305
305
298
302
304
304
304
304
303
306
302
302
302
597
297
302
303
299
299
299
303
305
308
307
300
299
302
304
308
308
301
601
306
309
303
304
304
305
306
309
311
312
308
308
310
312
311
309
312
311
314
308
313
312
315
309
312
316
312
313
313
315
313
313
316
317
314
313
313
312
315
316
316
313
313
313
317
312
315
317
315
313
316
315
318
316
313
318
317
318
313
318
318
315
314
317
317
320
316
315
317
317
320
316
318
317
320
317
319
317
320
320
317
316
317
319
321
323
321
320
321
322
325
322
323
324
324
325
322
323
325
327
324
323
324
327
327
328
328
331
331
327
328
327
329
329
331
327
332
332
331
333
332
334
332
333
334
334
336
338
338
337
337
339
342
342
341
342
341
343
342
342
340
344
344
342
340
345
345
342
345
345
346
345
348
347
349
347
350
351
346
350
350
349
348
351
350
350
353
351
349
351
354
353
351
354
354
355
354
357
359
359
357
360
362
363
360
365
361
364
366
365
366
368
369
365
371
368
365
367
368
368
367
366
368
370
369
372
373
371
375
375
374
375
374
376
375
372
373
373
374
372
373
378
377
374
375
378
377
378
378
379
381
381
385
385
386
385
387
389
386
388
387
390
386
384
389
388
384
386
388
392
387
394
394
395
396
399
403
403
403
405
403
406
408
401
403
401
401
397
398
397
398
396
398
398
404
403
406
408
408
410
413
416
414
417
418
418
420
419
417
417
416
414
412
411
413
414
414
412
415
418
419
420
423
420
416
421
421
415
417
417
416
415
414
414
413
407
407
409
408
408
411
411
413
411
410
409
406
410
410
410
411
415
414
412
413
411
411
411
413
411
412
417
415
417
420
422
422
419
422
423
420
422
422
426
426
424
430
428
427
424
431
431
432
431
434
436
431
431
430
430
426
422
430
432
433
435
438
438
431
430
431
428
427
428
432
434
436
433
435
437
434
436
436
435
437
434
434
436
439
438
438
437
437
438
440
438
438
440
443
445
445
452
454
455
456
454
454
454
457
453
455
454
455
457
458
455
453
453
460
459
460
459
460
461
461
461
465
465
459
456
456
456
452
453
457
453
457
460
467
464
472
485
479
479
479
482
483
479
485
485
487
479
479
477
477
472
469
469
469
470
465
463
464
468
468
465
465
471
469
468
465
464
468
464
464
463
467
465
466
468
470
478
483
481
481
481
483
492
487
484
483
484
480
478
469
470
474
471
474
478
477
479
480
481
480
480
488
484
485
486
489
488
489
490
488
484
486
491
488
486
487
490
489
487
488
492
491
490
487
491
498
492
490
490
497
491
490
489
492
489
485
484
487
488
483
481
482
481
479
479
476
479
479
488
490
489
489
494
491
493
496
494
493
492
496
495
493
491
490
491
495
496
495
493
494
498
501
499
494
498
501
500
498
504
504
504
502
503
503
510
502
499
499
504
500
497
496
501
496
495
500
494
497
497
503
497
493
492
492
489
488
491
493
491
489
497
495
496
502
500
499
506
502
504
505
507
504
504
504
501
500
500
500
497
494
498
497
497
494
492
490
496
490
490
487
486
500
498
500
502
509
508
508
513
516
512
515
513
512
509
517
513
514
515
518
516
516
521
517
515
517
517
514
511
515
514
507
505
509
504
502
501
504
503
501
500
498
503
499
500
498
499
498
497
499
500
501
509
516
521
524
524
519
513
513
517
516
515
514
514
519
515
513
519
523
522
521
522
529
523
521
526
521
519
521
519
517
516
515
514
512
508
511
512
509
513
517
518
514
515
518
519
522
522
517
516
517
509
510
506
509
504
507
505
511
515
520
521
523
517
519
519
518
513
512
505
507
502
504
504
504
508
506
505
504
507
513
510
511
512
519
518
518
522
521
521
523
522
521
520
515
509
511
511
508
508
509
510
507
510
507
510
513
511
515
515
515
514
520
514
516
513
516
519
516
518
516
511
506
506
500
503
506
506
506
508
509
501
499
508
504
505
504
494
491
495
491
491
488
487
486
485
484
478
484
481
481
488
491
492
488
488
499
495
496
488
492
491
491
490
488
487
484
483
483
477
469
477
476
477
477
478
475
474
475
478
479
479
479
481
476
472
472
473
472
471
472
473
468
474
479
475
479
479
487
488
488
496
500
499
499
500
499
499
496
503
504
504
504
503
503
506
500
503
503
508
506
505
513
515
516
516
511
508
508
503
502
501
498
500
498
502
504
509
511
512
516
516
519
523
521
520
517
518
513
511
516
517
521
520
516
514
517
511
510
512
509
513
514
514
513
514
517
517
519
519
521
521
523
522
521
519
518
515
515
514
510
511
513
515
516
516
521
520
524
523
528
529
527
525
528
525
523
528
523
527
529
526
528
534
530
536
535
534
530
525
521
524
523
521
520
517
518
517
514
516
518
515
521
521
519
520
520
518
520
520
518
517
521
521
519
521
521
521
520
521
522
521
524
521
522
521
521
518
520
515
514
515
515
514
512
514
516
518
519
520
520
519
518
516
520
516
519
518
521
520
521
523
521
524
525
533
537
540
539
557
562
553
544
531
528
534
538
531
521
519
518
515
515
515
517
516
515
516
518
517
517
517
516
517
519
518
518
519
521
520
519
521
517
520
518
523
523
527
526
527
527
530
527
529
526
523
521
524
520
520
513
518
513
511
512
511
511
512
516
518
521
522
524
524
523
524
523
524
524
526
527
528
528
528
528
531
530
529
529
530
527
525
524
523
521
519
516
518
515
516
516
518
516
516
514
517
516
518
520
523
521
526
526
524
522
521
518
516
512
510
506
505
504
501
500
504
506
508
505
517
516
516
515
521
520
519
521
524
521
521
521
523
521
520
523
522
522
517
520
521
522
525
526
525
529
531
527
526
529
530
532
529
526
528
532
537
538
539
543
550
550
554
558
557
554
563
555
554
554
552
549
552
548
543
537
539
538
537
538
535
531
532
532
530
534
534
531
530
533
533
530
528
532
529
527
530
526
527
530
527
525
528
524
522
527
524
524
521
522
521
523
520
521
523
521
521
528
529
528
526
530
530
529
526
524
525
522
521
522
521
520
520
521
521
521
521
520
520
520
521
520
519
522
522
521
520
522
520
520
518
521
520
519
519
523
527
524
526
529
532
533
533
529
533
534
532
531
533
530
527
532
529
531
534
539
538
539
544
538
535
540
534
533
535
528
526
531
532
531
527
528
530
532
530
527
523
524
523
519
517
517
516
519
516
511
506
507
508
512
518
523
524
524
529
536
540
541
540
543
540
538
533
530
529
534
529
525
522
524
528
529
528
525
524
524
530
541
549
549
545
539
534
537
537
538
541
548
546
545
542
543
539
540
541
546
543
544
541
545
544
543
541
544
540
539
534
531
537
539
540
539
535
528
522
521
521
522
529
531
531
531
537
539
538
538
538
541
541
540
539
538
536
535
535
531
529
526
527
523
523
521
525
526
529
527
531
533
535
537
541
540
543
539
542
540
540
536
536
533
533
532
531
532
530
531
534
536
540
539
545
545
546
548
550
547
544
547
543
543
545
544
542
542
545
541
540
545
550
549
551
555
555
555
551
552
550
549
544
541
537
537
538
535
536
537
538
535
535
535
535
531
528
529
527
526
528
532
531
531
538
538
539
538
546
547
546
544
547
541
538
534
533
531
530
528
523
521
524
525
521
524
529
529
531
534
540
539
538
537
543
544
541
537
532
533
532
531
534
539
543
545
546
540
540
535
525
522
521
521
521
515
521
516
521
516
520
521
522
525
528
527
531
544
559
566
570
577
593
605
604
599
603
602
597
589
582
579
570
578
577
579
588
600
604
606
606
600
592
594
586
575
570
562
587
573
570
565
569
563
558
554
557
568
597
592
600
622
648
669
638
639
659
658
634
624
621
625
612
604
615
678
689
650
669
725
708
685
693
714
673
664
677
669
651
641
644
689
692
668
680
725
738
701
695
715
710
673
661
676
677
652
650
674
708
705
694
702
722
666
652
655
661
646
633
635
653
655
646
676
709
720
691
690
710
701
699
678
690
683
674
650
642
652
655
640
619
615
627
641
666
677
685
692
677
661
649
648
657
646
630
607
643
628
631
631
632
623
619
612
615
614
648
669
677
644
636
640
650
665
671
651
636
648
646
649
650
644
638
635
631
616
607
614
646
704
750
732
746
747
732
694
697
713
679
672
670
658
650
655
657
649
652
660
653
645
670
674
673
656
640
626
604
619
620
609
617
641
654
661
657
651
616
616
605
598
602
612
609
616
620
628
620
618
610
627
624
626
625
621
614
603
596
581
577
578
576
572
570
569
567
567
571
569
563
564
560
555
575
594
604
619
640
660
645
636
621
610
604
603
604
604
604
617
624
620
611
628
637
644
643
634
620
614
607
601
597
596
593
593
607
637
630
634
658
659
639
643
648
657
659
633
627
620
624
624
637
650
650
649
643
634
622
615
613
616
615
624
641
731
760
713
692
697
677
660
660
660
665
666
646
644
632
633
644
651
649
667
710
756
762
759
734
709
707
702
693
681
658
642
622
614
615
614
617
621
618
625
635
641
636
634
637
652
672
686
689
685
665
672
679
692
705
713
698
712
733
751
750
706
687
677
672
670
663
672
700
712
724
745
752
719
715
718
702
679
679
680
682
663
663
665
674
656
652
660
679
688
698
708
691
685
684
684
687
697
697
693
708
721
736
741
708
719
722
709
698
678
674
682
703
726
707
706
698
691
677
671
671
673
659
677
689
705
708
696
712
707
707
706
691
693
697
710
729
706
702
752
698
694
699
692
669
672
671
678
690
702
704
737
757
774
781
744
760
755
740
703
699
684
676
663
659
682
728
766
739
784
767
742
736
745
745
723
700
703
709
708
694
686
693
715
732
708
713
725
737
711
690
688
687
685
672
668
661
649
659
688
705
705
720
714
720
694
688
685
659
648
648
646
648
686
698
717
717
706
703
700
689
680
677
676
679
686
671
661
637
636
634
653
668
674
676
672
670
663
654
644
631
620
617
622
660
740
764
776
816
823
743
731
712
686
677
722
732
738
700
686
675
670
648
644
657
669
670
672
665
708
744
728
716
705
691
677
666
646
644
627
623
635
635
650
657
646
642
638
646
657
660
660
655
654
644
637
630
629
613
601
605
603
607
607
621
619
626
639
653
665
671
671
660
644
634
637
643
657
688
724
707
715
699
682
663
658
674
688
669
665
670
675
678
671
662
651
644
644
646
659
678
690
708
716
704
688
673
648
650
649
669
718
708
714
745
769
770
771
768
761
727
722
703
698
696
681
696
709
726
778
819
826
783
788
800
777
762
739
701
690
676
681
700
733
758
755
758
752
718
703
715
718
713
689
689
695
703
694
679
708
731
740
751
703
691
698
700
691
689
692
691
690
706
704
736
752
740
727
730
744
746
746
723
732
729
699
694
688
692
703
710
705
706
702
687
671
656
659
673
696
696
724
732
726
690
679
675
671
700
731
718
717
713
709
687
688
701
723
745
766
781
802
795
757
750
709
690
677
663
670
688
679
687
706
733
756
763
770
766
718
717
713
706
714
722
724
723
713
689
667
663
662
672
701
724
741
757
751
756
752
729
715
716
728
738
743
746
724
697
691
688
693
705
726
752
717
701
687
699
710
716
731
741
742
731
729
715
709
693
687
671
664
644
645
640
633
640
621
615
612
610
616
607
599
604
600
606
620
626
638
621
616
615
605
614
597
601
609
617
624
620
614
619
599
593
595
595
584
591
582
590
610
629
630
636
632
613
630
631
617
624
625
629
630
632
628
619
619
610
610
619
639
660
670
652
638
645
704
736
752
690
688
740
743
729
722
727
738
743
726
700
702
722
721
701
711
719
735
711
694
698
708
706
683
680
693
719
752
759
750
781
787
778
734
721
724
728
729
699
702
695
688
704
733
711
696
710
736
767
778
719
729
742
718
710
714
732
752
757
727
737
747
765
750
743
756
767
735
745
772
789
787
740
749
760
781
759
732
745
759
789
761
731
754
767
748
778
800
758
735
732
740
751
732
744
774
815
835
839
804
786
777
768
757
719
713
719
744
752
812
881
833
796
796
793
758
744
740
736
715
729
748
749
725
736
751
765
767
750
735
736
727
729
729
725
731
748
746
717
696
688
697
704
685
691
698
710
708
688
682
683
677
677
684
685
700
711
700
735
763
774
770
748
760
767
770
726
703
705
708
717
707
700
707
729
749
762
773
766
742
704
697
706
680
686
694
715
750
760
756
703
688
675
668
660
671
640
648
646
646
645
644
642
638
629
619