707
745
744
697
729
739
446
927
693
708
720
740
731
632
586
3606
579
604
613
601
644
667
667
644
683
682
653
699
717
681
733
748
710
765
761
703
741
723
679
694
721
675
691
693
656
660
686
655
688
697
703
727
728
362
354
663
668
643
375
259
627
1231
592
640
669
735
787
774
744
776
803
790
713
745
737
674
670
675
688
718
697
734
742
688
739
714
667
681
664
661
639
619
619
627
602
461
732
313
283
665
739
742
694
720
735
731
703
673
643
613
570
563
561
578
673
870
809
780
802
839
837
805
783
738
645
636
599
568
561
560
563
593
670
816
853
853
824
799
754
685
652
650
663
684
712
697
690
703
684
646
674
640
644
675
708
755
790
728
660
639
634
672
687
660
646
621
614
609
624
633
636
603
603
617
596
601
651
707
660
637
648
656
679
683
671
660
638
625
585
603
600
613
657
680
685
687
646
628
620
617
660
695
780
779
762
721
642
623
611
621
642
393
857
643
683
705
699
680
659
623
614
588
565
571
582
628
723
751
716
755
794
802
718
781
725
678
658
642
642
617
603
611
609
640
662
654
636
639
656
661
648
615
608
586
582
585
592
613
627
594
610
612
609
614
612
604
600
573
571
582
606
634
688
739
758
739
687
675
699
698
702
703
700
695
687
647
677
685
736
789
797
741
767
744
731
720
717
663
645
649
670
717
794
853
837
805
735
762
722
723
697
656
685
705
741
786
753
729
781
797
779
725
695
704
700
698
687
745
806
831
765
823
784
713
732
699
665
645
645
615
668
707
751
687
686
732
757
791
726
735
729
730
681
691
682
716
740
682
704
740
747
702
738
759
774
714
748
748
724
695
706
704
717
669
679
701
724
695
707
731
740
693
714
722
728
689
719
722
709
681
707
713
707
690
742
758
720
714
737
755
744
691
728
739
752
725
691
720
727
743
687
688
725
792
814
759
806
811
758
771
771
751
695
709
727
730
688
735
752
783
731
779
773
734
773
775
728
730
737
751
757
719
690
728
734
701
684
705
667
693
740
788
800
736
744
770
786
767
723
746
747
758
714
699
736
748
776
718
753
770
772
721
738
752
768
735
742
770
781
729
742
761
770
720
756
756
762
713
742
753
763
708
730
741
746
709
717
727
732
722
683
677
699
753
774
771
778
768
758
766
709
715
711
737
756
761
716
764
767
771
790
783
759
723
746
726
736
711
705
732
744
763
756
723
758
775
789
780
723
733
721
714
679
696
706
727
712
690
725
732
762
717
767
767
774
721
742
734
721
675
686
690
681
691
679
638
630
634
671
729
770
792
724
773
773
763
752
706
703
673
663
633
661
689
699
666
687
711
705
679
661
700
729
744
687
688
694
726
746
703
701
714
713
714
691
634
660
683
706
726
684
718
763
800
795
732
729
735
738
733
683
694
726
778
809
740
782
789
790
746
764
783
777
767
705
729
742
755
697
692
700
695
662
703
727
750
693
705
713
717
681
652
689
712
740
771
718
755
785
805
805
749
796
781
790
791
753
774
801
811
805
739
754
754
772
792
719
767
795
822
751
728
767
776
768
704
740
754
762
706
709
764
812
794
716
737
767
781
738
791
801
790
712
747
749
750
706
751
776
795
729
726
759
779
764
716
751
767
775
725
708
724
729
737
707
696
741
772
786
728
743
768
818
831
798
753
780
789
804
764
738
787
775
801
744
717
760
786
858
769
785
815
811
744
724
727
729
731
703
757
772
766
718
684
672
693
725
790
766
724
768
728
671
692
665
648
635
610
639
646
651
620
632
622
623
601
615
613
622
629
610
634
651
668
629
659
686
738
700
713
754
779
702
723
712
714
687
738
784
818
750
736
771
796
828
753
780
787
798
751
765
810
841
756
745
771
805
844
762
730
772
792
812
740
793
820
849
748
797
809
779
720
736
753
773
750
850
884
880
771
806
709
646
638
646
620
604
594
584
568
567
566
552
552
535
537
529
523
519
511
508
507
501
497
492
494
495
508
527
564
598
700
783
768
709
752
769
785
764
727
766
710
693
669
654
650
662
674
644
640
648
660
672
649
656
661
664
657
650
644
623
595
591
599
619
613
643
642
629
627
621
605
604
601
581
578
578
591
608
622
600
619
640
657
645
627
628
629
629
604
602
604
612
627
635
627
630
624
619
631
667
723
815
772
746
717
693
660
615
604
582
562
559
569
579
583
566
559
564
567
560
554
552
559
567
568
560
560
578
604
646
629
630
609
634
630
608
609
612
588
596
594
598
606
588
588
602
633
656
641
643
669
698
695
654
647
646
639
619
608
617
626
646
637
632
634
638
624
630
640
623
599
597
586
580
578
569
572
588
617
646
634
620
620
623
621
610
600
572
586
569
554
540
538
544
560
607
633
653
638
620
597
595
587
572
550
556
557
584
585
595
619
656
694
657
640
643
653
653
630
624
630
623
620
605
617
634
656
653
631
635
624
633
623
609
611
617
648
650
649
632
622
624
638
646
660
636
617
620
609
604
593
578
583
599
635
667
645
625
626
633
621
600
602
598
589
579
572
580
588
598
598
582
591
600
617
604
598
577
563
552
544
533
527
531
539
549
564
549
553
573
636
662
640
642
653
664
652
608
592
596
591
572
572
572
569
564
556
558
555
545
537
539
543
559
575
577
573
593
620
625
611
616
597
591
594
596
594
577
578
591
597
609
601
600
618
634
657
639
610
599
588
564
551
542
533
528
544
577
607
624
646
672
676
677
651
642
635
628
620
612
600
583
578
563
563
581
617
656
649
662
674
674
646
624
610
591
563
561
563
558
553
538
542
539
544
545
541
543
557
568
576
568
554
555
557
553
530
529
526
526
514
516
521
529
532
537
528
524
509
507
507
506
502
499
495
499
502
499
502
501
496
502
514
531
539
531
512
512
509
506
505
497
497
503
509
528
527
539
551
558
556
546
527
530
530
528
531
514
509
505
504
500
506
518
563
586
581
562
540
534
551
573
587
557
544
558
557
549
531
532
528
536
537
537
526
520
525
539
537
521
533
533
531
517
515
520
521
523
529
518
510
509
510
505
529
452
492
963
479
478
478
469
471
465
920
455
457
450
453
451
446
445
438
436
441
440
444
874
441
439
440
448
437
445
445
444
440
438
443
437
439
437
440
438
438
439
435
432
438
435
438
428
424
431
425
429
423
427
423
842
412
418
418
420
417
411
416
411
416
412
412
411
409
411
411
410
402
409
408
410
405
405
402
404
407
404
406
403
407
401
402
401
403
407
403
405
396
403
401
401
401
804
402
406
402
406
405
408
402
402
405
808
403
407
403
409
406
407
405
408
399
401
407
407
406
397
404
400
405
400
397
401
394
396
397
403
398
397
394
402
397
793
391
398
399
396
393
398
396
396
393
396
392
393
391
389
390
387
391
383
774
390
386
387
380
385
384
385
378
385
386
385
381
384
380
382
382
383
378
381
380
380
385
761
380
383
382
383
380
378
382
380
375
380
381
380
378
381
378
379
377
378
377
377
379
751
374
376
376
371
370
373
371
376
369
374
370
373
371
371
367
379
372
371
372
373
748
370
377
373
378
375
376
373
376
376
378
372
377
376
377
373
380
379
379
375
378
377
374
377
375
372
372
372
375
370
371
371
372
373
368
373
739
370
372
371
369
369
373
373
369
372
377
375
371
373
377
376
377
377
381
378
378
376
380
376
378
377
374
374
373
378
747
374
375
371
375
367
373
372
372
369
370
368
375
367
370
369
374
369
370
746
372
376
370
378
375
377
375
380
377
377
372
382
380
379
377
374
376
376
375
375
374
372
370
371
372
741
368
369
368
367
367
367
366
368
363
366
368
367
366
734
369
368
366
368
369
371
371
367
372
371
369
372
368
372
369
370
371
369
368
369
368
369
368
367
368
368
368
366
367
366
367
367
364
365
366
363
364
364
364
363
363
365
360
363
364
364
365
363
363
364
363
364
360
367
363
364
362
362
360
366
361
366
362
364
363
367
364
367
362
366
364
365
363
364
364
367
362
363
362
364
362
366
364
364
362
367
367
364
361
368
368
367
362
370
367
370
365
368
365
374
369
369
369
373
371
368
370
376
371
368
371
374
370
370
366
372
368
371
368
370
367
368
367
370
363
371
366
366
364
368
362
368
366
367
363
364
363
371
366
368
366
372
370
376
372
378
376
379
376
383
380
378
376
379
374
380
375
376
374
372
373
372
372
372
371
370
369
369
368
368
367
367
366
368
366
369
364
368
366
369
365
368
366
370
365
367
367
369
367
367
366
366
366
369
365
368
365
367
358
372
366
366
360
369
365
365
361
369
364
365
365
365
368
368
368
368
363
366
365
366
366
365
729
735
364
367
361
366
728
358
361
362
361
360
363
354
360
359
362
356
361
360
361
358
358
358
356
361
354
362
360
359
356
358
362
358
721
364
365
363
361
729
362
361
438
287
360
363
361
363
362
364
361
361
362
361
363
359
360
358
361
362
361
354
362
362
360
358
362
362
362
364
366
364
368
363
367
365
366
365
363
364
368
364
365
363
368
366
363
365
370
367
731
371
369
367
364
370
367
369
362
366
371
369
362
364
365
363
362
730
360
729
359
364
359
361
364
358
354
362
357
359
357
357
356
360
356
358
355
356
355
356
356
354
355
354
358
357
353
353
356
354
356
353
356
357
363
353
361
356
360
354
359
357
361
357
355
357
357
357
355
358
354
358
354
358
355
355
353
360
353
357
354
356
357
357
354
359
357
364
359
718
358
362
364
356
363
361
362
359
364
361
360
359
368
360
360
359
361
363
360
363
367
361
363
360
364
365
365
363
363
362
362
363
365
362
361
362
365
361
361
363
361
361
361
361
362
362
360
359
360
364
362
361
360
362
366
360
360
361
366
361
360
360
367
363
364
361
366
369
366
365
365
367
370
367
370
369
372
374
374
375
377
379
381
382
385
384
388
390
389
390
390
391
391
391
386
388
389
387
386
387
388
388
391
391
391
392
394
397
414
425
422
429
440
447
439
439
447
443
438
439
443
448
445
438
437
438
435
431
433
431
434
431
434
436
440
450
456
461
460
451
450
447
450
448
442
445
445
444
452
445
448
456
460
457
458
458
461
456
457
461
464
461
460
459
461
454
454
452
448
445
436
431
434
431
432
433
438
440
443
443
452
459
463
460
465
475
476
471
474
478
480
477
468
472
473
469
466
468
470
468
463
464
466
459
461
460
459
450
443
439
438
440
445
464
470
465
470
482
485
479
473
471
467
459
461
461
460
465
468
466
463
468
474
478
483
487
484
478
468
467
463
459
455
450
457
455
456
459
461
467
477
480
480
473
470
470
473
476
474
468
464
464
463
461
457
456
458
460
464
468
469
468
471
474
474
475
468
458
454
449
449
446
443
450
448
456
466
484
499
494
504
514
509
497
496
496
490
488
484
475
470
459
453
452
449
449
454
451
456
459
466
471
471
477
475
472
477
481
487
478
479
481
482
479
477
477
479
474
469
465
463
461
458
460
461
465
477
477
481
492
497
497
491
493
495
504
499
486
488
486
480
477
478
477
475
472
476
479
481
477
474
479
478
486
489
490
487
482
486
486
479
476
479
476
479
481
477
474
471
463
461
454
450
447
448
451
464
492
515
534
510
518
543
547
538
513
508
504
486
482
481
478
475
465
467
469
469
468
474
477
479
479
479
476
479
482
486
489
480
477
475
469
465
459
460
456
457
466
467
468
465
465
465
458
460
461
461
454
457
457
456
453
450
447
451
448
451
450
447
447
441
436
440
438
438
435
437
435
439
443
448
448
454
457
458
448
451
451
453
449
446
446
448
442
441
437
438
436
436
428
432
433
433
429
432
430
434
432
435
431
434
436
438
437
436
430
434
432
431
430
431
428
428
425
423
418
419
415
411
408
403
406
407
406
410
406
408
412
408
408
409
412
412
414
417
416
418
420
420
423
420
421
426
425
426
423
427
421
422
417
426
418
421
412
419
419
418
416
421
418
418
413
418
417
418
412
416
417
415
416
409
413
416
411
416
415
417
417
416
416
417
417
415
418
829
412
410
413
408
413
406
408
411
412
409
409
409
414
408
406
404
408
406
402
403
408
409
409
405
407
409
402
399
399
401
400
399
402
401
405
397
399
402
402
402
404
402
404
397
396
396
396
394
393
396
400
400
399
397
396
396
394
392
396
388
396
401
397
394
397
397
396
389
388
388
391
394
393
392
392
396
390
383
390
391
390
391
391
388
391
388
391
388
390
389
390
395
390
390
385
388
385
387
387
388
390
384
383
384
383
386
387
387
390
388
382
383
385
385
389
386
392
387
384
385
383
387
388
391
389
392
394
390
387
376
385
389
388
383
390
385
381
379
383
386
384
385
382
386
384
380
381
389
389
387
385
383
385
383
378
382
386
386
382
377
381
380
377
373
379
382
381
381
379
376
375
379
380
380
377
377
383
380
376
380
377
377
748
378
378
381
375
370
372
376
376
376
374
378
375
369
372
375
377
375
376
378
376
371
379
382
384
381
387
384
384
379
381
383
382
385
381
383
381
385
379
383
382
383
381
382
377
382
380
380
374
380
378
377
375
379
380
379
378
380
381
382
381
377
381
383
378
381
384
384
382
383
379
384
385
383
380
384
380
383
382
381
378
381
383
381
376
378
381
379
375
377
381
381
379
382
383
383
384
382
387
382
386
383
387
387
386
383
390
387
384
386
387
385
382
387
386
385
383
383
382
382
382
379
380
375
375
373
378
374
372
376
375
373
371
375
377
375
376
379
756
378
382
378
378
381
384
381
381
383
383
380
381
384
384
385
384
386
385
389
390
387
387
385
390
387
386
387
390
388
390
389
393
393
394
395
395
400
397
400
399
400
396
399
402
401
400
398
401
399
403
403
402
402
404
405
404
406
408
406
409
408
407
408
403
407
406
401
402
398
402
403
401
405
406
408
408
412
419
420
422
425
433
432
432
434
434
428
433
433
434
432
432
431
434
438
435
439
439
440
437
433
437
436
440
445
451
445
445
450
456
463
467
459
458
455
452
447
449
450
449
449
457
464
467
468
459
456
456
455
454
449
449
448
449
446
449
454
461
460
465
468
469
467
469
470
463
465
462
464
464
462
454
450
449
446
453
457
466
462
461
463
470
474
479
468
465
465
463
464
461
456
454
454
449
443
442
444
445
445
446
443
449
444
443
442
443
440
438
439
436
434
435
437
435
432
429
426
425
426
427
431
431
430
431
430
433
434
439
438
438
434
436
438
442
447
446
444
446
447
453
448
452
454
457
454
452
451
450
450
444
450
450
451
447
447
445
444
446
452
453
449
446
444
442
438
441
438
440
445
449
448
449
443
447
444
443
438
441
441
443
447
447
454
456
465
465
464
465
464
462
458
461
459
459
453
459
456
452
460
454
456
450
455
454
453
450
452
456
454
454
453
458
459
462
456
465
466
469
466
472
478
479
475
478
480
475
478
473
478
479
478
477
470
463
457
454
452
451
443
449
450
456
466
463
473
487
519
521
508
519
528
513
504
503
494
490
489
489
491
485
479
474
479
483
500
511
502
501
503
498
493
492
496
492
487
490
494
493
486
490
493
500
493
496
498
503
501
501
491
486
488
491
493
492
485
488
489
494
494
487
490
493
493
489
483
484
485
485
485
477
474
476
472
471
468
466
469
466
474
474
471
465
465
463
460
466
472
478
479
479
471
469
469
468
462
461
461
459
461
462
462
459
457
456
459
456
461
459
459
458
461
462
460
463
464
467
461
461
465
466
462
457
458
457
455
456
453
451
454
452
450
446
449
447
445
447
446
448
446
449
447
447
446
447
450
451
448
450
451
451
450
448
447
446
448
449
447
451
445
451
452
455
452
453
454
454
447
446
446
449
449
443
444
448
445
448
449
454
453
446
448
448
445
446
444
449
448
448
446
449
447
447
440
444
441
448
449
452
449
449
453
454
458
459
457
455
452
444
444
444
440
437
435
438
440
439
438
445
443
458
468
474
461
460
461
462
460
466
456
456
457
455
452
449
448
450
447
442
441
441
444
445
443
442
442
440
435
434
438
431
429
427
431
434
437
443
439
443
445
452
449
452
454
459
459
457
454
456
452
448
447
443
438
438
437
437
438
437
431
432
433
425
422
422
420
421
415
420
424
429
431
434
433
438
438
449
454
446
446
449
447
443
445
443
442
437
436
438
437
428
432
434
433
427
430
427
429
429
426
429
431
430
432
433
437
435
433
434
429
436
429
426
421
424
419
415
409
414
416
415
418
414
417
411
415
414
412
413
413
416
411
415
419
418
417
418
414
416
415
412
409
405
407
410
411
409
411
412
410
404
411
406
404
405
402
402
404
406
406
405
402
403
403
402
399
399
402
402
402
404
406
404
405
401
405
402
398
405
404
405
411
410
409
409
408
407
403
401
399
401
401
400
399
400
401
403
401
400
397
398
401
394
396
395
392
393
395
398
394
394
391
395
387
387
388
396
396
395
394
394
396
391
392
389
384
389
390
392
390
388
386
389
384
380
381
382
387
384
380
377
379
379
378
380
377
380
374
378
380
379
378
384
378
380
379
380
377
377
379
378
374
378
375
373
376
377
375
371
375
375
374
373
373
370
377
378
376
371
381
379
380
379
385
384
382
382
386
385
385
380
383
382
380
379
380
381
377
382
376
379
380
380
375
379
379
377
373
381
374
375
374
377
377
378
369
377
374
377
372
375
375
379
371
374
376
375
743
368
372
372
371
367
369
369
369
364
367
365
364
366
365
361
361
364
363
366
360
366
361
362
360
364
366
362
365
368
366
368
367
364
366
369
365
364
365
364
365
362
362
363
362
362
361
360
362
357
362
359
362
357
358
353
360
354
356
357
359
356
361
359
362
361
357
358
361
360
361
359
360
358
361
357
359
354
359
354
358
355
357
357
359
354
354
355
357
359
356
358
354
359
358
355
354
360
360
360
361
362
360
360
361
357
361
361
360
360
361
360
362
358
361
356
363
359
356
354
360
358
356
356
360
355
358
357
359
354
360
357
356
357
361
356
358
357
358
358
356
356
358
354
353
355
351
354
354
355
354
356
355
354
354
355
352
354
356
355
356
355
354
353
356
352
354
349
356
352
353
351
355
350
352
350
354
351
349
349
354
352
351
351
352
350
354
350
349
352
350
351
347
354
349
346
346
348
348
347
347
352
351
352
349
349
348
347
348
349
347
350
348
346
352
349
346
347
347
344
346
348
348
346
351
349
350
348
351
697
350
348
350
349
354
347
345
346
348
346
348
345
350
346
349
346
349
348
346
349
350
350
348
349
347
350
349
348
344
348
346
345
343
345
344
345
345
345
344
341
344
346
343
339
340
340
341
338
343
337
346
339
343
341
340
342
341
340
342
340
337
342
342
343
341
342
345
342
342
346
339
345
344
341
344
338
348
340
343
340
345
340
341
341
341
346
343
342
343
345
342
345
338
344
341
342
337
344
342
343
682
341
345
341
341
343
339
342
341
339
340
338
339
338
340
337
338
338
341
342
342
341
338
339
343
340
341
336
339
334
341
338
340
336
340
340
338
339
340
340
342
339
335
340
337
338
338
337
336
338
336
336
338
337
336
337
335
333
336
335
335
333
335
335
337
336
334
336
336
336
334
333
336
667
334
335
336
336
335
337
330
341
332
334
332
336
332
335
336
337
333
337
335
336
334
335
331
332
332
335
335
338
333
337
333
336
333
339
332
335
334
335
332
335
334
339
331
337
333
337
336
338
337
336
337
336
336
337
333
336
335
337
670
336
335
337
336
336
338
335
339
330
338
332
333
334
336
329
336
334
336
331
337
335
336
334
334
337
338
333
332
337
330
330
334
334
331
334
337
330
334
332
334
332
338
331
335
330
334
329
332
332
331
332
333
331
335
334
332
334
330
336
330
331
331
332
331
331
331
332
331
333
330
662
333
329
330
331
329
332
328
331
325
332
331
331
327
332
332
330
331
330
327
329
330
332
331
325
330
331
328
331
329
334
326
337
328
329
327
330
330
327
327
330
327
328
328
328
330
326
335
323
330
326
327
327
328
326
329
328
329
326
328
330
325
330
329
328
324
328
324
330
324
333
325
329
326
327
329
327
329
326
326
325
326
329
326
327
329
326
325
332
328
327
323
327
324
324
325
330
323
328
326
324
328
324
328
325
324
323
325
325
325
323
326
327
324
328
323
327
323
326
321
328
651
322
327
325
325
328
324
325
324
324
322
323
324
327
324
326
324
323
329
324
322
324
323
323
321
323
325
326
326
322
324
323
323
321
322
644
325
321
326
325
323
323
321
323
322
320
328
323
318
324
324
323
324
319
326
319
320
320
319
323
324
320
323
322
322
323
318
327
317
321
316
321
318
322
319
321
320
321
321
322
318
318
323
315
319
317
318
321
321
323
320
323
316
323
315
322
320
324
319
319
319
320
320
322
322
314
319
319
318
317
318
321
320
321
320
322
320
318
318
321
313
319
321
318
317
319
318
321
315
321
317
637
317
317
315
319
322
318
315
320
322
319
319
315
322
316
320
314
320
319
318
319
320
320
322
320
316
320
317
322
636
316
322
318
318
320
317
321
316
316
316
318
315
320
315
321
319
315
321
315
317
313
316
317
319
313
317
318
316
317
317
317
313
316
316
316
313
319
320
314
319
313
318
315
313
315
317
318
316
317
314
315
313
314
630
316
315
314
312
318
314
309
314
313
318
313
315
311
316
312
313
314
315
315
311
314
624
312
317
313
315
313
313
313
316
314
313
316
313
313
314
313
313
311
318
313
313
315
313
316
313
313
311
313
316
313
311
315
315
312
313
309
312
315
312
313
314
314
314
313
312
313
314
311
313
312
317
310
316
313
309
313
313
312
312
313
311
313
310
312
312
316
311
312
313
312
313
310
312
306
313
309
621
312
314
311
311
308
315
307
311
313
312
313
310
311
308
314
306
314
311
310
313
309
310
308
310
312
309
309
310
313
304
311
307
619
308
310
307
311
307
312
308
312
305
309
310
308
311
616
311
308
307
308
310
306
309
312
310
305
308
302
313
306
312
309
307
309
305
306
314
305
309
311
309
308
310
305
308
614
309
311
308
306
305
305
308
305
310
308
306
611
311
303
309
309
307
310
305
309
306
306
312
303
310
306
311
305
306
307
310
304
305
310
309
307
304
308
306
307
309
303
310
306
308
304
310
303
306
307
306
310
304
305
306
306
306
304
306
304
304
305
306
303
308
304
303
307
305
304
306
306
305
306
305
302
305
304
306
308
300
307
306
303
302
306
307
307
305
302
305
308
304
303
308
304
299
306
306
304
305
305
306
305
300
309
303
308
306
306
606
301
310
307
308
306
301
307
302
310
306
303
309
301
303
302
307
305
305
308
302
302
305
302
305
306
308
307
304
302
302
301
308
304
301
309
304
303
302
303
305
306
303
306
303
304
301
305
301
302
308
301
604
303
300
307
304
308
298
301
304
304
303
304
307
299
301
302
303
306
301
303
304
302
302
304
299
305
306
302
304
601
300
303
304
300
304
302
306
299
303
457
450
305
302
299
303
298
307
300
305
303
301
306
605
297
305
306
303
305
301
603
303
303
300
310
297
302
596
300
306
300
303
302
300
299
306
301
304
302
303
897
301
302
300
302
298
299
300
297
303
602
299
299
299
301
298
306
296
299
297
300
303
300
301
300
298
297
299
601
298
299
294
301
299
301
299
298
296
298
297
301
297
302
297
301
296
590
599
597
592
297
296
302
294
301
295
296
295
301
298
295
301
294
295
293
303
297
299
296
296
296
296
300
297
300
591
590
296
299
297
301
295
293
296
293
297
300
296
292
298
297
290
597
295
297
293
298
297
295
297
295
300
297
295
300
297
296
299
296
300
298
299
297
298
303
298
300
296
300
300
304
304
299
301
302
302
305
302
302
306
303
302
304
300
305
304
306
306
301
309
305
302
307
306
304
306
310
306
307
309
310
304
308
309
306
309
310
309
310
308
309
308
307
311
311
312
312
308
311
312
310
312
310
309
315
308
314
313
310
312
313
313
313
310
316
313
314
315
317
311
315
315
318
312
316
318
311
319
318
315
318
319
321
316
319
322
315
322
320
317
320
318
320
318
319
322
317
319
320
322
324
317
323
322
318
320
320
322
322
323
323
322
325
324
326
325
324
324
328
322
322
326
321
327
324
328
328
325
324
329
331
324
331
329
324
332
334
326
329
332
327
331
332
328
331
333
329
331
332
335
327
333
333
330
335
333
330
335
334
330
335
335
330
333
334
333
336
335
335
331
335
333
334
337
334
333
335
335
335
336
333
334
336
338
336
341
341
337
343
342
340
344
347
345
345
346
348
347
350
349
350
351
352
352
351
353
353
347
352
353
350
351
355
350
354
356
357
357
359
362
363
364
368
366
366
372
367
372
371
371
372
371
370
371
370
372
371
371
371
367
368
368
363
368
372
369
371
373
376
373
374
380
382
376
380
383
383
382
387
385
385
386
387
388
388
384
389
387
385
392
390
389
392
393
390
389
388
395
389
393
392
390
396
398
397
400
398
402
398
396
399
402
399
404
398
404
400
394
398
397
400
397
392
398
400
397
400
399
407
407
403
409
410
415
413
411
415
415
415
414
409
414
410
410
408
408
410
410
412
413
412
416
415
415
417
414
418
416
416
417
416
413
420
417
417
413
413
415
414
411
411
413
413
414
416
419
421
420
422
422
423
421
419
422
423
424
423
425
427
424
424
428
423
428
430
426
426
423
425
426
425
423
422
428
426
428
426
424
426
429
432
433
432
430
428
432
427
431
433
428
430
430
427
424
421
426
425
425
423
424
425
429
430
432
433
439
436
439
442
438
440
438
444
444
445
446
444
448
443
447
447
447
448
447
450
445
447
448
447
447
447
452
445
453
454
449
453
453
458
452
458
459
454
460
459
460
459
457
459
457
459
457
453
455
452
457
457
453
458
460
453
453
458
461
462
459
462
454
457
456
456
454
456
449
442
446
445
444
444
443
448
442
445
446
443
447
442
450
448
453
453
450
457
452
456
454
457
456
451
455
449
457
454
458
457
449
454
445
451
450
448
448
445
449
443
450
448
451
453
449
454
449
455
455
455
454
448
451
443
449
443
444
445
443
444
438
447
439
445
445
446
444
440
445
438
444
441
438
440
439
438
439
440
442
443
443
445
440
444
444
445
443
444
438
435
433
431
434
433
437
428
430
432
435
432
434
434
441
442
439
441
439
443
447
444
445
442
439
445
442
442
440
448
449
443
449
449
448
451
447
454
455
463
457
465
464
465
464
457
462
457
463
460
455
459
463
455
460
460
456
456
450
457
454
447
453
450
452
453
459
456
462
460
460
459
462
461
458
460
457
463
457
460
461
455
462
460
465
462
465
460
463
463
458
460
459
461
461
462
461
459
463
458
463
458
463
459
462
462
459
460
457
464
460
465
462
462
462
455
460
459
460
460
461
460
462
459
465
460
455
461
461
458
463
458
463
463
457
465
462
459
464
467
461
466
461
464
461
454
456
453
460
459
459
459
460
456
461
460
457
459
458
459
461
457
457
455
458
455
457
454
448
452
451
450
451
450
444
446
448
447
450
454
457
452
460
460
454
460
458
462
460
454
458
457
455
458
461
459
463
461
454
453
459
460
454
459
457
458
455
456
457
457
460
453
458
456
450
458
457
450
452
455
451
447
450
445
453
450
444
449
443
442
445
450
447
451
451
455
455
454
457
454
448
453
449
448
447
448
449
454
451
448
454
453
457
454
462
463
461
466
462
461
465
465
460
465
464
461
462
458
462
461
459
463
463
457
461
461
458
461
459
466
462
455
463
455
456
455
456
460
458
457
460
458
454
461
462
459
460
461
459
460
461
457
459
460
459
460
458
456
460
463
458
467
466
458
466
461
459
459
458
460
459
457
454
454
455
454
452
458
453
451
457
452
454
455
459
458
460
458
455
458
455
458
455
455
450
448
447
446
448
448
451
449
450
448
449
450
450
451
450
447
451
447
448
447
449
448
450
448
447
450
449
454
451
454
456
453
457
457
457
455
453
455
449
447
448
447
444
449
446
438
448
442
443
446
444
442
449
451
450
453
454
454
452
448
452
450
448
452
448
445
448
446
444
449
445
442
448
440
441
440
443
443
448
445
446
451
449
450
451
447
445
448
449
445
440
445
440
438
434
434
432
434
431
424
430
427
431
428
431
428
429
433
434
434
435
434
440
440
443
439
447
444
445
447
448
447
441
443
443
438
445
442
441
439
438
440
438
444
441
439
445
441
442
443
448
444
451
447
448
451
450
451
449
450
449
446
448
450
451
449
448
453
452
453
454
457
456
458
456
454
455
455
457
455
455
453
451
452
452
457
454
459
458
454
459
455
451
453
454
449
454
450
448
452
451
450
452
452
450
450
453
453
454
458
455
449
457
451
451
452
454
455
454
450
450
450
450
447
449
442
446
444
442
440
442
449
446
450
450
450
451
450
453
449
452
448
448
448
445
452
448
445
445
440
445
441
446
443
443
443
444
445
446
450
446
447
451
444
449
447
450
447
448
444
447
443
442
443
445
446
443
443
446
441
441
446
444
445
443
441
444
441
438
445
442
438
445
440
441
440
443
436
443
439
436
439
437
437
438
435
435
436
437
437
437
438
434
435
436
438
436
434
431
433
430
427
433
427
425
430
428
429
431
430
434
431
433
433
438
433
431
436
434
435
433
435
431
436
433
433
435
437
435
432
438
435
438
441
438
440
440
440
438
439
439
436
441
434
438
434
432
438
433
430
438
434
436
434
437
433
435
433
432
435
432
431
434
431
431
432
435
432
430
432
429
430
427
428
431
425
429
428
433
433
433
431
434
431
432
432
430
426
433
427
428
429
424
429
427
430
427
429
427
426
428
427
429
427
431
427
429
432
430
426
429
428
431
426
434
429
428
432
429
433
431
433
430
426
434
429
430
432
429
429
432
435
431
437
436
436
438
437
443
440
443
443
444
446
443
443
442
440
438
436
439
436
441
435
439
436
435
438
438
441
438
443
439
441
438
440
443
439
438
439
441
439
440
442
437
440
438
436
435
437
439
434
439
437
437
439
438
443
441
443
443
442
447
444
449
444
450
445
444
442
445
444
440
438
443
440
440
442
439
439
439
438
438
440
441
443
445
443
443
443
444
445
448
446
453
447
446
452
448
447
448
452
449
454
452
454
455
453
460
456
455
458
455
451
454
451
452
452
449
449
448
446
445
444
447
445
443
445
443
444
444
447
449
450
454
451
452
453
453
451
452
451
447
446
443
446
443
442
442
440
440
441
442
443
447
448
445
451
450
449
453
453
456
458
454
458
451
455
451
453
453
453
453
453
451
453
455
454
452
451
453
453
456
452
456
455
457
454
449
449
448
449
445
448
444
441
445
440
439
437
439
438
438
434
439
437
433
442
440
440
443
442
442
448
449
457
459
465
469
476
478
477
481
483
484
481
484
489
488
490
493
501
503
506
517
526
524
524
530
528
528
526
530
524
521
523
516
516
515
521
519
525
532
543
543
543
549
560
553
549
558
560
553
551
552
544
544
548
551
551
544
543
549
547
543
547
557
547
549
554
555
548
545
548
541
540
546
552
546
549
550
547
545
552
553
548
548
553
545
551
561
556
552
551
551
544
541
539
540
543
536
541
544
549
543
544
550
540
539
543
543
535
535
537
541
537
542
550
548
548
548
551
546
539
539
541
542
537
539
541
543
535
541
546
555
557
556
560
570
572
560
561
561
550
550
548
547
537
538
540
535
537
542
549
554
551
549
552
554
557
558
548
544
541
537
538
542
540
544
549
556
548
545
544
547
548
540
541
540
541
533
535
538
545
558
570
563
565
569
576
579
567
564
566
568
559
562
564
566
571
567
560
561
566
573
562
562
566
570
562
558
555
553
550
541
544
547
556
562
554
557
564
571
568
562
569
571
571
558
559
558
557
545
544
545
547
554
550
556
561
567
563
558
558
560
563
560
554
557
557
562
561
549
551
551
556
556
550
553
555
554
551
544
541
532
533
535
539
553
553
550
550
556
568
560
563
573
581
589
592
575
564
561
557
556
556
544
544
544
544
548
549
549
551
559
568
562
563
566
570
565
558
559
556
550
543
544
541
545
538
539
541
544
541
541
545
552
556
555
551
551
552
553
545
544
548
554
561
569
564
567
575
588
580
572
575
578
574
568
571
579
588
584
600
615
612
596
602
603
584
576
573
571
570
572
564
562
563
565
571
566
574
585
600
602
587
588
590
588
571
569
568
571
563
562
566
570
569
564
567
569
572
563
564
567
572
571
562
560
564
564
557
558
560
563
555
554
556
552
552
554
548
550
551
551
551
545
549
550
548
543
549
552
561
562
557
558
565
574
573
568
571
573
575
570
571
573
574
571
559
557
557
559
567
570
569
581
595
614
610
607
612
610
602
579
573
568
564
563
548
549
556
580
611
617
651
655
660
640
615
577
577
571
564
554
556
552
548
536
537
540
550
558
560
572
591
619
603
611
621
615
591
586
580
572
558
556
552
551
541
543
548
558
557
576
595
601
592
596
594
577
578
576
566
561
558
556
544
547
548
551
544
548
551
552
549
555
560
566
562
567
570
570
563
565
569
572
565
572
584
592
574
577
578
575
563
562
563
568
559
562
567
582
602
582
582
590
591
574
569
572
578
577
564
564
569
576
586
589
574
573
573
577
585
597
591
574
576
579
567
565
562
557
561
567
564
567
568
563
560
551
544
539
539
533
520
521
520
512
505
494
494
491
497
548
594
1199
799
758
767
799
794
715
699
703
700
681
642
653
647
634
585
583
584
592
607
612
592
599
597
603
602
588
572
574
577
578
574
562
564
566
573
579
567
574
584
602
596
596
602
602
596
582
574
563
561
564
571
575
564
567
573
579
567
571
579
594
581
589
600
606
591
591
603
612
610
587
594
590
592
572
574
575
575
563
563
568
574
585
576
592
602
611
595
594
601
602
582
588
593
592
573
575
581
586
588
579
590
600
598
580
592
594
596
575
572
571
572
569
558
557
557
565
574
584
574
565
568
570
569
555
556
559
563
561
554
563
570
582
571
561
562
565
562
543
550
545
539
527
530
529
531
535
532
540
552
574
620
595
588
572
575
584
591
577
566
556
547
538
530
522
515
508
505
505
507
519
563
595
664
649
664
673
643
647
632
622
621
579
576
572
566
563
546
547
544
547
540
543
548
566
589
577
581
592
599
603
592
564
564
563
565
567
561
550
547
549
554
563
575
572
582
587
587
568
572
568
554
553
550
550
554
556
563
558
540
540
537
540
541
528
529
534
528
537
548
543
556
569
604
617
626
615
574
564
557
549
535
532
530
533
531
529
525
529
534
541
545
563
555
554
550
542
536
525
523
521
523
534
563
622
640
621
648
666
667
649
595
589
580
577
573
570
568
569
558
547
543
542
546
543
559
587
627
643
634
616
581
577
576
559
557
548
547
546
545
542
541
530
531
528
531
539
548
563
604
627
610
579
563
560
556
557
561
567
567
551
544
537
535
530
531
525
527
525
528
527
521
518
518
521
534
578
598
620
625
601
561
547
543
539
541
543
544
543
538
525
522
520
521
526
545
594
599
571
559
549
553
563
585
590
589
579
568
547
540
533
530
526
521
521
518
524
519
519
524
527
527
527
526
519
514
508
505
502
501
498
501
504
502
500
497
500
494
490
496
491
495
496
497
500
500
495
495
490
492
493
498
503
507
513
517
513
512
527
532
541
547
552
554
547
544
539
528
522
517
520
521
516
519
524
535
553
572
612
584
582
557
553
550
540
538
534
544
532
530
529
532
531
540
537
531
528
523
521
518
516
516
511
510
508
504
506
510
505
505
514
514
516
528
526