708
790
900
914
861
815
764
728
741
771
926
1023
886
814
752
732
766
871
1069
1010
851
840
855
1362
1199
1064
862
859
922
1014
851
805
821
832
782
728
732
706
708
723
732
730
722
707
688
666
669
677
745
1236
1159
928
818
810
756
744
814
1027
1270
1039
869
804
814
828
809
860
832
791
768
814
875
886
877
839
782
740
734
787
833
923
973
918
883
866
943
906
890
886
905
902
902
903
856
859
853
854
866
796
728
740
747
883
1269
930
824
759
738
726
754
781
808
831
834
753
728
714
740
755
735
727
748
736
711
726
720
723
748
815
938
943
873
829
750
735
764
792
762
732
748
783
758
766
794
853
935
999
915
890
862
820
809
793
772
780
853
1061
1041
912
829
813
813
767
767
771
764
768
802
817
772
747
745
770
799
811
847
850
826
798
761
760
773
804
810
871
915
825
807
871
874
783
757
757
787
898
1038
920
880
841
760
749
741
761
729
704
689
663
655
687
728
1192
1025
857
799
778
763
745
725
699
689
689
719
768
826
873
892
899
862
872
871
805
762
776
792
828
862
862
956
1063
1020
940
857
787
771
786
803
813
789
780
793
919
1229
1025
886
840
839
854
808
783
794
861
927
973
946
849
795
790
822
851
867
870
831
810
799
764
750
771
806
840
866
879
847
760
711
676
716
719
872
1191
1045
925
796
765
765
782
796
800
803
805
780
767
771
786
812
816
825
824
794
792
800
843
887
912
921
892
840
824
827
844
850
851
828
818
821
841
829
829
803
788
779
792
800
777
813
874
885
899
855
823
788
765
738
704
705
715
737
780
771
776
818
799
752
814
785
774
768
735
723
728
724
703
685
691
710
765
822
855
822
828
828
807
810
784
756
732
723
712
699
672
682
704
764
815
829
788
809
812
806
791
762
736
719
745
750
738
728
763
783
795
793
778
762
726
705
714
733
746
761
771
793
785
775
779
765
760
745
748
770
751
717
717
740
739
707
721
748
778
804
792
769
740
717
724
737
734
733
717
723
729
737
750
773
766
785
825
813
833
824
828
771
766
803
845
880
848
829
793
763
754
748
756
778
788
792
819
827
848
824
835
888
897
861
831
806
790
768
740
744
762
819
868
916
920
865
852
840
845
828
821
771
762
778
798
812
827
862
867
838
831
808
760
725
718
717
742
788
859
887
850
834
863
848
803
797
822
848
810
818
869
1024
1028
870
846
855
845
811
797
793
793
761
736
744
774
810
843
843
817
803
765
746
744
750
753
745
729
707
711
747
809
906
884
907
896
832
773
729
717
756
791
834
824
897
948
934
829
806
816
854
888
840
838
834
759
764
786
903
1290
1106
995
907
892
870
871
888
899
894
871
794
768
754
723
703
734
759
856
927
890
866
859
872
868
868
861
833
788
775
763
767
763
788
852
958
842
868
899
830
750
755
742
729
721
690
699
715
713
705
680
673
680
697
735
764
702
708
734
743
810
788
730
740
760
742
753
760
759
730
739
771
805
778
814
895
879
876
930
878
857
980
939
868
891
948
927
994
1031
914
945
929
860
855
818
774
792
816
943
1075
1000
920
863
831
876
987
875
925
1152
1170
990
987
959
920
968
933
874
893
898
917
1055
1062
937
893
795
824
913
995
1032
1165
1004
873
865
852
854
786
834
878
951
900
854
913
1083
1129
925
873
869
864
831
823
850
847
820
763
738
730
766
893
1220
950
904
869
866
865
807
775
800
853
947
1160
979
913
907
957
972
896
809
727
741
709
684
682
672
655
643
625
596
614
609
607
604
605
598
593
590
590
587
588
588
591
600
609
629
658
685
707
746
760
758
730
689
668
671
678
686
667
657
669
681
679
692
721
760
766
774
780
795
746
741
748
751
740
717
728
741
760
762
752
772
800
799
812
809
778
792
746
686
693
684
688
673
674
668
661
654
648
643
635
632
629
642
673
721
767
746
729
754
844
911
892
837
806
779
777
757
786
793
813
812
819
776
728
729
774
912
1005
859
772
776
764
766
802
837
801
772
774
852
921
906
850
839
814
809
792
762
751
771
811
863
902
914
862
733
700
722
724
839
1094
1030
896
830
765
710
695
684
703
725
718
708
737
817
862
851
782
789
762
764
735
696
699
705
734
781
858
939
951
939
906
872
843
831
835
836
862
928
1184
1146
938
889
809
800
882
1251
1156
837
810
768
729
725
759
778
753
739
759
768
768
735
749
761
781
774
805
813
819
796
787
774
775
795
807
798
777
783
805
845
837
817
780
750
711
723
778
886
922
824
809
797
791
797
771
771
762
746
731
769
818
885
889
802
761
774
804
787
778
729
722
737
735
742
733
706
671
695
700
821
1173
1052
985
830
768
726
705
690
685
683
702
729
762
762
760
720
694
703
731
719
709
723
760
781
812
777
739
710
722
758
796
827
826
810
784
769
782
821
858
859
842
832
825
821
731
733
747
776
830
791
794
822
824
757
735
746
741
739
714
712
726
723
719
744
773
792
770
757
757
748
738
714
696
688
690
699
714
725
756
804
827
791
774
804
804
801
789
722
722
764
810
833
771
740
752
753
765
755
754
785
777
781
760
750
767
781
802
771
750
779
784
802
797
749
742
746
768
801
851
857
832
813
809
790
795
793
782
765
772
790
813
809
782
814
826
831
781
779
805
824
824
837
856
921
858
792
738
739
702
692
679
674
659
655
648
646
640
643
640
631
625
623
624
622
629
625
617
637
632
632
614
616
612
606
602
601
602
599
603
594
586
597
597
592
589
604
602
606
601
587
598
584
579
575
583
584
575
569
574
579
583
576
571
592
604
620
654
675
651
638
626
606
604
598
603
621
633
661
650
646
643
645
650
670
672
690
719
763
692
706
700
671
642
646
649
661
653
651
671
688
706
667
669
627
626
595
594
569
568
561
546
558
528
536
521
528
504
514
497
507
489
486
499
473
478
486
468
463
477
461
455
462
462
452
448
452
462
444
439
452
455
446
437
441
456
444
434
438
442
450
437
436
431
441
447
436
432
436
437
444
436
432
436
432
443
438
435
433
431
439
437
434
430
428
438
438
441
431
429
430
436
446
432
432
430
431
440
440
436
434
426
436
437
437
432
426
432
436
440
429
427
427
434
441
433
426
425
422
430
432
436
427
422
421
430
432
428
426
422
416
425
428
434
422
419
419
421
428
424
417
416
413
419
417
425
421
419
413
413
414
418
422
419
420
414
412
412
416
419
418
419
414
413
412
412
412
417
416
414
412
411
412
410
411
412
413
418
411
408
407
405
411
410
416
412
412
406
405
405
408
412
413
415
408
405
406
409
412
409
413
407
407
407
405
406
405
411
409
408
406
406
406
403
406
408
412
408
407
405
402
402
406
408
409
409
404
403
403
402
406
402
405
407
411
408
400
401
399
402
400
401
402
411
404
405
400
401
400
401
400
401
403
401
406
401
403
397
396
397
396
400
398
397
400
406
402
397
394
397
398
396
395
398
400
400
396
398
401
401
393
394
394
395
391
395
396
398
396
402
398
392
393
394
390
391
394
392
392
395
398
395
396
389
389
390
389
393
391
388
391
394
394
396
392
396
394
394
390
387
390
391
387
392
786
393
395
398
395
392
391
391
392
391
392
389
390
393
395
395
396
394
398
396
395
392
389
390
391
386
392
391
391
391
394
397
394
396
391
387
389
390
386
387
392
785
390
397
394
396
390
392
390
389
389
390
390
394
398
392
397
393
391
392
389
391
388
388
388
389
389
390
392
398
394
395
393
394
389
388
389
389
386
388
391
395
394
394
398
392
389
393
391
387
385
389
390
386
393
393
394
395
394
395
393
389
386
388
389
388
390
388
390
388
391
393
398
390
394
389
392
391
391
387
388
389
389
387
391
394
392
393
394
396
392
387
388
389
388
385
389
388
384
390
396
392
393
391
394
391
387
388
388
384
383
385
387
383
388
392
386
387
390
393
389
392
386
383
385
386
382
381
383
386
381
385
386
387
387
388
391
390
391
391
392
387
384
385
387
385
381
385
381
387
386
388
388
396
387
389
387
387
388
387
384
382
386
381
387
385
388
388
391
389
394
393
390
386
386
388
389
385
386
387
391
393
390
396
388
392
389
388
387
388
383
382
384
381
390
385
385
388
392
386
394
392
391
388
387
386
388
382
382
385
385
382
387
385
384
391
391
396
388
388
387
383
383
386
382
386
767
390
386
388
388
390
388
382
379
384
384
382
378
380
380
381
383
379
379
381
381
386
384
383
384
386
390
382
387
383
385
385
380
379
381
382
382
378
379
381
380
383
380
385
381
384
385
385
384
391
384
385
382
385
381
378
382
378
377
380
382
382
378
377
379
381
377
379
382
381
377
379
381
381
382
384
383
381
383
384
388
383
385
385
386
382
375
378
378
377
374
384
379
378
375
379
382
377
377
379
380
379
382
381
378
382
382
381
381
387
382
381
379
378
376
375
376
375
375
373
381
379
374
373
378
376
377
377
380
380
382
379
381
382
386
381
379
377
380
374
375
377
379
375
376
379
380
378
383
384
380
381
385
389
382
387
385
384
382
378
381
380
377
375
384
382
379
380
382
382
380
386
381
390
385
390
391
380
395
398
391
401
399
387
400
398
405
404
403
407
405
394
408
405
412
414
393
420
421
424
427
408
420
430
431
430
422
432
427
422
412
425
437
441
436
438
418
439
452
452
451
439
442
460
459
459
434
469
460
461
455
459
462
444
471
470
472
465
440
469
468
473
468
470
463
445
468
472
476
472
474
482
487
479
462
489
487
488
470
492
497
503
497
488
482
504
508
503
498
491
481
467
493
496
501
497
493
482
505
538
553
525
518
503
516
537
527
521
507
502
493
479
515
529
535
530
525
520
547
549
540
531
519
522
536
540
527
515
545
550
536
517
544
537
535
518
525
521
515
505
503
524
545
542
545
534
570
563
548
537
528
503
538
546
549
541
552
563
552
545
527
543
562
559
552
535
526
517
543
550
539
525
519
502
519
532
540
541
547
572
570
562
581
570
557
539
563
557
549
539
562
568
563
574
588
587
576
564
582
573
564
563
568
562
558
544
566
560
561
550
538
556
577
576
565
559
553
546
530
550
558
554
547
532
558
560
557
553
545
569
568
566
566
577
584
579
572
561
569
570
557
550
533
561
561
556
553
546
563
563
561
554
555
564
584
577
566
546
578
564
553
542
549
550
546
540
532
539
550
544
542
536
532
523
574
577
585
574
570
570
564
564
557
555
540
563
548
553
545
544
527
549
549
549
543
535
545
551
545
540
541
558
549
543
556
555
551
547
536
561
556
552
554
563
560
553
547
547
544
536
537
547
553
550
545
558
568
559
551
553
557
545
537
541
540
531
528
536
529
536
519
517
522
503
505
521
500
497
506
488
489
506
485
477
488
484
475
477
479
488
469
463
478
479
470
465
462
477
466
457
465
460
474
461
453
458
463
474
456
449
454
457
470
458
453
454
459
463
450
443
455
456
457
449
438
454
457
459
446
447
450
455
453
445
438
456
451
460
444
437
451
449
460
445
440
443
442
456
449
438
436
435
444
449
446
434
433
436
438
448
435
438
433
427
436
433
446
443
435
430
424
439
434
447
433
430
435
428
436
439
444
437
432
432
432
444
447
439
429
428
430
437
442
439
433
426
418
435
430
441
434
426
421
421
435
424
435
424
415
426
424
844
432
424
418
415
419
420
414
425
427
431
418
416
421
415
426
420
431
428
426
419
414
419
422
423
424
435
423
426
417
414
415
418
425
428
433
419
415
417
417
417
410
425
419
429
421
419
416
413
413
410
422
416
426
423
421
414
406
420
416
420
422
432
418
424
414
412
413
421
838
427
424
417
412
411
421
412
417
418
428
422
422
415
415
417
405
428
414
426
426
429
418
410
425
421
417
422
429
424
421
425
421
418
413
430
417
432
429
437
417
419
417
412
413
420
427
426
431
418
417
416
421
420
419
424
421
428
418
415
414
411
413
413
414
417
427
415
416
411
408
409
404
415
408
414
418
420
416
414
408
409
407
410
407
406
410
406
415
415
420
408
408
405
404
408
400
406
406
415
408
416
412
409
405
406
408
404
412
409
410
415
416
414
413
405
407
411
396
411
403
412
410
418
408
411
402
405
406
405
404
403
407
407
410
413
421
410
411
408
407
408
407
408
405
412
407
409
412
417
410
410
402
406
407
401
407
407
408
405
415
415
423
414
412
408
408
406
415
413
417
429
417
416
410
404
414
407
415
412
415
410
419
417
415
407
404
409
404
402
404
406
408
409
405
410
410
412
404
403
402
402
406
404
407
403
413
406
412
403
417
414
422
415
426
417
421
413
429
423
429
414
431
429
436
430
432
427
443
435
438
439
426
438
443
447
444
435
439
445
451
438
446
442
438
434
446
444
447
447
446
456
459
456
450
450
469
460
464
452
450
456
460
443
452
445
442
440
435
422
454
456
454
452
469
463
465
466
462
471
470
469
453
471
463
470
455
472
473
471
470
458
479
476
475
468
471
474
470
452
473
466
463
457
448
468
464
465
462
457
455
466
454
456
449
455
445
452
454
459
455
441
461
459
457
451
465
464
466
458
474
473
474
464
478
474
473
453
472
475
470
463
466
465
459
457
459
456
454
456
457
465
457
460
447
464
455
462
453
469
468
467
465
467
463
462
457
462
468
461
462
449
468
462
466
466
460
470
474
475
469
464
475
479
471
473
459
479
475
471
473
464
462
459
473
472
472
459
485
479
480
482
481
487
483
476
489
486
481
482
479
488
485
479
479
483
481
481
483
477
493
492
489
493
469
496
489
486
484
484
482
476
477
475
487
479
484
483
499
495
491
481
498
490
501
493
507
498
495
480
503
490
495
492
489
498
489
487
484
490
502
493
497
493
485
502
503
504
500
501
505
496
490
497
507
487
488
487
499
484
491
490
487
487
479
486
488
479
477
476
487
481
486
486
490
489
485
482
487
496
492
489
480
497
486
485
485
486
484
481
477
476
457
484
478
479
481
486
478
479
479
486
479
478
478
479
487
481
477
469
479
466
467
465
465
472
478
478
480
486
479
492
481
481
473
489
482
482
480
483
479
479
472
485
481
483
485
499
494
491
486
501
488
490
486
488
487
483
474
487
479
482
483
494
481
485
491
484
487
485
496
479
480
488
483
478
479
482
479
480
477
482
476
472
480
478
485
471
464
467
477
491
487
478
475
479
491
482
476
469
468
485
487
476
471
474
485
488
471
470
470
481
482
467
469
468
488
478
475
477
478
486
475
475
478
476
486
473
467
473
478
468
466
464
482
468
464
463
469
479
473
464
465
465
469
458
460
461
461
477
461
458
455
458
472
461
459
458
455
473
466
463
464
475
477
474
466
473
476
469
464
472
470
471
462
469
463
471
467
458
469
458
469
466
461
459
469
467
468
454
452
450
464
466
451
451
449
464
459
457
453
454
455
463
462
453
449
459
455
461
451
445
447
454
454
455
449
448
447
452
457
452
446
443
449
450
455
449
441
444
443
456
454
448
448
452
452
460
460
452
446
455
451
456
449
443
446
441
451
455
442
444
438
440
446
455
445
433
448
440
442
440
447
441
438
435
438
442
440
451
443
439
444
442
456
452
447
440
439
449
447
452
445
442
439
440
449
451
454
445
445
451
453
458
454
450
450
452
453
459
453
455
447
453
457
457
441
440
446
444
448
445
438
444
438
440
446
453
438
438
433
437
450
446
442
436
434
438
441
443
446
439
435
434
444
438
441
438
432
432
431
443
439
436
432
433
432
431
441
438
429
430
426
428
426
433
436
439
428
425
425
421
422
422
430
433
434
425
421
421
420
430
422
429
433
436
426
425
424
422
431
428
434
433
432
424
421
422
422
430
425
430
430
429
421
422
430
425
431
432
430
422
421
424
423
430
425
434
428
428
424
424
421
420
429
433
436
425
423
422
421
430
431
432
431
431
426
422
423
420
426
431
437
425
419
418
419
425
419
426
432
434
423
417
417
414
423
421
433
421
418
419
414
422
420
426
425
417
415
413
417
412
421
418
428
424
419
420
415
420
416
422
425
428
422
411
413
412
419
415
423
424
422
416
414
418
421
415
424
435
425
424
417
416
416
417
424
420
425
419
417
417
412
413
414
422
419
419
413
410
407
404
410
405
405
411
420
410
414
407
404
403
404
409
406
409
411
415
408
401
402
400
406
400
405
398
408
409
414
407
402
400
401
399
396
403
397
405
399
412
407
404
401
399
398
399
401
401
403
404
409
407
407
403
401
401
402
400
401
408
402
409
407
407
403
398
399
398
403
397
402
403
411
409
408
401
399
401
400
402
400
407
408
406
406
402
401
403
401
398
406
405
407
406
403
401
399
405
402
401
402
408
408
411
404
402
400
398
403
399
408
403
407
409
416
407
402
404
401
408
406
415
414
412
405
403
405
405
401
402
414
410
409
403
401
401
398
403
396
401
400
408
404
400
397
396
396
397
397
400
396
401
406
399
406
402
397
396
393
396
391
401
396
399
403
408
400
397
395
396
395
394
395
394
397
400
403
398
394
393
393
391
388
391
390
394
395
397
394
390
387
389
390
386
389
383
387
389
392
388
394
393
396
393
387
387
387
391
387
389
389
392
392
393
394
395
394
386
387
387
387
385
391
386
390
391
392
391
394
392
388
384
385
387
387
385
384
387
384
391
387
392
388
391
388
387
386
385
384
384
385
388
389
388
387
388
391
387
382
381
383
380
379
381
381
383
385
383
386
388
384
382
381
381
379
377
378
379
377
380
382
382
381
382
388
383
384
380
378
379
378
380
380
377
377
383
377
382
385
388
382
386
386
384
382
379
381
380
378
378
382
381
382
385
388
384
384
382
381
381
377
382
382
384
382
385
383
385
383
379
378
379
378
376
377
379
377
380
382
379
381
382
383
377
376
376
376
373
372
375
373
377
374
378
377
378
378
379
378
375
374
373
374
371
373
368
372
373
375
372
376
375
374
376
378
374
373
373
371
371
372
372
367
373
370
374
374
372
377
379
375
374
371
371
368
369
374
369
369
371
372
372
375
373
379
374
372
369
370
371
367
368
366
367
367
372
366
373
371
376
371
372
371
373
368
366
370
366
370
369
372
371
371
371
375
374
372
369
367
370
368
368
363
368
369
368
372
372
369
373
372
373
371
370
370
365
365
366
366
365
368
365
368
366
368
369
366
368
371
367
370
367
366
364
363
364
366
361
361
360
365
362
364
364
363
366
366
367
366
365
361
361
361
363
359
358
364
358
359
360
363
361
363
363
362
359
365
363
364
360
357
358
360
357
356
358
360
356
354
356
357
352
354
356
354
356
355
358
356
361
356
354
356
360
355
359
355
355
357
354
352
354
354
354
352
354
354
354
350
352
354
354
353
354
353
350
354
354
354
354
359
353
356
357
356
354
353
354
354
352
353
352
353
353
352
352
350
353
350
354
353
350
353
350
352
354
353
350
354
356
353
356
354
352
350
353
347
350
351
348
350
346
349
350
352
349
351
346
348
352
349
347
354
351
349
351
354
350
353
350
351
348
348
349
351
347
347
349
349
353
345
347
348
349
346
346
349
349
347
353
350
348
351
354
349
354
351
349
349
349
347
345
348
348
346
343
345
343
347
345
346
347
346
342
347
344
347
341
347
347
345
347
351
347
348
346
353
346
349
349
353
349
351
347
350
346
349
350
347
347
349
346
343
344
346
348
347
349
348
347
350
351
349
350
349
349
346
347
347
350
344
345
346
347
343
345
347
347
345
349
346
343
346
349
346
348
354
346
351
350
352
346
347
347
346
345
347
346
345
346
342
345
343
344
344
347
345
348
345
350
347
345
347
351
345
351
348
349
345
346
348
346
344
347
345
341
342
343
345
343
348
341
344
346
349
342
349
345
343
348
349
344
351
344
347
344
347
342
342
342
343
346
343
347
342
343
346
348
342
352
344
345
346
349
343
345
344
342
344
344
342
340
342
344
343
342
343
340
345
683
345
347
340
347
342
342
345
345
342
344
336
348
341
336
319
366
343
342
340
339
341
341
341
338
341
336
344
337
338
343
335
342
342
342
339
344
340
342
346
340
342
344
343
329
354
341
340
339
340
338
339
341
340
339
335
336
339
340
337
342
337
335
341
338
335
341
339
333
340
339
336
343
340
336
340
342
335
343
337
340
341
341
339
340
337
340
337
340
339
336
339
335
339
336
337
336
337
337
338
334
334
338
337
333
341
336
334
338
340
331
341
336
342
339
336
340
330
347
343
336
341
340
340
338
341
338
339
337
341
335
338
338
336
337
338
337
336
337
336
336
339
337
333
336
337
336
336
339
334
332
336
336
334
337
329
338
337
336
333
338
333
333
338
335
334
340
335
335
339
339
333
341
336
335
331
347
334
339
336
335
335
337
334
335
335
338
333
336
332
319
347
333
335
333
333
664
331
334
332
333
661
331
334
331
334
331
329
333
332
329
333
333
325
334
332
327
335
329
329
330
334
329
335
332
331
335
331
332
336
333
333
336
334
332
339
331
334
336
337
334
336
334
333
335
335
331
333
333
332
331
331
335
662
333
331
331
331
332
336
336
336
333
339
332
337
675
334
335
334
334
333
334
333
333
332
333
332
332
338
328
329
331
334
330
336
658
334
333
329
335
330
334
336
334
332
337
333
336
334
333
333
668
332
332
331
332
334
333
333
331
335
331
327
336
329
337
329
328
332
333
329
335
329
327
333
332
330
334
330
331
335
335
331
338
333
334
334
333
331
335
331
332
329
332
329
333
330
328
330
331
333
327
327
331
330
327
334
325
326
332
330
328
335
332
329
332
335
331
335
330
331
333
328
328
333
329
331
330
331
327
330
328
330
329
327
332
654
331
655
331
327
324
333
328
326
334
329
330
662
328
334
326
333
332
329
329
320
342
328
656
327
331
326
328
330
328
330
328
326
328
329
326
332
324
327
331
328
325
332
325
323
331
327
326
333
327
329
333
331
328
334
328
333
661
327
331
327
329
330
328
332
328
325
330
329
327
331
318
332
331
327
325
335
328
329
322
342
330
333
327
331
330
327
328
330
327
328
658
334
326
324
331
329
327
335
328
331
330
331
328
333
326
330
331
326
329
329
325
330
329
326
331
326
323
332
322
331
332
327
323
331
330
329
330
331
330
330
329
331
331
325
333
328
331
331
333
331
331
334
330
330
336
332
332
335
337
340
336
336
341
339
340
339
338
339
343
341
345
342
341
344
344
344
347
345
347
348
347
351
348
350
347
350
349
355
352
354
353
353
355
354
354
357
354
356
356
354
355
358
362
360
360
360
359
360
362
361
363
361
366
365
361
364
367
364
365
365
372
365
362
368
369
360
371
370
362
369
360
374
369
364
364
369
366
369
369
365
371
373
360
366
374
379
373
369
375
373
367
372
374
364
377
375
375
375
374
372
373
373
383
383
374
382
382
377
380
378
385
384
377
387
391
386
387
391
383
390
393
392
391
396
385
393
395
386
397
389
390
387
392
397
391
393
396
389
395
399
389
396
404
401
402
396
398
402
396
400
402
394
397
396
394
398
397
397
404
402
398
405
405
405
406
408
412
408
412
411
413
415
412
412
417
403
414
417
414
414
411
412
411
411
408
415
414
411
421
419
420
419
425
422
426
430
419
422
432
427
429
421
421
428
415
423
432
418
430
431
421
433
428
435
434
422
427
425
426
433
434
429
431
436
435
419
430
430
443
437
426
434
433
429
430
434
431
433
435
435
433
433
421
433
437
438
435
438
440
431
432
441
438
432
436
435
431
438
442
438
443
448
445
442
440
452
450
449
444
450
447
444
448
448
438
451
446
439
444
448
446
449
448
446
445
453
450
449
452
456
452
457
465
458
467
461
454
466
448
458
459
451
459
463
460
465
469
474
475
464
476
476
477
466
478
465
466
470
468
478
467
461
465
463
458
461
466
466
460
462
458
468
469
465
473
479
467
476
479
477
475
476
476
477
481
478
477
474
478
484
472
479
480
480
479
483
479
484
485
476
484
482
483
479
478
474
483
484
488
489
490
487
486
478
483
488
487
476
485
488
485
482
491
492
491
497
488
499
509
508
496
505
507
492
502
505
498
486
498
496
487
496
481
497
488
487
493
477
496
485
493
487
502
488
495
502
488
503
493
491
500
503
502
490
498
500
488
498
503
491
508
507
512
510
498
510
500
501
490
499
503
500
502
514
510
517
506
509
521
521
520
509
519
513
525
504
516
513
501
503
502
504
510
511
518
517
522
501
510
507
498
508
501
498
515
505
514
517
503
519
507
504
511
524
527
522
526
532
529
517
530
534
517
528
513
526
512
529
525
526
515
521
533
521
522
521
535
533
534
515
521
526
519
516
529
522
537
541
528
528
540
543
536
541
527
539
550
547
530
526
538
537
538
524
538
533
549
541
528
542
543
546
541
533
549
539
544
540
542
539
539
536
523
536
534
542
547
536
545
530
549
544
548
548
537
552
547
550
543
539
551
548
543
535
546
543
543
542
531
542
541
544
546
535
544
530
548
543
549
548
536
550
547
549
541
542
547
546
542
540
543
522
546
540
531
529
541
527
538
540
530
535
549
538
548
547
535
551
541
548
540
538
554
546
549
539
542
548
553
536
541
540
529
534
537
535
540
528
538
531
544
537
534
538
544
537
538
529
548
547
545
548
546
539
539
533
548
536
538
542
547
527
548
543
547
542
544
550
533
546
537
543
550
539
548
531
550
537
550
542
531
531
540
526
537
534
530
531
546
532
543
533
540
545
531
540
542
539
544
538
536
539
551
541
545
548
540
537
555
542
548
547
542
541
553
537
544
544
550
545
550
544
555
533
550
538
537
523
542
533
534
533
533
532
546
543
541
549
553
539
549
537
556
554
542
551
552
546
546
533
554
550
541
545
548
535
532
536
536
532
545
541
544
548
546
537
555
548
555
558
546
552
554
555
547
546
555
547
554
554
550
547
547
556
558
551
553
553
548
557
554
548
544
548
535
532
526
546
549
555
550
561
557
547
556
561
544
562
561
560
563
553
563
563
548
563
558
553
552
548
546
557
545
554
552
552
542
549
549
550
547
539
556
544
546
556
552
548
550
557
560
547
550
550
565
563
553
568
572
558
571
553
566
550
568
563
560
563
554
563
558
550
557
556
551
554
539
557
562
555
551
550
545
558
559
551
553
561
545
545
537
550
538
545
542
537
535
547
538
544
534
548
536
554
542
539
548
553
542
550
551
543
556
554
554
546
553
549
549
559
544
552
555
550
553
563
553
556
560
561
561
544
554
554
548
551
559
548
560
557
550
554
566
552
560
567
557
563
569
562
558
554
558
551
546
544
555
543
549
547
539
543
552
543
539
544
550
536
551
537
543
539
534
526
538
535
546
532
538
530
545
543
546
540
533
537
540
539
536
531
547
538
547
546
550
542
539
542
556
544
556
546
552
556
558
547
554
554
550
547
550
554
554
546
555
541
552
549
544
545
551
553
543
550
558
546
560
548
552
557
547
562
557
549
556
553
557
550
559
566
566
569
567
557
554
565
561
570
560
563
553
550
544
543
537
554
542
546
542
552
542
545
548
545
542
549
545
548
533
538
532
542
541
536
537
537
544
540
542
538
543
545
535
554
545
552
545
550
542
548
546
550
549
545
546
558
544
551
540
549
543
555
541
550
541
556
547
554
550
550
537
543
533
547
537
544
544
540
534
550
539
549
548
545
541
560
547
558
553
548
546
558
545
555
551
547
541
556
547
547
540
554
544
549
547
544
540
548
542
542
542
550
546
546
542
555
543
549
535
546
537
551
541
547
544
542
537
554
547
545
545
555
541
543
532
526
536
544
540
547
551
547
549
563
558
552
555
561
557
550
548
557
552
546
543
550
549
547
545
546
546
553
554
551
548
557
553
557
546
553
550
546
542
554
544
552
550
546
543
551
544
556
548
552
538
543
542
546
542
538
541
548
539
544
547
540
544
544
550
540
545
539
552
547
550
540
544
542
550
546
548
544
539
538
541
543
546
540
539
536
542
539
546
540
540
537
541
538
548
535
545
535
547
543
551
543
544
540
546
546
548
541
557
554
557
560
566
558
569
558
551
566
570
556
565
564
557
563
564
554
562
565
560
560
556
554
560
553
562
550
554
553
557
558
561
560
564
570
566
559
568
562
570
572
585
574
576
567
588
589
575
566
553
562
568
569
573
574
571
567
565
574
581
582
579
574
571
576
571
590
604
611
596
601
599
606
614
604
612
604
624
646
645
636
631
652
657
647
619
626
621
633
642
623
634
620
642
650
662
639
643
625
645
648
645
622
615
612
630
641
650
631
640
634
654
659
651
630
627
637
646
650
632
632
646
647
646
624
630
614
636
645
655
652
632
637
626
642
646
647
642
632
622
644
646
645
625
629
605
633
635
640
640
641
642
635
628
617
622
618
611
609
610
605
605
613
632
645
651
641
633
624
632
634
634
629
625
616
644
654
661
650
642
631
646
648
650
643
633
626
615
636
640
636
631
627
619
616
599
619
622
628
625
617
612
619
624
627
625
640
644
648
646
642
650
646
626
648
646
644
632
646
645
639
630
628
635
634
629
621
615
618
627
635
637
632
647
648
651
640
650
643
631
637
637
635
631
648
657
662
662
672
667
659
648
653
646
641
644
644
641
633
646
646
643
634
648
647
645
638
645
646
647
645
653
654
655
650
662
662
660
658
659
651
641
651
657
656
646
653
643
631
624
625
628
631
629
648
652
654
657
667
665
655
672
661
650
641
650
653
654
651
647
647
661
669
671
666
654
647
655
663
666
659
653
665
672
673
670
679
681
677
668
664
668
662
661
653
669
666
664
660
668
669
662
654
650
661
663
663
662
669
674
669
659
673
667
657
647
657
655
652
645
657
655
652
646
659
657
656
651
660
656
648
666
660
654
665
658
644
649
646
643
634
624
638
638
641
637
633
633
633
634
635
638
636
641
642
646
646
652
651
648
659
662
661
660
676
672
670
675
674
667
654
669
665
660
655
663
657
652
666
666
665
659
667
661
656
661
661
654
647
657
657
659
658
663
665
659
641
612
615
624
635
643
651
650
646
648
654
654
647
639
631
625
620
618
620
629
640
650
654
646
642
644
651
646
643
629
630
631
629
624
621
619
618
617
619
621
618
624
627
633
625
622
626
631
629
618
629
633
632
610
616
615
602
588
599
599
592
586
580
591
596
604
615
622
625
626
621
617
611
602
586
591
591
599
607
614
608
610
619
630
633
632
629
623
611
612
593
596
598
603
608
612
611
608
605
610
595
593
591
597
600
602
606
606
604
606
607
604
599
596
595
611
643
681
676
663
642
643
645
640
637
625
616
584
602
595
594
599
601
604
612
624
635
646
653
661
649
651
642
638
627
613
616
615
609
610
615
617
622
635
638
638
646
643
639
645
642
639
631
628
629
625
628
626
622
612
612
612
616
620
622
618
623
617
616
619
606
596
607
606
615
620
623
630
635
631
630
624
616
610
606
605
604
602
605
614
633
651
651
650
653
648
650
645
636
637
628
620
605
624
625
630
623
619
614
627
639
655
664
667
658
651
647
636
628
620
620
621
625
621
620
613
617
618
625
632
625
627
636
659
673
669
655
646
640
631
628
618
615
618
622
623
630
650
653
667
653
638
634
645
640
634
626
618
610
600
597
594
601
612
642
662
664
672
683
674
658
642
646
642
636
627
639
643
646
650
650
642
633
626
625
634
635
628
621
635
640
636
635
640
640
631
628
622
620
616
623
626
630
627
636
638
633
630
639
638
638
641
649
647
651
656
664
662
662
655
672
660
651
646
649
647
645
639
631
619
599
608
610
618
627
628
627
628
622
620
614
623
633
648
659
672
684
683
678
671
666
656
643
637
621
600
611
613
620
628
634
640
658
666
671
666
661
658
648
648
648
648
654
655
666
681
684
684
675
661
652
647
640
631
628
628
630
633
637
645
654
657
659
663
664
662
660
657
650
645
645
646
652
649
648
645
652
644
643
640
626
625
620
617
616
621
633
647
666
690
704
698
699
678
665
647
646
633
627
632
635
633
627
641
643
637
633
637
634
639
636
638
641
652
647
624
633
616
630
634
633
627
628
630
629
638
647
657
671
677
666
656
657
662
683
701
718
713
706
689
679
672
678
687
696
702
703
695
688
687
686
685
679
678
682
676
660
640
627
628
631
643
648
643
645
644
641
635
634
632
643
657
674
680
680
668
666
671
674
672
667
665
667
675
683
685
684
683
695
701
689
675
666
649
636
627
618
616
616
625
640
650
649
639
646
636
624
611
609
605
602
603
609
614
629
646
652
648
644
654
669
680
673
658
639
637
624
609
601
610
601
599
594
592
584
576
573
567
563
1443
1364