357
583
327
560
551
544
535
535
392
652
509
517
513
510
510
510
511
513
504
502
501
500
500
494
489
497
520
538
545
669
708
793
785
717
644
631
623
606
589
570
547
545
546
541
549
555
573
622
687
676
665
659
661
656
626
615
601
572
574
592
615
639
654
673
707
750
805
716
679
653
638
639
646
699
731
704
669
684
701
680
657
640
627
623
618
616
614
612
613
619
634
617
631
649
689
702
737
713
727
740
739
711
675
655
629
642
670
745
793
785
750
686
626
617
608
612
646
724
737
710
752
720
747
783
793
727
666
639
618
608
608
612
636
671
772
798
787
738
722
713
707
678
671
665
646
621
616
626
633
633
673
724
767
753
719
715
691
688
685
672
663
659
648
645
685
714
668
652
643
640
641
643
654
640
626
625
610
615
626
627
657
700
736
736
720
686
649
621
621
620
629
670
687
730
727
687
647
631
614
612
620
642
680
696
734
714
653
637
627
610
604
603
598
587
577
563
557
556
544
552
554
561
571
568
577
578
596
617
618
649
630
624
646
657
652
657
648
637
637
648
687
719
717
709
670
670
646
653
700
709
761
838
894
886
880
821
740
659
644
637
649
682
716
755
765
751
694
668
643
639
651
688
715
719
687
664
662
642
638
623
630
659
696
710
718
736
710
668
657
642
637
652
648
726
733
827
701
688
753
746
731
692
679
659
627
633
635
632
637
636
612
614
619
640
701
720
893
937
954
922
821
769
698
680
685
719
922
1007
1004
947
915
838
819
821
840
842
853
834
839
837
810
844
828
787
779
774
784
780
785
706
691
678
676
707
763
839
908
893
870
828
771
743
735
715
677
672
725
794
868
920
895
836
795
777
747
741
762
812
821
862
850
826
781
775
766
776
784
788
804
810
768
760
757
719
713
745
790
791
824
817
737
680
653
643
643
647
686
718
741
779
744
774
765
724
716
720
691
660
636
614
601
589
583
575
583
581
597
631
649
665
646
620
622
625
671
706
706
684
670
651
625
622
618
614
597
608
655
706
664
648
669
701
724
692
672
639
644
640
639
643
626
621
610
604
594
590
585
581
589
620
633
630
622
603
601
594
601
676
810
889
958
956
924
885
790
729
693
693
704
745
804
802
796
780
774
747
744
739
747
745
774
800
778
809
803
782
776
759
738
752
754
772
789
757
780
778
720
684
664
704
748
768
755
759
756
926
266
255
679
663
647
631
617
605
594
591
589
611
679
712
717
764
738
716
687
675
666
647
652
668
708
801
860
872
804
755
701
655
640
633
671
750
801
813
798
800
716
681
656
657
679
710
694
727
771
814
836
800
771
744
734
754
795
769
752
751
707
712
678
661
673
688
715
760
756
771
744
705
687
693
711
695
701
703
685
693
699
688
697
696
680
693
699
695
721
770
779
745
746
718
682
694
675
655
664
663
688
736
741
725
727
713
684
665
648
635
622
641
646
650
687
701
665
673
683
712
762
807
820
786
705
675
646
636
609
614
622
635
651
641
626
604
603
588
582
585
603
613
604
606
608
608
605
600
595
595
595
584
581
591
608
659
743
797
832
806
776
775
731
729
698
693
693
707
727
773
796
756
705
672
670
695
734
736
763
771
727
731
727
718
698
711
719
743
759
789
783
744
783
786
830
805
746
721
679
645
635
637
681
794
843
851
900
898
873
858
794
778
739
701
708
723
759
824
842
802
813
832
829
860
842
842
842
801
799
778
785
791
789
780
725
692
702
733
794
789
748
716
679
679
670
666
635
620
602
583
566
557
558
584
614
705
813
837
847
882
849
837
759
722
673
665
652
660
716
493
288
750
723
721
734
724
726
712
729
749
771
756
707
658
628
617
607
591
604
607
608
598
595
602
611
630
665
715
746
776
786
772
730
656
626
617
632
662
668
674
708
713
707
716
674
676
677
665
689
706
699
670
674
658
669
689
677
690
688
664
686
692
684
709
682
665
623
635
628
596
593
591
581
579
584
604
650
733
816
854
828
803
777
698
688
667
674
663
653
641
615
620
622
636
631
637
622
629
650
664
639
645
654
651
650
637
619
596
586
578
578
579
573
569
576
575
590
604
614
634
684
686
658
641
640
640
652
677
707
703
701
730
734
689
653
626
623
635
674
723
782
805
815
802
735
687
662
644
624
630
730
945
996
991
955
979
1002
953
855
811
819
853
776
737
795
755
788
813
770
747
739
729
727
679
683
680
654
644
656
668
656
642
634
636
648
668
710
755
762
733
706
681
651
622
616
619
635
662
718
712
694
683
699
761
818
806
748
719
688
675
660
653
679
707
703
686
718
738
748
750
726
739
758
746
760
741
733
771
813
809
824
829
793
825
811
766
770
754
749
746
789
797
852
869
794
736
705
701
745
874
938
926
890
804
723
701
792
776
759
736
695
667
640
624
610
605
604
609
624
657
707
745
747
700
688
679
693
683
649
636
638
651
687
755
846
840
815
781
743
705
688
662
650
648
654
684
731
793
811
816
818
793
753
711
677
677
705
719
798
868
876
884
813
766
773
796
793
813
802
788
769
699
667
707
778
875
919
913
872
795
715
655
628
604
597
590
603
611
607
608
602
607
611
612
615
618
612
607
604
591
587
575
575
578
574
572
563
567
567
568
577
593
612
623
612
599
582
592
599
602
589
600
604
603
604
591
584
584
580
592
620
642
660
670
665
636
617
612
593
577
573
626
829
824
716
670
712
687
642
646
643
629
619
627
629
606
608
599
593
586
581
588
587
578
564
557
559
553
542
531
521
515
521
533
559
604
659
667
630
575
576
572
562
557
547
542
535
528
523
520
517
519
530
564
554
535
534
578
621
638
626
616
604
584
566
547
536
529
525
526
535
546
563
565
568
569
570
565
556
555
555
566
598
637
706
737
703
798
831
816
837
756
707
730
728
695
664
638
617
605
591
578
572
572
571
575
577
584
581
582
571
562
557
572
696
863
920
945
923
895
828
755
689
650
616
601
595
599
607
618
624
627
616
619
643
683
710
728
714
725
735
683
660
659
702
779
860
867
798
797
793
782
760
731
698
686
720
766
795
784
743
682
661
664
675
690
687
651
627
616
612
625
621
616
705
736
737
696
673
671
662
669
686
705
743
766
779
797
782
759
718
661
653
656
675
700
728
813
850
812
773
731
688
665
657
660
683
724
782
771
771
771
781
753
713
683
663
658
651
643
624
608
602
615
643
627
691
787
823
873
908
872
838
794
708
677
661
670
690
682
724
782
833
852
842
815
768
727
704
703
708
729
756
771
768
759
728
690
677
670
669
671
669
672
687
737
785
775
752
701
664
639
644
656
663
666
834
818
827
767
740
711
707
692
684
674
664
663
665
704
708
743
750
735
753
744
718
674
661
657
643
631
614
599
591
588
587
588
594
604
632
646
652
652
643
643
627
622
621
625
623
625
627
622
623
616
601
594
592
605
633
644
665
692
743
781
768
725
685
662
650
638
640
649
638
635
635
617
620
642
684
721
754
751
682
661
683
651
626
614
598
586
582
576
572
563
557
550
551
557
565
570
573
584
580
599
604
611
619
630
611
599
612
617
612
618
606
621
646
675
677
687
654
649
641
627
623
635
641
646
646
640
639
630
633
622
602
601
592
611
640
682
722
736
720
690
657
624
618
605
605
624
650
667
662
690
689
701
662
656
674
670
660
638
672
686
675
665
657
635
626
633
615
604
595
577
575
502
614
551
541
537
536
526
532
528
527
528
527
524
517
515
524
519
510
505
509
504
480
519
507
497
497
502
495
497
502
497
498
492
478
479
481
478
477
473
475
468
471
477
468
469
477
474
469
475
481
481
478
476
483
479
486
488
479
479
490
480
476
487
480
475
479
475
478
477
471
476
483
472
472
486
488
476
476
481
477
473
469
477
469
472
475
471
468
476
476
470
467
473
471
465
463
471
469
463
455
456
467
456
449
450
457
458
455
446
453
459
455
454
447
457
457
448
447
446
457
449
443
440
443
447
450
446
447
443
448
453
451
451
443
450
451
445
449
443
448
450
448
449
445
448
449
448
444
441
451
447
442
440
441
450
443
439
437
439
447
439
439
440
435
440
438
438
438
435
444
444
436
433
434
444
442
438
436
436
444
446
446
439
438
447
448
447
441
442
451
444
452
445
447
449
444
450
446
446
452
452
453
450
450
454
449
456
454
446
447
449
450
451
443
447
452
449
450
446
456
456
446
446
447
455
450
439
442
444
447
438
435
433
437
442
436
438
437
438
439
435
441
440
441
440
437
449
451
441
444
450
452
445
442
444
452
454
450
446
446
450
455
456
452
441
437
446
443
445
438
433
435
440
449
448
451
441
442
447
446
453
447
446
444
445
452
446
447
455
454
454
450
453
461
455
455
451
455
457
449
451
448
450
448
446
455
453
448
446
448
456
448
447
455
459
454
452
455
462
461
459
457
464
461
463
455
465
459
460
459
454
462
457
451
457
457
451
444
446
442
438
450
444
438
438
440
445
440
438
433
431
434
427
430
437
436
435
430
437
443
443
437
440
445
441
448
447
449
450
447
451
448
443
452
452
447
445
449
450
447
448
448
450
452
442
440
440
442
442
437
444
439
440
439
436
438
439
439
441
434
438
442
446
440
438
441
444
445
441
443
445
439
447
442
444
453
450
450
450
447
449
440
449
449
439
439
441
453
451
447
443
439
448
447
445
435
435
438
442
450
447
438
437
438
446
444
446
434
431
437
440
438
434
438
436
433
440
446
439
441
444
445
444
440
443
437
438
440
443
440
434
437
437
448
444
433
434
437
446
438
435
434
438
437
434
445
441
432
436
437
444
442
433
434
437
445
441
441
435
430
440
443
441
436
437
438
432
440
438
439
445
438
445
442
443
445
438
444
438
438
447
438
435
429
430
438
432
432
431
431
430
426
431
432
438
435
427
429
434
435
430
438
438
438
438
434
436
435
441
435
429
429
434
438
430
431
430
433
436
430
435
438
437
433
427
434
432
434
425
422
421
424
430
427
423
421
426
424
430
430
428
435
436
441
436
430
435
438
438
430
427
433
437
434
431
440
438
430
437
437
438
435
434
434
441
445
439
438
439
445
444
438
440
436
433
437
428
435
434
430
429
429
426
424
432
433
420
420
425
437
431
431
425
424
434
434
436
432
431
434
428
438
438
438
430
430
442
430
430
428
430
437
430
432
436
438
435
436
438
444
443
438
443
448
453
443
448
448
451
447
439
438
441
448
440
441
448
458
457
458
466
479
480
477
482
487
485
482
487
491
483
476
479
500
507
500
510
515
516
517
504
508
508
492
493
497
486
492
499
508
510
506
515
507
510
510
510
498
495
499
505
501
497
508
501
505
516
524
532
539
542
532
529
531
525
525
524
515
516
515
510
511
508
511
532
549
580
594
597
589
577
572
565
556
552
553
558
557
576
587
590
600
603
585
579
566
551
541
537
537
547
553
553
568
580
586
580
583
566
559
561
552
539
526
517
521
530
545
561
574
617
628
610
602
591
563
554
546
539
534
537
555
587
617
627
600
613
618
615
594
608
596
596
592
576
585
578
573
574
565
572
584
598
588
593
593
586
577
564
555
555
545
535
542
546
556
578
597
599
629
627
629
616
608
598
577
576
584
586
583
593
595
599
593
605
605
595
592
580
574
559
571
564
574
583
589
610
602
604
600
600
591
579
583
566
567
551
558
552
547
558
599
608
608
621
608
609
584
583
570
560
555
549
540
550
551
562
563
568
563
578
583
578
586
575
572
564
561
559
550
545
559
575
584
604
606
626
639
633
609
610
593
580
561
554
550
551
548
557
563
595
608
608
577
589
576
559
558
557
562
563
555
553
548
540
542
548
561
548
554
563
571
584
581
566
566
560
554
550
561
573
582
564
583
597
615
603
604
602
597
579
575
565
552
558
564
563
589
604
623
631
606
603
580
578
558
548
543
534
523
518
520
517
512
516
512
503
511
507
504
510
498
498
501
501
496
494
499
491
487
491
488
492
488
486
479
480
483
475
485
482
478
482
484
487
490
485
496
497
495
497
503
501
496
500
494
480
482
478
483
474
472
472
479
478
474
470
479
475
475
479
476
469
471
467
477
470
467
475
474
464
463
468
469
463
461
469
467
471
461
460
469
465
463
460
464
474
469
472
469
468
466
469
459
463
458
461
465
455
461
459
466
472
464
464
466
471
471
467
462
468
471
477
467
466
473
474
472
470
464
472
466
471
478
475
469
461
460
469
462
459
457
454
462
463
461
457
462
473
471
464
465
470
477
474
467
466
466
471
460
458
467
465
463
460
460
471
468
464
461
463
471
470
464
461
464
474
466
458
455
454
460
452
447
448
442
443
443
443
448
449
446
442
456
451
448
452
457
458
456
456
458
454
462
454
448
445
446
452
450
441
447
450
448
446
448
457
455
457
455
456
465
457
463
461
466
466
463
463
467
462
462
466
468
467
465
471
462
464
462
453
458
453
452
450
445
457
450
452
451
447
458
451
455
462
455
454
449
450
458
449
449
444
445
461
465
464
456
457
469
467
469
461
460
472
466
462
458
461
462
455
459
457
449
449
452
454
449
450
445
439
448
444
436
437
441
451
447
443
442
448
452
449
461
457
454
452
456
465
461
457
466
468
463
457
461
466
454
456
454
461
458
454
464
462
461
461
464
468
465
461
462
464
466
460
456
458
456
464
458
455
455
453
459
448
443
448
449
443
440
440
445
443
442
444
448
450
452
454
452
450
455
455
472
463
461
464
461
461
456
450
458
458
451
452
462
459
460
460
466
456
465
465
463
461
459
468
472
473
468
477
479
474
478
479
475
472
463
463
465
457
463
465
466
459
459
464
475
475
474
473
479
477
476
468
463
456
455
458
452
456
462
466
461
471
481
481
480
483
495
504
507
498
502
502
497
486
485
493
498
497
506
514
515
522
531
535
529
536
529
518
521
517
508
506
520
526
531
527
534
537
536
521
520
523
524
526
512
512
507
499
493
493
494
492
496
502
509
520
524
527
519
517
508
508
510
506
505
520
535
529
540
547
555
553
548
544
535
529
531
531
525
521
524
520
506
517
525
535
536
555
559
556
565
562
550
534
531
527
525
521
512
514
524
532
538
529
539
542
533
536
535
536
538
537
531
538
542
536
534
526
529
532
529
521
521
531
530
523
529
536
541
544
527
537
536
528
524
520
510
505
506
502
503
496
498
499
509
563
577
566
553
550
549
536
531
536
527
524
528
532
527
536
535
539
543
535
540
543
543
531
533
533
533
526
522
531
530
531
522
527
539
545
538
537
535
529
520
521
530
524
537
541
539
545
548
547
552
540
534
535
526
520
512
517
524
533
534
545
558
559
546
562
563
553
562
558
557
546
535
540
536
533
526
537
534
535
541
539
550
555
543
547
550
547
547
534
526
518
509
511
506
508
507
507
508
528
550
557
554
565
563
548
553
559
552
538
523
520
521
511
517
518
518
518
534
547
548
552
565
569
558
562
564
556
543
548
544
533
537
525
531
535
531
527
533
544
552
556
543
540
545
542
535
520
517
516
530
534
530
530
533
518
527
530
526
537
533
530
536
536
525
519
519
521
512
510
506
513
523
527
527
527
537
555
561
552
549
549
544
541
531
531
533
530
517
520
521
523
524
518
518
510
513
517
516
504
509
512
512
509
508
504
518
521
528
528
523
531
528
522
522
523
518
512
502
504
510
524
532
524
537
541
536
533
535
533
519
522
524
522
516
515
516
506
505
491
490
495
499
505
501
506
517
526
524
529
529
526
523
510
504
503
493
496
487
491
504
491
490
497
500
504
496
496
507
508
507
508
508
513
512
502
493
499
492
487
482
481
489
483
483
489
489
491
490
492
498
501
503
499
497
494
496
488
478
484
484
482
483
473
469
468
466
466
466
469
476
479
478
479
474
482
481
470
477
474
472
473
477
479
476
474
478
477
479
477
476
473
479
484
487
475
479
483
484
480
479
477
486
482
477
478
479
480
476
466
466
464
471
473
466
465
475
481
479
476
484
495
495
482
486
488
483
477
475
479
470
465
469
470
467
465
463
473
470
467
472
477
479
473
477
485
478
479
488
488
478
479
479
486
480
469
479
479
473
474
472
468
475
482
479
475
475
478
475
476
481
478
470
471
470
478
470
466
472
470
458
466
468
462
457
463
466
467
460
462
458
459
464
461
457
451
453
452
451
449
445
446
448
456
450
445
452
453
463
461
458
460
464
463
457
461
474
470
460
465
469
476
467
461
470
474
471
468
476
482
478
486
491
487
471
471
467
454
452
455
462
452
446
456
456
451
445
451
463
460
451
454
454
463
451
448
453
449
448
443
437
443
447
434
436
440
438
440
438
442
437
441
445
442
441
438
442
440
447
443
448
444
443
445
445
441
452
447
440
439
438
447
446
438
439
442
453
450
445
446
450
453
443
442
438
439
438
429
433
435
430
431
433
439
434
435
430
430
438
439
437
443
442
439
438
453
450
438
444
447
447
441
443
445
438
448
448
439
441
440
445
442
435
439
443
444
441
439
441
447
443
438
446
444
440
440
440
448
442
434
438
438
443
445
437
438
446
453
445
446
443
444
455
449
445
442
447
455
446
442
443
445
443
438
443
441
438
436
435
442
440
434
433
435
443
443
446
443
439
444
443
443
439
440
449
438
433
431
431
430
420
420
419
426
420
418
416
414
425
424
423
420
421
425
419
422
423
431
433
425
424
423
430
429
428
421
428
427
424
425
421
423
424
429
423
426
422
416
421
424
425
416
425
424
421
419
415
427
429
424
426
430
433
428
430
432
440
437
426
428
429
433
428
427
419
417
424
427
419
413
422
421
414
411
415
425
422
422
417
419
422
419
421
415
423
421
418
416
419
418
411
408
409
414
417
418
409
412
414
418
413
410
414
408
410
410
417
412
411
407
407
410
399
401
405
410
407
404
399
408
407
406
402
410
410
413
414
407
411
414
420
416
418
409
413
413
418
416
409
408
412
422
420
420
416
424
423
416
415
416
423
421
416
409
416
411
412
410
407
413
413
413
412
415
407
405
407
403
405
403
409
408
417
409
409
406
409
410
401
403
407
415
407
418
415
407
409
409
411
406
408
407
414
410
411
402
401
402
402
403
399
404
406
410
401
404
402
412
412
409
404
402
405
407
409
401
404
403
410
406
407
401
397
401
403
404
397
404
401
407
404
397
399
397
396
392
399
397
396
390
393
392
399
394
392
386
389
388
389
390
384
384
386
390
390
390
384
391
391
397
396
395
388
396
394
397
397
388
390
393
395
389
392
392
396
393
391
385
396
395
394
392
393
396
386
390
392
394
392
392
385
388
389
394
389
391
384
387
386
389
388
383
384
385
391
382
385
386
391
390
388
383
389
389
394
390
387
383
390
385
392
387
384
380
384
383
382
378
375
379
377
383
376
380
381
387
383
380
377
382
382
383
375
380
378
386
383
384
377
384
382
388
383
383
380
382
381
380
382
375
377
377
378
376
376
373
379
370
371
371
373
370
371
364
368
368
371
368
370
364
366
367
371
368
371
367
367
366
370
367
371
369
372
362
367
366
370
369
370
365
366
366
367
368
371
365
368
370
371
364
368
369
372
364
370
371
372
365
370
370
371
366
369
369
372
365
366
366
373
363
367
367
372
361
365
364
367
366
369
361
367
367
372
363
369
368
373
364
372
369
368
367
368
365
368
364
366
358
365
364
367
360
362
362
365
364
365
361
362
364
367
366
366
367
363
366
366
368
368
368
365
370
371
373
369
372
372
373
373
373
371
371
375
372
373
370
374
372
372
367
372
370
371
364
369
367
370
366
366
363
369
366
367
361
366
365
369
361
364
363
367
365
365
358
361
362
362
366
364
365
362
370
363
363
369
370
362
364
362
366
364
359
359
362
363
366
362
363
358
364
367
370
369
364
363
366
365
370
366
366
360
366
365
365
359
362
362
366
365
363
358
364
363
368
365
362
358
364
363
365
363
359
356
363
360
363
356
358
359
360
360
362
353
360
359
363
362
363
358
362
363
364
362
361
362
362
360
363
361
359
365
363
361
356
366
360
360
355
363
359
366
360
360
360
363
361
359
361
362
365
363
362
364
365
364
365
361
363
362
361
362
356
360
363
361
363
360
360
360
360
361
361
362
356
364
360
360
356
363
361
361
358
361
363
361
357
361
358
363
360
358
354
360
354
354
361
361
355
355
354
359
354
353
351
354
354
354
352
349
348
353
348
353
344
349
349
350
349
350
350
348
354
352
353
349
352
351
354
354
349
346
352
348
350
347
350
342
346
345
344
346
346
346
342
348
345
348
348
344
340
346
341
345
342
340
339
339
343
341
343
339
342
342
344
344
340
336
343
341
343
342
338
341
340
344
344
340
337
343
343
342
340
343
336
341
341
340
344
338
341
342
344
344
672
342
340
341
339
339
340
338
341
339
344
337
337
336
339
338
338
339
335
343
338
344
337
338
339
341
338
342
335
336
340
337
341
341
336
336
342
339
342
335
334
338
338
340
342
336
335
339
338
340
340
336
339
335
342
339
337
339
345
338
338
335
339
336
341
332
339
336
337
336
336
338
341
335
334
339
339
338
337
335
333
336
337
337
335
337
338
338
338
329
336
336
334
335
334
335
334
333
339
332
332
337
336
333
333
331
336
335
336
338
333
332
337
336
337
332
332
335
333
334
337
330
332
334
332
336
333
331
335
330
336
336
336
339
334
331
336
336
335
335
332
336
334
337
336
335
330
335
332
339
331
328
332
331
335
336
331
328
334
330
336
331
328
332
331
333
334
331
327
332
330
333
330
332
334
330
335
333
338
328
333
331
334
330
331
331
328
331
329
336
324
329
330
328
331
329
328
326
329
329
332
327
324
329
328
331
329
331
334
648
331
330
328
331
327
331
330
333
331
329
327
331
330
330
333
327
331
329
332
330
326
325
328
324
326
331
325
327
332
325
326
328
327
326
328
323
327
327
327
331
325
322
326
327
323
329
322
324
325
332
324
326
321
323
325
324
325
320
327
323
329
323
320
325
323
324
328
323
320
324
323
319
327
320
324
322
324
326
325
319
323
322
325
323
320
328
324
326
320
321
324
322
323
327
322
321
323
323
321
323
321
323
323
326
317
323
322
322
323
321
323
322
328
324
323
322
323
323
326
324
321
325
324
328
320
323
323
323
326
320
323
324
327
325
320
322
322
326
321
321
326
324
320
322
319
322
322
319
321
325
322
317
322
320
322
323
318
321
321
328
316
321
320
321
322
318
318
322
324
317
318
322
320
322
324
318
319
321
318
320
320
319
321
321
326
319
318
320
320
323
322
318
319
325
322
319
320
318
321
322
324
316
319
320
319
321
321
318
318
323
318
323
319
317
322
320
325
322
319
321
276
359
332
321
320
320
326
322
319
319
320
317
324
316
320
319
326
321
316
318
320
319
326
318
317
320
317
317
318
316
317
321
322
314
317
316
319
317
313
319
319
318
315
316
316
320
316
313
318
318
314
316
313
316
319
319
314
318
315
316
317
315
316
321
317
314
317
315
316
317
314
315
321
318
316
317
316
315
317
315
315
320
318
315
316
316
318
318
314
316
319
321
313
317
315
318
317
313
317
319
319
313
315
313
322
316
313
318
318
315
315
313
315
321
317
313
317
314
317
316
314
315
317
320
313
315
313
319
315
313
318
318
316
314
314
315
320
315
314
318
315
313
316
314
314
316
320
312
316
313
316
315
313
315
318
317
314
313
313
318
316
313
317
316
313
315
313
315
318
319
312
315
313
316
314
313
316
321
314
315
317
310
317
316
314
315
319
318
314
315
313
316
314
314
315
320
315
314
316
312
316
315
313
315
317
318
313
313
313
318
313
311
316
316
312
312
312
312
321
312
313
314
313
312
313
312
311
320
313
313
314
310
313
313
313
312
318
314
311
314
312
313
313
312
312
319
313
313
316
313
312
313
313
318
310
316
313
315
312
313
310
321
313
311
315
315
313
311
313
312
317
313
311
313
315
314
311
313
310
317
313
311
313
317
313
313
313
310
313
314
312
311
319
315
312
315
317
312
315
309
320
311
313
315
312
322
315
317
314
325
320
319
316
328
322
322
317
329
325
324
322
328
327
326
321
329
326
330
332
329
328
335
332
328
326
338
329
331
327
339
330
331
336
337
333
333
340
336
330
340
339
336
337
335
339
337
339
336
342
340
338
346
342
343
343
348
343
343
345
347
344
343
350
347
348
349
353
352
346
354
355
357
356
354
357
354
359
359
359
354
364
360
359
363
363
361
368
367
363
363
372
363
365
367
373
366
374
366
372
374
374
377
376
376
372
375
375
375
375
739
380
370
368
374
373
366
376
377
372
372
378
375
373
373
380
378
377
383
380
377
376
383
376
375
374
381
375
373
383
378
379
384
385
382
379
390
383
381
381
385
384
384
386
389
387
383
386
383
387
383
387
385
391
385
385
394
386
386
393
387
389
388
396
396
395
397
401
397
396
396
403
398
397
400
402
398
401
403
398
405
406
407
408
405
404
410
409
405
404
411
403
401
401
396
401
405
397
400
400
403
403
403
402
408
400
397
402
400
399
396
405
399
403
409
415
412
417
421
426
422
424
430
417
423
424
419
422
423
415
421
425
421
421
422
429
425
420
419
423
419
421
410
413
417
421
413
416
425
420
426
433
430
433
436
431
431
438
431
431
438
432
433
436
438
436
438
440
444
446
452
443
442
449
440
438
443
436
438
447
443
441
448
453
457
457
458
463
459
462
463
461
465
455
457
457
457
460
454
458
462
456
457
462
461
464
458
457
460
455
463
460
448
452
450
450
452
447
449
448
452
459
450
456
463
457
457
460
453
460
455
458
454
450
451
452
449
450
456
448
447
450
455
456
452
451
459
459
456
457
460
463
463
463
460
460
463
454
455
460
452
456
463
458
459
467
468
472
467
468
468
470
467
461
460
467
458
463
466
462
468
474
469
471
469
469
476
472
471
479
473
476
479
471
468
468
469
467
466
465
475
470
476
479
479
481
479
480
477
479
476
478
485
483
487
479
485
479
481
487
483
484
481
484
484
487
485
485
491
486
484
489
489
487
487
488
479
481
480
484
479
478
474
482
479
474
481
485
488
485
488
491
487
490
498
497
498
502
501
503
496
501
494
497
490
491
499
499
495
498
500
498
498
496
499
496
499
495
497
502
497
500
503
496
500
499
492
497
491
491
491
497
493
491
497
495
494
490
496
496
497
490
489
497
491
492
490
496
488
494
495
488
494
495
499
499
500
492
494
491
492
487
492
489
491
498
497
497
499
500
489
493
491
492
487
490
494
494
500
491
496
500
497
501
496
501
506
502
507
506
504
505
505
506
501
502
503
504
506
505
506
505
504
507
501
506
509
507
510
500
505
497
502
501
499
503
493
491
501
501
498
501
501
505
494
493
494
500
501
496
496
501
494
491
500
505
504
493
494
498
495
492
493
490
492
491
489
495
489
492
493
504
502
506
508
508
508
502
500
490
498
486
490
493
489
489
491
491
493
489
490
499
493
493
496
500
508
503
504
508
503
503
506
503
501
505
504
508
508
507
509
503
501
511
508
504
505
512
510
512
513
506
503
505
505
500
499
507
499
499
508
500
507
504
497
500
501
494
492
498
493
495
498
493
497
497
500
503
502
505
501
502
505
501
508
494
493
493
493
491
495
492
495
499
502
507
503
509
516
511
512
516
506
509
509
499
505
505
502
505
511
510
516
512
519
519
507
511
516
508
507
511
506
504
511
504
507
502
503
504
502
506
506
509
509
512
512
511
507
507
504
502
502
502
498
500
499
496
499
493
493
487
487
490
492
497
501
495
492
497
496
486
482
485
487
487
490
494
497
500
510
510
518
517
522
517
520
513
515
511
509
507
513
512
513
515
513
521
518
518
520
521
528
526
526
523
522
516
518
519
517
515
517
512
518
522
525
527
521
523
517
517
518
519
511
514
509
514
515
511
519
521
521
524
523
523
520
516
518
516
517
514
514
512
513
515
512
514
512
512
514
513
516
526
521
525
524
521
521
519
516
510
503
506
494
492
504
493
493
505
502
508
509
514
510
518
518
523
521
522
522
516
520
514
516
514
517
517
517
517
519
514
515
516
514
517
513
514
520
520
519
519
515
516
518
512
512
514
516
510
518
520
511
518
523
525
518
524
524
521
521
522
519
521
515
520
521
524
528
524
528
529
521
519
527
525
521
524
522
518
513
524
514
518
524
525
523
517
513
521
521
508
507
515
505
505
506
506
504
513
509
508
521
523
532
529
528
526
529
521
521
517
511
507
510
506
506
510
508
512
503
501
505
507
503
504
501
503
499
496
497
503
506
505
512
512
514
516
518
512
510
507
512
505
510
501
504
512
518
515
521
523
521
511
503
508
505
504
504
502
501
499
499
500
501
497
500
511
513
517
515
517
516
511
511
507
508
507
500
495
501
497
503
506
516
519
526
531
534
535
538
524
521
520
521
519
520
509
506
510
513
511
516
521
523
524
524
528
515
508
507
515
515
516
517
519
517
517
515
511
514
521
528
540
547
543
547
552
553
551
538
539
532
534
525
526
519
520
523
520
518
530
529
527
529
528
525
528
526
526
523
522
517
521
520
522
523
526
530
526
531
534
535
536
521
521
523
521
523
519
521
522
522
525
533
531
537
532
531
527
528
526
519
516
520
515
512
513
500
503
512
512
513
519
527
527
534
530
536
529
530
527
526
522
516
508
522
520
509
513
518
513
519
523
520
521
532
533
523
525
528
526
522
518
516
513
513
514
513
517
522
530
535
545
546
548
550
552
546
542
535
530
515
517
514
519
520
520
529
535
538
541
543
548
533
529
525
535
526
529
524
524
520
515
514
502
500
506
504
508
506
511
518
521
522
521
518
509
516
507
507
509
499
498
511
512
515
521
522
525
522
519
516
513
514
503
500
514
514
516
518
521
522
517
520
515
513
519
514
513
517
515
506
509
516
514
516
522
526
533
543
546
548
551
552
536
534
535
525
520
521
522
516
518
521
530
540
531
532
539
539
538
536
534
529
525
523
509
508
511
519
520
527
531
528
527
541
540
532
531
536
531
529
516
510
517
514
515
514
521
514
514
518
523
512
514
521
519
519
525
523
520
510
516
501
498
496
503
503
508
512
516
520
520
522
513
514
513
510
517
513
521
530
531
540
531
527
529
534
533
533
533
532
533
526
524
524
524
525
523
514
519
520
515
518
521
526
527
534
534
543
543
541
537
535
530
527
523
525
515
518
514
510
505
493
503
520
551
604
652
687
689
641
615
596
595
581
582
570
557
542
540
535
526
519
523
514
516
515
519
524
527
534
541
533
532
530
527
525
517
524
522
524
520
517
512
514
515
521
529
535
533
532
535
530
534
530
528
527
525
521
522
521
521
530
539
536
536
545
546
545
547
541
542
537
526
524
517
512
510
511
516
541
593
633
629
608
598
579
565
576
568
561
557
550
544
536
530
524
519
515
509
502
493
494
491
492
499
514
525
531
533
539
541
547
540
532
542
535
533
525
529
528
528
533
536
534
546
558
566
569
572
568
566
564
559
556
549
546
541
539
536
537
538
541
544
550
553
562
561
560
564
560
556
550
539
531
530
539
531
527
536
536
540
544
544
545
541
536
530
525
521
517
514
511
509
508
509
511
515
518
521
528
531
522
535
536
535
538
543
546
550
554
556
555
557
556
555
552
554
557
557
563
577
595
609
615
615
613
604
594
582
573
562
557
552
557
565
581
604
630
640
633
628
619
615
604
592
583
571
561
554
554
558
556
560
564
568
569
569
562
561
554
545
543
537
544
563
603
618
616
604
605
603
595
585
575
570
554
555
549
547
552
552
549
556
563
567
570
575
573
566
562
560
555
557
557
559
564
569
584
594
602
606
606
604
596
591
581
576
570
568
568
566
566
572
577
582
586
585
588
594
596
594
586
578
570
562
557
552
550
555
563
580
602
617
630
629
631
626
623
615
606
595
587
580
575
573
575
580
586
593
600
603
609
605
601
600
594
590
582
582
584
591
591
594
596
590
588
588
590
591
594
597
599
602
602
600
599
597
591
587
589
591
595
602
606
609
609
607
601
592
588
578
579
574
572
569
569
568
566
570
574
578
582
588
596
600
602
604
601
598
595
588
584
581
581
581
581
583
585
586
589
602
605
607
604
609
603
596
587
578
570
563
562
562
566
574
587
604
618
627
641
644
636
621
623
614
604
593
586
580
576
564
561
553
552
558
575
641
861
844
796
716
682
663
651
636
626
619
605
598
595
592
590
589
587
588
589
591
592
594
596
593
601
597
600
602
599
596
593
589
588
591
596
603
609
612
615
618
613
605
606
596
590
591
588
584
577
577
580
584
587
587
585
585
579
573
568
564
562
566
577
600
681
727
694
669
658
646
638
630
622
616
609
602
594
588
584
584
578
579
580
585
593
599
605
609
612
609
603
590
582
565
564
557
560
561
571
579
595
602
605
603
591
584
583
576
573
559
564
564
558
553
554
549
552
546
545
547
544
542
540
539
539
540
541
543
544
545
545
547
547
540
534
539
536
545
566
647
727
712
673
646
622
607
598
576
564
563
558
554
551
550
553
551
549
552
553
553
560
570
583
598
615
624
625
623
615
607
603
594
589
587
588
595
610
625
646
647
651
651
647
643
637
626
618
613
605
606
604
608
610
614
617
617
620
618
614
606
600
596
591
588
590
595
601
607
610
616
620
621
613
613
614
612
608
606
605
605
607
611
613
619
621
625
626
624
622
619
617
614
614
613
614
614
617
622
626
629
629
623
617
614
609
606
604
599
603
604
610
621
635
642
646
646
643
634
629
615
605
599
595
596
587
594
600
612
630
646
657
660
652
648
641
632
618
615
596
582
568
581
573
568
572
578
591
621
678
703
692
676
662
649
634
621
608
599
591
585
580
579
581
591
616
664
707
735
720
693
670
647
640
628
608
599
594
593
592
592
593
600
604
612
618
623
626
624
624
618
611
608
601
599
599
596
597
604
612
628
640
656
647
642
645
642
633
622
607
596
588
576
567
566
575
605
682
789
804
779
697
679
665
648
633
623
614
607
604
593
582
581
573
567
564
564
569
575
572
575
579
582
584
582
573
567
563
561
561
565
579
605
651
734
723
690
654
644
643
634
625
616
604
594
588
574
567
571
565
572
606
695
771
758
714
683
668
653
643
622
615
603
588
582
583
584
592
594
596
596
601
598
599
600
597
591
582
574
566
563
559
557
558
560
559
559
563
565
569
573
575
565
561
569
568
570
574
572
573
574
575
576
577
573
572
563
556
556
559
565
568
578
598
611
616
615
613
607
597
585
576
569
563
558
556
552
558
578
683
864
852
754
700
665
656
647
637
629
606
591
582
570
562
555
548
544
536
529
531
534
549
563
579
589
597
597
600
600
599
591
586
575
569
563
557
555
554
558
564
564
570
560
564
573
569
581
591
599
625
626
629
630
626
614
606
596
587
582
578
575
578
583
587
584
578
563
554
555
552
554
561
569
575
577
576
577
583
577
575
572
571
582
589
598
604
606
603
596
587
578
574
568
564
567
573
585
594
604
608
613
616
616
607
604
597
587
579
589
602
625
673
714
714
686