611
610
590
608
621
635
626
648
688
731
731
772
797
748
765
763
761
724
753
770
749
753
785
792
795
713
688
668
679
699
788
825
824
745
753
765
782
805
775
797
786
773
731
738
740
726
752
769
784
750
786
799
783
735
762
763
756
721
727
735
760
771
766
778
774
736
739
745
749
723
736
732
733
700
717
729
739
710
728
730
707
705
718
724
698
730
726
708
697
717
719
688
681
686
695
699
671
681
683
658
657
661
670
653
661
672
679
658
665
648
628
604
598
602
609
603
608
610
608
602
598
603
604
605
601
605
615
633
659
658
680
692
699
670
687
694
692
663
670
665
661
648
667
686
715
700
742
758
752
729
753
751
713
695
698
702
695
685
707
722
721
735
738
748
717
720
718
714
686
708
717
734
704
683
672
655
688
767
851
860
845
824
792
753
713
700
684
675
665
667
675
700
723
724
756
775
771
733
701
685
694
712
746
779
786
750
690
667
646
640
651
724
788
803
799
775
768
769
768
769
771
766
748
766
767
771
781
765
766
780
795
812
813
792
820
805
743
755
746
745
728
735
729
726
705
688
682
672
676
1188
855
681
673
673
671
672
675
665
644
629
628
624
631
648
657
665
674
684
690
690
682
687
687
689
697
699
721
730
743
729
734
736
738
723
748
737
728
706
706
700
695
681
664
665
667
671
676
711
782
829
811
889
890
815
832
816
765
766
760
752
710
705
688
696
693
687
702
719
712
723
739
746
715
718
728
728
704
699
701
686
676
676
672
659
672
676
681
662
662
653
643
650
649
640
648
654
659
644
653
651
643
626
626
626
631
625
609
615
627
653
670
665
704
735
770
716
738
752
758
720
689
677
687
709
752
792
747
762
778
800
780
767
792
803
816
785
814
822
829
791
800
799
795
750
752
756
769
744
720
763
804
844
796
816
824
825
786
737
716
734
769
860
935
913
865
892
879
845
821
812
788
747
744
721
728
748
729
772
810
842
804
829
827
827
771
804
801
794
738
771
786
810
771
821
838
813
779
820
843
804
771
791
790
749
745
765
780
753
758
778
781
733
754
762
770
723
745
752
757
719
747
753
757
726
750
758
748
722
752
760
747
717
734
735
733
704
724
734
755
732
769
779
786
739
761
774
778
744
748
766
786
778
738
765
778
775
747
761
768
773
753
721
744
772
815
829
780
810
821
820
775
803
817
818
794
744
776
783
795
771
736
710
724
741
799
829
831
784
807
816
800
759
763
765
753
720
732
734
747
732
740
748
745
717
730
736
744
715
738
739
749
715
744
747
748
726
698
675
650
667
692
740
760
733
710
683
688
688
669
643
648
635
615
604
600
599
601
606
611
616
618
620
625
630
637
646
652
647
650
663
687
709
739
727
738
751
758
765
753
733
745
750
761
732
754
760
749
712
717
736
719
751
763
794
791
756
794
811
794
770
792
817
798
770
794
810
797
800
818
830
779
811
811
764
776
772
764
732
761
763
724
748
739
714
703
708
712
716
693
716
721
718
703
727
734
730
715
743
742
725
704
714
710
694
706
718
740
722
745
758
778
758
778
759
763
702
724
725
726
694
694
693
681
657
652
646
658
687
729
721
724
752
758
714
694
698
704
698
678
693
699
718
711
712
731
748
719
732
740
752
737
744
770
783
786
734
756
752
761
711
686
698
709
741
795
766
786
802
813
790
791
784
781
755
771
786
792
790
755
780
793
800
767
768
785
798
784
755
792
791
768
778
804
810
769
738
748
756
754
726
760
773
797
755
779
773
730
699
700
689
688
686
688
699
698
679
661
666
658
658
655
643
650
642
647
666
697
734
750
728
763
775
782
750
737
760
771
787
759
764
779
791
759
763
789
810
791
781
795
740
742
758
779
806
774
806
816
806
749
762
748
749
729
713
730
758
795
758
801
828
849
822
816
833
832
823
780
813
823
821
786
800
818
823
775
764
783
797
777
751
772
781
773
741
771
779
800
756
779
776
776
724
700
701
711
732
732
729
764
792
803
758
771
768
760
735
750
765
779
742
746
746
749
723
738
749
752
724
743
749
748
715
715
717
718
699
701
703
706
700
701
722
730
716
707
720
712
683
688
690
699
689
707
734
766
738
735
761
769
746
717
736
740
732
698
713
716
716
697
688
689
685
667
657
666
675
696
696
703
714
717
678
678
670
657
671
676
680
665
646
642
640
638
656
674
694
679
655
623
614
618
614
639
666
694
705
707
691
711
724
732
745
735
725
729
729
725
701
717
718
731
720
725
711
700
721
743
772
771
763
788
802
803
775
794
783
767
750
767
778
794
773
747
771
777
787
787
789
815
823
839
845
856
839
801
817
821
819
779
818
829
827
782
813
828
848
802
840
849
856
802
822
812
805
757
782
774
782
756
809
805
776
746
751
747
748
729
756
750
743
732
771
800
810
755
771
780
784
753
769
784
791
774
770
788
781
731
712
720
728
736
728
731
714
710
734
723
756
790
818
813
750
766
773
777
750
776
788
801
756
763
788
823
844
807
849
881
905
861
897
909
895
828
867
907
929
857
872
878
856
789
833
873
884
837
861
863
865
828
859
884
841
821
823
824
780
772
784
799
779
743
762
760
740
765
782
802
786
785
788
795
769
715
726
713
716
697
696
716
736
759
735
790
806
817
780
814
818
804
765
792
805
824
796
799
833
849
845
831
818
740
712
725
704
684
676
663
649
644
632
623
612
610
594
587
591
589
585
584
578
570
563
562
557
563
577
604
634
634
609
617
626
639
646
649
646
649
646
648
658
671
691
703
712
718
708
672
663
673
692
727
742
741
701
710
717
719
708
723
729
750
754
765
800
807
846
814
759
766
741
765
752
755
723
721
729
747
776
749
755
775
786
771
773
769
756
709
712
709
726
739
729
752
766
790
771
795
820
846
831
833
854
856
806
818
823
843
835
823
813
804
727
724
728
747
742
760
781
797
801
759
767
751
738
728
737
734
733
754
782
814
793
811
803
768
762
764
763
727
733
725
725
695
681
688
709
769
823
837
820
828
813
765
759
751
744
732
741
752
756
733
746
752
738
732
742
749
727
764
804
813
790
806
823
833
813
770
784
798
785
755
792
818
787
797
802
781
731
720
715
715
694
677
689
695
708
688
721
741
771
744
732
753
758
722
735
751
759
749
708
714
711
709
688
675
657
643
646
675
760
820
821
804
732
749
732
720
676
677
668
663
658
646
657
666
699
739
727
756
783
765
767
723
714
709
695
677
665
643
636
633
641
672
688
727
779
821
762
768
816
843
797
732
716
690
666
659
666
661
648
642
646
660
699
743
772
711
714
722
730
738
701
679
661
643
637
646
692
740
768
784
774
722
701
697
696
708
717
732
718
722
723
726
714
698
690
682
683
694
689
700
708
733
736
715
694
682
680
687
718
755
751
720
717
726
722
724
708
713
713
708
711
701
707
688
672
649
634
616
602
601
643
787
854
848
803
710
688
663
648
624
621
613
604
599
588
584
583
580
584
590
590
590
602
609
620
627
626
648
660
678
658
648
662
653
637
617
607
604
601
600
591
587
591
599
602
599
591
587
590
592
588
576
574
578
579
580
577
572
570
570
568
571
573
580
581
567
559
559
560
563
567
567
563
563
569
581
587
589
586
599
621
639
622
615
629
636
644
625
628
629
621
611
604
608
611
608
601
594
586
590
599
609
607
597
601
588
589
590
591
580
575
571
576
565
558
558
558
551
547
544
546
541
534
536
527
534
522
270
783
387
1186
740
490
913
284
2080
734
351
453
1011
1216
384
1308
731
644
840
398
1256
453
581
422
567
491
986
983
697
272
491
484
481
488
486
478
482
489
482
954
482
474
473
953
467
466
465
445
488
455
458
459
468
449
446
453
453
905
441
444
444
445
445
442
438
438
438
438
443
442
438
429
430
438
438
440
432
429
426
425
429
424
428
426
426
422
416
415
416
419
420
421
420
417
412
410
417
418
414
416
418
413
419
412
408
409
417
419
418
416
419
420
417
415
411
412
418
415
421
421
421
415
410
414
412
412
410
415
415
418
416
413
406
415
410
412
410
417
415
413
412
405
407
411
412
409
408
412
411
416
410
408
408
409
403
408
410
411
418
410
412
414
418
405
405
411
415
413
409
417
419
419
408
408
410
413
414
415
412
410
421
415
410
407
414
417
416
409
411
417
412
413
408
409
406
410
412
414
416
415
416
408
409
411
413
416
412
414
418
424
420
413
411
417
419
417
420
414
420
419
415
419
420
418
423
429
426
423
415
422
421
420
420
423
427
419
414
411
421
420
417
418
415
418
415
416
409
408
416
415
418
415
418
414
418
410
409
408
412
412
415
417
420
423
416
413
413
422
422
419
420
420
422
414
413
419
420
418
420
419
420
417
413
412
417
416
421
418
418
416
419
409
410
415
415
419
416
423
411
417
413
410
416
416
417
421
421
415
415
417
417
416
417
414
413
411
413
417
419
416
418
417
420
414
413
416
417
418
420
420
410
414
411
416
415
414
419
414
419
410
408
414
414
418
412
414
415
416
414
408
406
413
414
412
413
411
417
413
412
408
407
411
410
412
410
415
414
417
415
409
408
415
418
416
420
414
424
414
415
410
416
417
417
422
418
418
413
414
415
415
418
418
423
416
418
414
411
414
418
418
414
418
416
417
413
408
409
412
413
410
412
414
416
411
409
407
408
407
407
407
406
410
405
407
402
397
396
402
400
400
401
402
401
402
404
397
401
396
396
395
398
401
401
400
397
403
398
408
405
409
399
408
400
398
396
401
402
403
405
403
407
407
410
409
405
406
405
407
408
410
411
414
415
414
409
408
409
409
412
411
415
414
420
411
409
411
412
412
411
415
415
417
408
409
411
413
413
411
413
414
415
413
408
407
404
408
409
411
410
414
415
417
409
409
409
410
412
409
413
415
417
408
409
409
409
409
410
412
412
413
408
413
406
404
404
408
411
410
413
410
414
409
405
405
409
413
408
411
410
413
409
406
405
409
411
409
412
410
414
410
407
407
410
411
414
413
412
413
410
409
409
407
412
412
417
407
410
407
404
408
405
411
412
414
407
410
407
403
402
406
407
406
410
408
410
406
402
404
403
407
408
412
407
412
404
406
407
409
411
410
412
411
414
411
406
406
411
412
410
413
409
413
410
406
405
408
408
410
410
410
411
413
409
405
405
405
408
410
411
414
411
411
408
405
405
408
408
408
413
413
415
408
409
407
407
412
409
412
413
414
411
414
406
406
409
413
408
410
414
411
412
410
411
412
414
413
413
413
415
415
415
414
414
417
417
416
415
419
424
427
426
426
426
428
429
428
428
431
430
431
432
433
433
435
435
435
436
438
438
440
444
446
448
450
450
452
453
452
454
453
454
454
455
455
454
459
464
468
470
473
472
474
478
475
474
475
481
482
484
486
492
506
510
505
511
522
530
522
518
521
526
514
513
510
506
505
502
499
495
498
506
508
507
506
514
530
534
534
544
564
577
563
552
563
573
560
552
563
573
558
555
561
559
544
546
556
566
553
562
572
577
562
566
573
562
559
563
568
557
555
562
573
569
561
563
568
560
551
559
563
561
558
566
574
572
569
578
583
570
575
581
587
568
574
576
566
560
566
568
568
562
569
576
577
576
579
580
591
578
589
581
571
563
563
563
558
559
562
568
573
576
582
594
592
585
587
592
585
577
570
570
576
586
588
578
585
590
595
585
592
600
609
597
604
609
613
601
607
610
602
594
600
605
594
593
596
601
591
590
591
591
580
578
578
579
571
565
561
559
564
573
579
579
570
570
570
569
565
565
569
571
568
571
571
565
568
571
572
564
566
565
558
554
550
546
538
530
527
525
530
543
557
555
557
565
562
557
562
563
559
555
559
559
555
550
548
548
548
545
545
549
556
564
563
566
572
579
587
577
581
584
585
575
575
575
574
566
568
571
575
568
566
567
568
568
563
567
571
573
567
566
568
571
572
566
565
568
570
569
568
571
578
576
573
575
576
566
564
564
565
556
552
556
548
548
542
543
538
530
538
524
523
531
519
517
521
514
516
514
505
510
507
503
506
508
501
505
502
501
503
501
494
498
502
492
496
503
493
492
499
490
492
497
488
489
494
490
486
489
488
479
480
483
476
471
470
474
465
463
465
469
462
457
459
469
460
452
457
461
462
449
449
451
457
455
444
446
451
453
450
441
444
451
452
447
440
444
446
447
445
440
438
439
440
448
441
435
434
438
441
441
442
438
440
442
445
447
442
438
442
443
443
445
445
439
437
438
438
446
448
445
438
442
444
446
448
446
442
441
443
446
449
447
439
440
446
451
451
442
444
452
452
451
445
447
454
454
454
445
445
450
453
448
448
451
459
458
451
453
457
465
455
450
454
457
454
450
447
450
450
449
446
445
442
440
443
447
448
438
435
439
440
442
441
441
435
435
434
434
442
442
438
432
434
437
438
438
438
438
433
434
438
440
445
439
438
436
438
445
443
445
436
440
446
447
448
439
438
441
443
444
441
440
436
436
437
439
442
438
429
431
435
438
438
438
432
431
430
431
430
432
436
429
426
424
424
428
431
435
425
424
423
423
426
430
433
431
430
430
433
438
441
438
434
429
434
432
437
437
438
429
428
434
437
437
433
432
432
434
438
440
443
434
431
438
438
442
439
440
438
440
444
445
444
440
442
447
448
443
444
448
452
449
447
450
450
453
450
449
452
455
452
446
450
452
454
452
448
447
451
454
452
442
446
451
453
450
442
443
450
452
449
444
447
450
450
453
446
441
446
444
449
443
439
441
446
449
444
438
441
441
449
441
439
442
444
449
445
439
443
444
449
443
439
442
441
447
444
439
439
438
446
444
436
435
438
444
443
438
435
438
441
441
445
438
436
438
444
446
438
437
437
438
444
442
439
437
436
437
436
438
440
438
441
438
442
445
445
444
444
449
447
445
448
450
449
450
448
449
452
452
449
452
457
454
456
458
452
455
448
445
446
447
447
445
450
446
449
449
450
455
455
454
458
460
461
462
457
459
461
462
464
461
462
466
462
467
472
478
489
494
499
496
488
487
486
483
480
479
470
465
467
464
459
457
458
459
459
459
460
463
464
471
487
491
489
491
496
494
487
489
490
493
485
489
489
488
480
479
479
475
474
475
473
476
473
479
483
493
490
488
495
497
492
488
494
496
492
495
500
503
497
499
500
502
502
503
502
502
503
503
502
498
496
493
491
490
489
492
498
503
504
502
499
501
502
503
509
504
506
505
502
501
500
503
497
495
495
496
494
491
493
492
492
489
491
493
497
499
499
501
507
506
508
509
513
506
504
503
499
491
490
484
479
480
476
474
471
468
468
464
467
468
465
465
466
467
465
467
465
467
469
466
464
466
466
466
465
463
466
468
470
479
488
498
504
495
494
494
496
495
489
494
493
493
489
491
491
483
483
483
481
477
474
475
474
474
475
474
474
478
472
472
472
471
469
469
467
470
473
470
473
473
477
478
478
479
482
484
484
483
484
487
485
486
490
492
490
488
494
494
494
491
492
493
494
494
493
495
497
494
495
494
494
493
495
496
499
503
504
500
500
495
490
485
484
482
483
483
485
491
489
490
493
496
495
493
495
495
499
495
495
498
497
498
495
497
498
498
497
498
501
499
500
502
505
505
504
505
505
505
507
504
503
502
502
502
503
501
500
501
503
505
508
504
503
500
499
495
498
497
497
499
499
497
495
497
497
496
496
501
502
500
499
502
500
496
498
500
499
495
496
497
499
498
501
503
506
507
509
508
506
503
502
499
497
494
497
496
494
492
492
494
492
490
490
491
494
491
490
493
492
492
491
494
492
492
489
492
488
489
483
484
485
483
480
478
477
476
474
472
469
471
471
467
469
469
471
470
470
472
476
478
480
477
482
485
484
481
482
486
485
479
480
485
486
483
480
482
482
479
473
471
468
466
464
468
470
479
482
484
479
479
483
477
473
473
475
468
464
464
465
461
458
454
458
455
457
457
458
462
461
458
460
464
467
465
466
469
472
469
469
477
477
474
478
482
484
488
483
489
491
495
497
490
494
495
492
485
488
484
483
480
479
481
479
478
478
479
478
476
475
477
477
475
472
475
474
471
471
478
471
469
468
473
479
473
469
470
475
476
468
465
465
471
474
464
466
473
476
468
465
467
475
464
463
466
470
467
458
462
471
466
458
464
471
471
460
461
468
467
456
455
458
461
457
449
447
446
452
448
446
442
442
442
445
451
445
439
438
445
449
449
445
442
443
442
445
451
443
438
438
438
447
443
440
437
438
441
445
450
441
438
442
447
453
446
443
444
448
455
451
451
451
457
462
456
452
455
457
460
453
449
450
449
450
449
450
445
445
448
453
449
444
443
446
450
453
446
445
450
453
455
442
445
452
452
451
446
445
449
446
450
448
441
443
442
440
439
439
433
431
434
438
438
430
428
425
427
429
428
426
428
430
424
418
422
424
427
425
426
423
418
416
416
419
422
425
420
421
413
412
412
412
412
411
416
416
416
410
412
407
408
409
411
416
416
423
419
421
418
413
413
416
418
418
418
418
420
413
413
412
416
418
417
421
422
425
419
419
416
419
423
423
427
428
428
423
422
421
422
424
426
429
425
423
421
418
419
421
426
425
430
421
421
423
425
427
426
433
426
429
423
424
430
430
433
426
425
423
423
421
421
426
416
418
413
411
411
414
416
416
419
411
415
410
407
403
404
409
408
407
409
411
409
413
402
405
403
401
401
405
407
407
405
406
409
402
405
400
400
397
397
401
402
401
400
404
401
405
403
405
402
402
401
398
400
399
407
406
410
409
413
409
412
408
406
405
407
410
409
412
413
414
412
414
410
407
406
404
409
409
411
409
412
412
413
408
409
405
404
404
406
407
404
408
409
412
406
407
406
402
401
405
406
402
404
405
404
406
405
399
400
396
395
394
390
391
393
396
392
397
394
398
396
399
398
401
398
399
398
398
396
397
401
399
399
401
406
406
411
404
404
403
402
405
406
407
406
411
408
407
405
401
399
398
403
404
406
404
408
407
409
403
401
402
399
399
402
404
404
408
408
408
402
401
400
403
406
405
411
406
408
403
400
401
402
405
402
407
405
405
406
408
403
403
401
399
399
401
404
401
406
404
406
399
403
399
395
398
396
397
399
399
401
404
400
405
397
399
396
391
392
395
396
395
396
395
396
390
393
384
387
384
381
383
380
383
385
384
383
384
381
383
382
385
380
385
381
388
381
384
377
383
379
383
380
382
380
380
381
380
379
384
383
384
384
382
383
383
383
384
388
384
386
384
386
382
385
384
382
382
384
386
386
388
387
387
388
392
389
394
387
391
386
388
388
384
387
389
391
388
391
388
392
390
394
388
392
387
387
385
385
383
388
388
389
389
389
391
389
391
386
387
385
381
382
384
383
383
387
383
385
384
386
382
386
384
383
383
383
381
382
380
382
377
380
375
380
375
377
378
378
379
378
377
374
377
377
375
373
376
375
372
375
375
376
372
374
373
372
374
371
373
368
371
370
372
367
368
368
368
366
367
363
364
362
365
366
367
364
367
364
366
364
368
364
368
363
368
362
366
364
364
363
366
363
364
362
365
364
363
363
364
364
360
361
363
363
361
356
361
362
360
360
359
360
362
362
359
363
362
365
359
366
363
368
364
366
365
366
368
367
366
365
367
366
368
366
369
366
367
365
369
366
369
364
369
368
365
366
369
367
371
367
371
367
370
370
368
368
371
367
368
369
369
366
369
366
368
363
367
364
365
362
361
359
363
358
359
362
356
363
355
361
354
361
358
361
356
360
358
362
356
361
356
361
357
359
356
356
354
354
354
355
354
352
353
351
354
351
352
351
354
351
353
354
354
352
354
351
355
353
354
351
351
350
351
353
349
352
347
352
347
352
353
354
350
354
352
354
352
353
353
350
350
349
351
351
348
347
352
341
353
345
352
344
352
350
351
347
353
350
355
350
350
351
350
350
350
349
349
350
353
347
347
351
346
352
344
353
347
351
349
352
351
352
350
350
349
352
348
349
348
350
347
345
346
345
347
344
347
343
348
342
349
343
348
342
347
347
348
347
347
347
348
349
351
349
351
346
346
349
350
348
347
351
345
352
350
351
346
354
351
354
349
353
348
354
350
350
345
348
350
348
349
345
348
346
349
348
350
347
348
349
351
347
350
348
347
349
347
347
345
343
345
346
342
346
342
343
340
346
343
345
343
343
344
343
341
342
341
340
338
342
340
338
339
339
341
338
339
335
341
337
343
340
340
342
341
340
343
340
340
339
339
341
337
340
339
341
338
340
340
344
341
343
340
343
342
343
337
341
344
336
344
336
343
337
340
339
342
339
344
340
342
341
341
341
342
339
340
343
336
342
339
343
336
341
339
343
340
341
339
342
341
340
337
336
339
336
339
335
340
333
340
337
342
336
342
339
342
342
343
341
343
342
342
344
343
340
343
340
345
344
342
344
342
343
345
346
344
344
345
345
346
345
348
344
346
345
344
344
345
345
343
343
340
344
343
343
343
340
340
341
345
340
343
341
341
341
341
342
343
340
340
337
338
338
338
333
335
338
333
335
331
333
332
335
335
336
333
333
335
331
334
331
331
326
334
330
333
329
334
332
335
331
332
329
334
331
328
332
329
334
327
332
329
335
331
331
329
334
333
328
331
331
335
331
333
334
333
335
333
331
330
333
328
331
330
333
332
332
330
332
330
332
331
332
333
331
332
328
335
326
331
331
333
329
334
331
329
329
333
330
326
332
327
330
329
330
329
331
329
329
325
331
328
327
327
327
326
329
327
328
329
328
328
323
330
326
325
329
324
325
328
329
325
326
327
328
329
329
330
327
329
326
330
326
328
328
331
329
330
330
329
329
326
330
327
330
329
330
331
330
329
328
328
326
333
323
329
329
331
326
331
327
330
327
330
327
324
330
325
330
326
330
327
331
326
328
326
326
327
323
324
325
330
327
330
327
329
326
326
331
322
330
327
330
326
328
328
328
329
329
330
329
328
325
329
324
330
330
327
327
328
328
328
328
330
327
324
330
327
333
326
330
328
331
328
332
326
328
331
322
331
325
330
327
329
327
331
328
329
325
328
328
325
327
324
326
322
326
327
324
328
327
323
323
325
323
321
321
328
323
321
328
326
323
324
324
323
322
319
325
323
324
322
325
324
326
323
320
323
356
285
318
323
325
323
323
324
321
320
325
318
321
324
324
321
323
321
323
321
321
322
315
321
323
325
319
325
319
323
325
317
322
322
323
321
321
322
322
324
322
321
322
325
318
323
318
322
324
325
324
325
323
322
324
321
321
323
325
323
325
324
323
322
322
324
321
324
320
324
326
325
322
326
322
323
322
325
323
320
326
324
323
327
323
326
327
323
322
324
323
321
326
324
324
322
327
323
326
326
321
323
322
326
321
321
324
320
322
323
324
324
324
323
323
322
322
322
321
324
321
319
327
323
320
323
325
324
321
321
324
317
325
320
321
321
323
320
323
321
322
322
315
324
321
324
321
324
322
324
322
319
322
319
316
320
323
324
322
322
321
321
322
318
324
320
319
322
318
320
324
319
321
323
321
318
321
318
318
315
323
320
318
321
318
321
321
319
317
321
315
315
322
320
317
319
321
320
316
318
318
319
318
320
316
321
318
319
317
317
318
317
314
320
317
317
322
320
315
323
313
322
317
316
320
313
320
318
320
316
319
317
320
319
317
320
315
318
316
321
319
319
316
322
320
318
315
320
316
319
319
316
319
318
319
315
324
316
320
317
316
320
316
316
313
318
320
320
314
322
314
317
318
314
320
314
315
321
318
319
316
317
317
317
316
314
315
319
315
313
323
315
317
320
313
315
316
314
313
317
318
316
313
314
318
313
317
317
312
314
316
317
315
316
319
317
317
314
315
315
630
313
313
318
317
316
319
319
316
314
315
315
317
313
318
313
314
315
318
317
314
314
317
317
311
316
313
315
311
317
315
317
313
318
314
315
316
311
317
313
312
314
314
314
312
312
320
309
315
315
308
318
311
313
312
317
314
314
311
316
313
313
310
313
315
313
311
315
313
316
313
313
313
316
307
313
312
315
308
317
313
312
313
313
313
312
313
310
311
314
314
313
311
317
313
314
313
311
313
315
304
317
312
315
309
318
313
315
313
315
312
316
311
313
316
309
308
321
313
312
313
313
313
315
312
313
309
314
305
317
313
311
313
311
313
315
311
315
311
310
310
313
314
309
311
314
313
313
314
313
311
313
305
316
313
313
315
311
314
315
308
315
312
309
313
314
312
313
310
313
314
314
310
315
314
315
311
317
314
317
310
318
317
317
314
315
319
316
320
314
317
321
319
321
319
323
323
321
322
318
322
322
323
326
320
323
321
326
329
325
329
324
328
327
326
328
327
332
331
332
331
332
336
335
337
327
340
336
338
334
343
337
339
340
337
342
338
343
335
345
342
340
345
341
344
345
344
345
338
341
347
344
347
342
350
349
347
347
352
349
350
346
353
350
348
351
345
353
349
352
345
353
351
349
354
350
354
353
353
352
353
354
356
360
362
359
361
356
362
359
362
358
363
363
364
363
364
366
366
368
369
366
367
368
369
373
375
370
371
368
371
374
371
369
371
365
369
375
374
373
369
370
373
376
374
376
367
375
380
378
382
383
381
374
378
381
382
382
375
382
383
381
382
378
383
381
380
375
379
383
386
383
384
379
385
382
385
380
385
383
385
380
386
386
386
385
387
388
387
388
385
385
389
387
388
385
391
386
389
388
387
388
387
391
388
388
390
391
392
393
393
393
392
394
397
394
396
391
400
397
396
394
403
397
400
397
403
401
400
401
405
403
407
403
411
407
403
413
411
406
407
412
408
406
404
411
408
407
407
413
408
409
407
408
409
405
411
411
413
410
408
412
413
409
409
405
412
408
409
412
417
415
417
416
418
419
415
422
420
422
418
418
420
423
418
414
415
412
420
415
417
414
424
421
421
425
425
429
428
425
432
430
427
428
424
430
427
425
423
423
427
423
422
423
421
425
426
426
427
431
430
433
432
437
438
440
442
441
442
441
437
434
433
435
433
432
441
435
436
438
441
445
441
440
439
441
445
438
437
433
439
434
432
432
433
434
434
438
435
436
438
439
438
438
444
440
442
437
449
444
447
448
449
448
445
449
447
445
452
448
450
455
448
451
454
453
451
452
454
455
453
454
456
457
454
454
453
459
454
456
457
455
450
452
453
451
452
453
453
449
450
454
453
453
449
455
454
452
452
454
452
451
449
455
450
451
454
454
450
446
458
451
452
456
455
451
452
451
458
449
451
455
453
456
454
459
456
459
460
459
459
458
464
460
462
470
463
466
465
470
468
470
476
473
470
469
475
470
472
477
469
472
474
472
472
470
478
478
471
471
477
474
478
475
472
471
472
472
469
471
472
469
472
474
477
474
479
478
475
473
478
479
478
475
480
477
478
479
478
475
478
477
474
478
475
476
479
475
473
475
473
469
475
473
472
470
470
476
479
478
478
479
481
478
476
479
477
478
479
475
474
471
473
472
473
479
480
482
480
491
488
486
495
491
492
492
491
488
490
488
489
490
488
486
490
487
483
487
483
482
483
483
483
487
486
486
490
491
490
489
494
494
494
496
497
497
494
500
497
496
495
499
497
495
500
496
499
497
495
493
492
489
493
503
502
501
496
491
486
488
491
491
490
485
493
488
489
491
491
489
485
493
491
493
492
496
493
490
497
496
495
490
497
495
493
495
494
499
497
495
498
497
496
497
493
491
494
491
488
485
484
488
494
492
492
492
492
491
491
491
489
491
488
487
487
490
489
487
495
495
494
494
499
496
494
491
485
493
488
490
487
491
491
490
493
493
496
493
497
495
496
498
497
497
501
500
499
504
501
502
499
500
498
497
502
499
498
497
502
500
500
502
499
500
502
503
503
501
504
505
502
504
505
505
504
509
507
506
505
511
508
506
508
509
508
506
507
509
508
508
509
508
508
506
507
505
499
506
501
503
505
503
504
510
512
508
514
521
514
519
514
506
505
503
494
493
493
494
492
489
491
494
494
497
497
498
498
493
501
500
497
492
487
490
492
490
491
490
496
494
490
497
493
495
494
496
495
493
499
498
499
500
505
503
506
508
506
507
508
506
506
508
506
507
502
507
505
505
510
508
509
510
510
511
514
510
510
506
507
502
498
499
498
495
496
496
492
492
492
492
491
494
494
492
489
492
491
487
486
484
484
480
485
485
486
486
483
484
483
481
479
479
479
479
478
473
478
479
476
478
476
484
486
487
484
489
488
487
486
488
493
494
492
490
496
491
494
491
488
484
481
479
481
484
486
486
489
490
491
491
491
494
494
494
489
483
489
485
483
483
486
489
491
493
496
499
504
502
498
502
497
495
491
494
492
488
488
480
488
485
485
482
489
488
487
482
486
486
484
478
487
486
485
484
480
476
479
476
477
474
477
480
480
481
483
491
490
492
500
503
503
500
512
510
510
506
513
510
507
509
507
505
500
509
508
506
507
511
510
510
513
511
510
514
511
510
506
511
506
503
507
506
503
501
506
506
504
503
505
506
504
501
505
506
503
503
504
504
501
505
501
499
497
503
501
499
497
499
504
500
501
502
502
500
498
505
504
502
501
505
501
502
497
496
496
499
499
497
501
504
506
505
510
513
511
508
513
511
508
508
508
513
513
511
507
515
511
510
508
512
511
510
508
512
515
513
510
517
516
516
519
521
518
515
517
515
514
510
513
513
510
509
509
513
509
510
511
510
506
505
510
507
504
502
507
505
504
505
511
507
508
511
511
509
507
514
514
511
508
514
509
508
506
507
504
503
503
505
502
497
505
508
507
504
510
508
507
505
511
509
507
510
513
510
504
514
510
511
511
515
512
508
515
513
512
510
517
516
516
516
519
514
515
515
514
512
514
512
511
509
510
512
512
508
512
512
512
509
503
503
503
502
499
497
502
505
506
501
512
509
508
506
512
509
507
506
506
511
512
510
512
516
512
511
512
512
509
513
515
515
514
510
511
513
521
528
539
542
543
538
534
533
528
522
521
520
518
513
514
515
513
515
518
516
514
521
518
519
520
516
514
516
513
509
506
510
506
501
508
505
507
508
513
510
510
513
513
512
513
516
513
512
516
516
512
518
513
510
509
513
509
506
511
511
509
504
514
513
514
516
521
519
520
521
518
517
516
520
517
512
515
513
507
509
507
506
503
504
504
501
501
504
505
503
508
507
506
503
509
506
506
506
509
508
504
511
509
506
505
505
501
506
508
507
505
506
508
504
507
500
508
508
508
508
513
513
512
510
516
517
515
519
517
518
518
519
514
514
517
517
513
516
514
507
514
515
516
513
520
518
518
516
521
517
516
518
520
518
512
520
517
515
513
517
512
512
514
510
508
503
511
507
507
507
515
513
516
520
519
519
524
519
520
521
524
521
517
521
519
517
514
512
506
513
514
520
521
522
521
522
525
522
520
524
521
517
523
524
522
521
528
525
524
526
523
521
525
521
519
520
521
519
516
522
521
521
525
523
524
529
521
522
525
518
516
521
523
522
518
521
519
516
517
520
518
517
517
513
514
513
513
512
515
516
513
512
511
511
508
512
514
513
514
513
512
510
517
516
517
524
530
529
528
536
535
532
530
534
532
530
535
535
533
534
536
531
529
526
521
519
526
526
527
533
544
544
541
543
553
561
557
558
563
566
562
560
565
561
557
558
556
549
543
544
539
533
532
536
541
547
539
549
549
540
539
544
540
539
544
541
544
554
557
564
582
587
588
594
588
583
582
578
570
568
570
563
561
564
558
555
561
557
558
564
565
565
570
579
573
570
577
569
567
568
567
572
575
567
564
565
563
558
556
560
559
557
562
567
568
573
582
580
583
589
590
582
581
586
581
577
581
585
580
583
591
592
588
603
598
591
599
592
582
584
585
583
579
579
582
581
577
580
585
581
584
591
594
589
592
599
598
589
589
590
586
579
580
583
577
578
581
580
575
568
565
569
575
577
575
578
580
580
577
580
580
574
572
574
574
571
567
570
576
579
579
584
593
601
604
601
602
604
605
599
596
598
597
590
589
592
595
590
594
601
602
600
605
611
604
606
611
607
601
604
604
598
600
606
612
607
612
604
595
591
587
580
577
574
574
575
567
563
562
558
555
554
551
548
546
540
538
530
530
528
523
533
538
539
552
559
563
562
566
561
556
554
555
551
548
547
540
534
525
529
528
529
536
548
552
557
563
563
562
561
562
561
558
560
557
553
555
554
552
549
549
548
553
553
559
565
568
567
564
551
546
544
540
540
543
541
541
545
545
552
556
561
560
547
544
547
548
542
547
545
547
546
548
534
532
535
534
535
534
534
535
537
536
536
540
549
550
550
550
543
531
535
532
531
533
530
524
524
526
527
531
534
543
560
573
582
596
606
598
585
593
590
588
571
563
563
556
547
533
535
535
536
538
541
533
531
528
523
527
531
535
542
553
558
559
565
557
555
559
550
550
539
548
545
529
544
542
541
541
540
536
534
537
543
540
541
549
552
556
548
570
578
577
565
571
565
555
552
555
554
545
534
541
542
541
547
544
543
551
559
550
551
557
556
562
563
560
564
563
559
562
563
560
557
547
552
552
551
551
557
563
563
565
570
576
573
574
580
588
585
588
593
585
583
584
577
574
578
579
575
577
584
585
590
586
584
579
578
583
583
570
561
554
548
546
543
549
559
564
560
557
558
560
558
550
541
539
537
536
537
537
536
539
533
530
529
532
532
534
535
534
535
539
532
527
530
535
539
544
541
540
545
546
545
545
546
553
557
558
555
553
559
558
558
555
557
559
563
562
562
568
572
577
580
582
588
584
580
581
578
577
582
579
577
581
582
584
579
575
576
576
573
569
568
565
564
563
562
565
573
582
585
590
598
597
593
595
600
598
593
596
599
598
595
594
602
604
604
602
595
596
597
597
593
594
597
595
588
590
590
587
586
589
581
579
584
582
581
576
567
567
564
562
563
565
572
576
582
593
602
600
605
609
601
598
595
589
579
575
573
569
563
559
559
559
558
563
567
577
577
576
578
572
572
573
567
565
566
565
559
557
556
551
547
547
545
546
547
551
556
559
560
560
552
549
549
548
546
542
548
547
544
542
544
546
550
554
563
571
570
575
581
580
572
568
569
560
556
553
548
541
540
541
538
537
537
540
538
540
540
547
549
546
546
549
547
549
545
545
545
544
542
544
547
548
546
547
552
556
554
556
564
564
565
573
570
569
575
573
567
560
559
556
553
550
552
553
556
555
556
559
562
563
560
560
561
560
555
556
558
560
559
559
563
566
569
568
573
581
587
589
591
600
604
599
600
602
602
596
586
585
588
589
588
585
587
587
586
581
586
593
587
585
589
591
587
583
582
581
575
568
565
561
555
550
546
544
541
541
544
544
542
547
552
555
554
549
547
550
552
548
550
551
553
548
544
539
534
537
544
562
578
586
587
584
576
569
566
565
560
560
562
562
564
563
565
571
576
581
579
584
591
599
604
602
609
616
615
607
613
615
616
610
616
619
619
609
612
615
616
612
608
612
619
626
621
628
633
634
626
629
631
623
619
622
622
617
610
613
618
616
608
613
628
634
622
629
641
638
618
625
626
624
616
615
614
609
600
601
600
601
596
590
591
595
598
600
596
598
599
596
590
585
581
584
581
578
581
585
584
585
581
581
585
589
593
591
598
597
598
591
589
585
578
576
573
577
579
584
583
589
593
598
594
598
603
607
613
610
618
623
621
616
622
623
622
619
627
630
627
618
623
624
623
615
628
631
624
624
643
642
646
626
645
641
634
622
637
632
623
619
632
629
620
624
631
638
626
638
636
632
615
618
626
619
614
617
627
643
633
638
646
649
639
637
640
638
626
631
635
635
625
631
633
630
622
627
632
631
620
625
628
628
619
632
633
624
618
624
625
620
614
620
623
623
614
620
620
619
613
617
619
619
611
611
612
612
609
617
623
623
617
621
619
610