2492
708
1053
865
787
791
741
408
298
735
771
672
1045
890
881
806
807
694
393
278
661
709
783
786
755
752
734
764
732
784
862
802
814
936
962
928
859
823
823
794
792
789
775
808
756
699
671
690
735
779
813
732
722
752
797
843
816
766
695
727
792
880
891
794
745
707
845
941
948
922
859
815
796
756
750
730
686
659
669
727
813
826
868
877
874
872
872
838
806
811
727
684
721
824
873
827
854
853
828
853
867
825
781
750
721
688
691
667
646
625
636
689
757
799
741
705
743
820
842
769
762
765
697
673
650
637
646
686
706
719
783
814
776
807
789
761
782
732
715
750
710
762
761
746
780
817
771
781
760
751
775
739
744
762
739
754
747
714
704
652
660
671
646
765
782
841
822
825
845
810
820
767
769
780
755
781
776
729
747
745
735
740
730
700
683
694
701
682
702
688
630
622
609
578
562
556
560
599
672
710
684
696
713
727
692
701
661
659
648
633
648
656
642
660
678
662
670
662
630
608
617
654
672
720
771
777
792
784
753
739
719
742
789
775
809
785
741
741
691
688
698
684
706
777
757
762
739
682
634
613
590
589
599
609
637
692
758
756
774
746
782
756
750
765
748
758
721
674
661
662
663
754
808
870
819
852
809
877
859
865
838
766
776
811
829
900
920
939
948
934
953
922
774
710
655
624
712
830
788
978
918
934
891
918
922
838
739
719
672
694
704
677
785
909
883
867
850
807
754
761
777
734
652
649
644
646
657
637
589
595
571
574
604
657
666
645
618
628
696
692
722
739
753
754
748
753
721
702
739
733
710
742
737
719
694
656
672
724
774
801
813
831
838
862
862
815
769
737
762
771
829
755
703
843
950
921
920
873
854
835
746
770
805
854
879
896
911
901
901
946
939
884
881
848
927
982
939
1009
1033
974
1013
917
903
968
999
961
926
887
850
797
790
778
688
675
693
698
803
881
858
833
865
901
842
849
856
818
808
781
677
636
1048
969
927
912
907
919
909
820
762
726
719
715
742
776
736
759
795
832
795
818
825
807
818
803
793
782
695
683
709
832
825
834
862
854
864
871
875
831
812
793
827
862
897
883
888
817
859
866
909
945
869
803
709
694
741
785
850
840
834
806
784
751
688
649
642
663
685
777
888
886
931
944
879
865
721
644
775
803
835
827
853
894
864
846
852
804
735
666
651
714
783
830
869
914
923
944
941
933
937
895
872
900
950
931
940
976
938
952
974
919
956
983
907
949
959
948
954
999
1019
984
1005
986
971
1001
1000
982
999
996
963
942
910
732
789
1241
1084
1056
1018
1082
1090
999
847
735
725
777
865
971
1013
1005
1017
1038
1014
987
858
780
737
778
840
914
922
972
980
857
855
861
834
823
772
695
697
738
814
810
857
902
819
734
698
663
630
620
601
590
581
580
613
674
664
671
667
618
587
569
601
641
683
682
666
609
601
601
627
654
685
703
748
720
706
735
731
742
760
726
694
709
715
672
641
609
609
1995
907
870
828
794
778
770
756
735
741
755
775
787
752
762
821
865
791
794
814
867
819
844
842
790
711
685
724
757
790
783
835
857
806
816
789
784
787
763
711
681
749
732
717
718
761
807
808
809
781
781
733
690
665
631
620
628
698
819
809
739
717
1037
955
925
885
878
899
933
880
849
798
821
879
906
940
964
984
949
894
780
686
683
740
893
907
913
923
944
993
929
845
811
744
668
675
798
995
979
957
930
827
838
940
981
971
962
950
949
925
903
840
835
801
722
752
730
717
688
773
992
830
872
830
709
666
666
673
715
736
796
806
759
742
707
662
683
738
718
767
800
830
839
849
850
831
820
774
793
782
666
674
680
685
692
715
794
728
808
791
762
716
696
682
695
744
794
760
719
703
701
711
730
745
735
807
867
878
867
870
833
816
847
837
801
750
696
682
772
791
800
811
823
792
746
725
650
646
636
670
770
713
905
804
715
1324
322
761
795
618
597
590
606
624
654
685
713
736
760
778
821
780
740
753
730
712
729
725
707
776
843
740
755
668
632
641
677
743
724
711
666
661
646
611
598
654
889
823
793
773
797
825
823
803
792
688
612
591
584
588
606
646
701
653
636
632
621
604
647
657
608
669
633
706
703
702
708
688
654
641
625
616
604
617
643
707
698
717
845
825
770
750
775
706
734
765
807
763
706
729
813
822
804
790
844
819
876
947
936
882
892
835
805
764
754
746
813
853
884
908
907
896
889
833
849
855
780
745
754
735
783
855
820
825
869
844
871
868
852
896
854
847
743
734
708
695
819
892
893
861
922
929
894
904
968
851
815
827
868
854
891
934
925
915
878
860
749
693
751
875
895
855
811
951
889
854
818
782
713
685
686
683
673
642
721
880
936
957
938
938
940
946
852
753
650
628
644
699
736
806
800
803
871
855
823
849
840
771
763
711
668
639
627
713
727
701
647
611
578
576
608
617
612
596
581
569
560
552
538
530
526
525
543
598
671
708
646
597
568
571
581
592
619
598
599
614
665
732
662
619
641
648
617
598
582
584
602
604
609
610
598
587
563
560
552
559
583
620
653
655
695
685
694
659
627
604
649
673
730
704
731
721
755
704
729
768
775
789
740
665
643
630
590
574
594
608
586
584
584
1123
575
556
545
536
533
538
520
526
514
517
508
504
1016
517
502
507
501
505
490
489
491
494
486
480
481
483
476
949
468
326
610
470
469
468
474
464
463
470
457
926
457
919
460
458
459
464
461
459
462
451
454
471
463
936
460
453
456
456
457
448
455
451
448
451
458
448
454
455
451
461
458
451
451
454
449
454
453
444
449
452
443
446
446
442
445
444
438
439
442
441
441
679
630
877
436
881
430
438
438
441
430
433
431
432
426
868
430
431
429
434
848
854
419
421
852
416
415
838
414
412
413
828
411
825
295
530
410
411
413
415
407
408
411
414
419
407
409
823
414
408
412
394
432
415
416
417
418
420
416
411
417
821
408
410
408
411
405
403
404
411
814
403
398
406
811
401
399
400
802
405
394
394
394
397
796
396
390
1190
795
395
394
398
799
399
795
401
404
808
804
414
406
406
407
409
415
625
600
693
545
409
412
826
408
411
408
832
412
828
418
414
412
833
419
408
1251
416
413
418
413
427
416
414
427
841
1265
423
416
420
846
417
832
415
411
407
824
418
407
409
414
411
417
407
409
408
415
824
406
409
1232
406
403
406
394
425
410
405
407
403
419
832
409
412
408
417
410
407
409
416
416
406
408
411
411
416
410
413
414
411
421
408
412
411
417
829
413
835
421
412
417
395
439
413
410
414
410
419
413
1231
428
423
417
417
420
420
415
1476
613
416
419
420
412
413
417
419
421
412
1252
420
409
412
407
417
417
409
415
406
433
415
420
1260
414
759
262
647
327
506
688
571
421
835
415
423
420
844
417
851
424
416
419
416
423
423
414
1135
531
413
1253
416
416
418
705
367
328
264
417
844
417
413
417
692
553
412
414
672
375
618
408
848
414
421
418
342
320
326
274
849
425
417
419
767
500
418
417
419
427
423
417
420
839
414
1661
408
409
404
307
510
401
401
402
811
411
404
407
760
332
547
409
407
414
395
324
512
402
410
807
289
305
614
396
394
825
401
396
405
395
417
411
402
403
1447
349
348
343
1161
404
1192
410
407
396
397
795
686
515
392
395
794
800
396
398
396
401
404
405
400
402
403
1224
405
406
1217
403
399
408
677
524
396
792
396
388
406
394
392
392
396
671
362
536
388
1158
795
387
388
392
394
396
795
262
381
547
403
403
404
405
405
407
413
605
622
409
411
288
317
628
388
352
353
552
411
826
417
405
411
408
415
818
412
824
619
609
1478
555
400
412
394
406
405
399
401
403
1206
406
403
1224
406
412
408
819
406
406
1222
402
399
405
405
413
401
799
396
410
406
396
399
404
401
402
406
402
400
409
406
400
407
388
416
404
397
402
394
402
403
396
395
395
397
798
397
403
399
805
405
401
406
409
408
406
411
412
412
409
412
421
424
422
418
425
430
428
426
424
424
422
415
420
420
422
425
424
424
422
420
420
421
435
443
438
444
471
498
492
488
473
487
496
499
497
482
485
507
506
502
485
474
474
486
536
566
568
556
546
525
502
495
480
479
991
511
506
504
528
551
544
521
511
514
535
534
521
513
533
576
568
547
556
589
577
550
548
567
564
554
534
536
558
546
521
504
494
494
488
494
501
545
885
767
663
576
557
539
550
525
515
500
501
500
513
503
511
528
543
530
532
539
521
520
508
505
497
501
503
503
511
513
504
513
510
502
496
503
505
502
511
506
506
494
491
485
484
481
483
488
495
487
489
496
505
502
497
491
493
485
483
487
494
507
510
525
850
795
729
657
615
605
599
570
558
543
530
513
510
516
518
524
544
594
604
614
631
606
623
598
574
575
568
546
550
538
538
528
526
521
514
513
526
522
543
556
555
590
622
615
610
600
572
570
561
549
547
560
531
536
533
527
519
524
524
525
531
533
544
538
539
530
538
538
528
523
528
519
521
524
529
520
526
534
528
530
535
533
522
532
536
529
541
558
553
570
588
569
570
585
582
569
565
564
551
541
546
525
521
517
523
522
537
554
551
566
594
565
557
570
587
588
565
544
523
514
504
506
508
504
505
516
523
542
559
564
548
529
530
523
522
531
551
563
561
569
572
548
545
545
546
538
561
561
575
606
599
603
604
594
574
568
551
538
524
521
512
507
504
507
517
528
564
577
575
593
560
562
546
541
521
1039
510
520
508
508
509
507
516
497
804
688
983
479
967
469
454
493
461
462
468
464
915
464
449
461
917
454
934
461
391
546
467
457
477
466
465
473
467
941
472
473
463
308
632
463
465
462
463
463
471
467
469
937
468
469
454
457
304
604
451
694
1100
454
447
446
451
452
448
453
457
447
452
909
455
911
450
914
454
462
479
468
473
478
467
468
927
346
569
454
449
452
447
898
441
443
449
445
435
440
435
436
427
430
437
430
424
428
855
421
422
418
857
421
425
424
422
434
421
1256
422
414
416
418
835
415
413
417
837
413
833
416
416
411
411
418
833
410
412
411
829
412
816
412
413
417
409
407
411
420
835
412
417
1255
415
416
420
841
418
412
822
424
418
412
410
418
427
425
418
420
422
429
434
420
425
849
427
419
422
843
416
421
413
855
418
424
422
856
421
422
429
860
427
860
429
434
437
444
889
879
439
431
438
421
439
427
429
1289
427
431
440
443
437
436
439
449
437
431
439
872
428
424
436
431
422
859
437
429
424
423
419
433
418
412
415
406
425
413
406
407
411
412
416
414
412
834
843
418
417
419
409
423
409
400
811
407
646
570
404
400
405
415
411
402
405
813
400
420
402
405
405
405
414
410
402
407
405
413
818
404
407
381
849
408
408
408
420
419
422
408
412
413
414
830
408
410
413
399
427
415
407
408
830
834
412
413
416
405
420
418
409
408
412
412
833
415
423
434
675
627
432
441
435
426
427
863
427
425
437
430
427
427
864
423
853
427
427
418
841
848
418
419
1278
423
423
434
427
437
438
433
432
437
432
439
428
435
426
429
421
432
424
431
426
433
430
430
429
431
433
444
441
439
438
442
441
441
441
441
446
439
438
445
445
444
444
459
450
455
449
466
458
459
450
455
448
441
438
440
451
458
458
459
456
463
462
462
459
914
516
400
377
542
460
459
467
465
462
469
461
459
465
461
467
461
460
649
576
296
316
315
466
280
1099
443
306
2364
769
942
420
417
420
422
436
885
443
1836
829
1007
916
460
455
461
1375
447
441
440
437
440
437
452
446
460
464
468
479
475
475
482
488
483
479
474
476
459
466
462
459
463
458
451
460
452
457
455
455
475
470
483
485
479
473
484
475
474
468
468
476
463
475
467
465
463
456
454
453
455
476
471
471
465
461
469
462
477
950
479
478
477
479
472
475
478
469
478
472
473
476
475
474
479
479
476
485
475
486
479
472
483
473
476
482
490
484
482
485
501
482
489
506
485
494
490
486
478
479
960
474
954
470
475
483
477
966
487
483
486
482
476
476
954
476
466
471
470
463
471
465
464
476
461
462
466
941
480
479
487
481
966
477
468
471
483
497
505
487
488
488
479
482
473
466
475
456
457
463
458
456
460
464
465
467
938
470
944
464
458
475
456
454
457
453
445
447
438
462
441
886
448
438
446
901
443
452
451
453
449
464
950
484
475
467
471
399
532
405
428
659
335
1167
648
1365
904
429
465
641
445
271
921
460
935
457
1351
443
445
453
444
449
438
265
646
446
911
449
449
447
437
438
436
439
865
437
877
435
435
450
445
443
441
438
444
433
868
436
424
429
423
437
431
429
432
433
439
429
859
865
426
423
422
423
426
422
416
422
418
424
424
420
421
421
427
848
422
421
429
428
424
426
425
429
838
827
418
417
413
413
414
419
832
411
415
418
410
435
418
425
425
417
439
420
425
420
414
427
413
412
417
410
426
420
415
421
417
433
422
419
420
417
428
419
414
417
416
421
418
411
414
408
416
823
410
407
417
408
428
414
415
422
410
436
416
418
418
411
430
417
415
422
421
432
425
416
423
853
424
429
428
428
437
430
432
430
434
409
475
448
451
450
440
453
442
436
441
439
434
434
429
438
431
427
317
975
431
427
441
433
435
436
441
438
438
432
444
433
433
432
429
438
424
436
435
875
441
889
438
438
448
442
442
446
881
435
419
439
427
419
423
418
429
428
418
427
423
437
431
427
434
425
439
426
422
430
416
440
424
425
428
420
437
426
423
426
411
437
420
421
427
413
443
423
429
428
418
443
424
428
428
420
437
424
424
427
420
432
425
426
434
435
429
434
421
450
429
431
428
413
435
417
416
417
413
420
410
411
413
400
427
408
408
409
401
414
413
407
410
413
417
833
413
414
416
407
430
414
417
419
409
435
419
419
425
413
440
420
423
424
411
438
423
425
431
434
423
427
413
436
415
418
419
413
430
418
414
419
406
433
411
412
410
404
423
415
405
407
408
415
399
423
408
407
409
396
424
403
401
405
402
418
825
411
412
412
402
426
409
408
413
407
422
413
405
409
811
404
806
400
407
402
416
408
409
407
407
410
402
420
409
406
412
402
421
822
410
825
403
426
410
416
420
846
420
427
431
417
436
423
430
429
431
415
413
413
414
403
419
404
405
406
400
410
813
399
400
400
402
408
808
400
403
404
402
409
811
402
813
813
405
396
399
397
404
395
409
403
397
399
401
405
811
408
398
404
405
407
403
402
408
399
417
400
401
401
398
407
405
395
397
397
401
391
406
398
395
395
396
400
796
789
396
396
402
799
397
389
389
386
391
387
391
779
778
388
390
394
784
387
402
394
390
392
394
394
788
789
388
390
390
786
380
410
394
387
384
394
392
387
403
386
410
395
396
397
394
403
393
407
398
393
396
392
395
383
403
775
383
384
382
385
384
373
397
374
398
386
382
382
383
382
383
383
769
372
398
768
384
382
383
388
386
384
393
385
398
389
388
388
389
389
384
394
377
401
773
383
381
381
380
384
382
388
373
393
771
380
379
377
372
375
753
372
378
361
393
359
387
373
370
371
370
372
371
373
375
378
372
375
389
379
383
379
382
374
387
366
396
376
376
376
374
377
380
379
367
384
369
397
758
381
378
380
382
386
381
390
374
404
765
382
378
378
380
381
1132
398
770
380
379
378
377
381
374
381
367
390
760
758
380
382
385
767
372
399
771
385
384
384
388
389
773
773
380
380
378
383
383
760
371
396
382
378
380
378
380
374
383
370
390
765
383
379
379
384
386
762
369
399
757
378
373
373
374
374
372
375
744
360
384
744
368
365
368
365
366
370
370
369
373
364
376
366
378
362
384
373
367
372
366
367
370
370
372
373
364
381
750
748
373
373
377
371
375
359
391
744
368
365
369
366
369
367
370
354
381
355
379
729
367
364
363
362
361
360
363
363
364
362
363
355
366
355
369
726
724
362
360
358
356
359
355
356
356
359
357
358
359
357
356
357
353
360
343
365
345
370
359
354
354
353
354
356
361
354
360
721
345
371
716
354
353
357
353
353
353
354
353
355
351
1059
352
357
336
369
349
360
343
365
709
354
351
355
352
353
354
356
355
355
354
1061
346
363
342
365
705
349
350
352
351
347
354
350
353
357
348
358
346
358
332
373
346
361
338
365
338
363
700
351
349
352
347
347
346
348
345
347
349
348
349
353
349
352
347
349
352
354
340
356
342
357
349
351
348
353
348
345
347
345
345
343
347
347
348
347
349
342
347
344
351
339
352
692
339
357
331
362
337
356
332
362
693
691
343
346
347
342
344
342
346
341
341
344
344
341
343
345
343
344
342
345
344
689
342
346
346
342
346
348
343
351
342
355
346
354
335
361
699
349
346
345
346
348
343
346
344
342
346
341
690
346
347
346
348
341
348
689
689
690
343
340
344
337
339
342
341
342
343
689
343
339
347
346
334
352
341
349
691
339
354
347
346
347
347
345
347
346
345
693
354
340
354
333
354
331
360
331
358
333
356
683
342
340
338
335
341
336
336
338
338
336
335
339
337
336
672
338
336
675
338
335
674
337
339
338
339
341
338
339
332
1032
334
353
341
339
342
339
337
337
343
335
336
340
338
335
335
338
335
333
337
338
333
333
336
336
334
334
669
333
335
332
335
333
335
335
334
335
333
335
333
336
334
336
333
336
334
335
336
339
330
342
322
349
322
351
325
345
672
333
340
669
325
348
323
344
668
664
666
317
347
313
353
316
348
313
352
317
347
665
319
349
317
349
330
334
331
334
328
331
332
329
326
331
330
328
327
329
331
326
653
655
654
653
653
653
653
652
651
653
654
313
342
653
655
324
329
329
326
326
327
326
326
329
323
328
323
326
324
324
323
322
330
321
327
322
326
326
320
327
321
324
323
327
323
322
324
327
323
324
326
324
326
324
326
650
325
329
326
321
329
327
325
324
330
322
324
327
330
324
324
326
330
321
326
323
327
322
321
326
327
321
320
328
647
322
327
648
322
328
650
323
328
650
323
329
652
653
650
652
651
651
649
650
647
309
343
316
331
314
337
314
334
312
342
313
335
313
342
313
334
654
646
652
317
333
317
338
320
327
323
325
324
321
324
325
323
645
323
323
319
325
325
320
319
317
322
321
311
331
644
320
321
321
323
324
646
320
325
322
322
319
316
320
319
316
322
640
309
330
639
645
316
326
317
328
318
325
319
325
321
319
322
322
320
319
323
320
317
318
319
322
315
314
323
313
325
311
327
312
327
309
336
304
337
316
327
315
327
319
323
320
320
322
313
331
319
320
317
319
315
319
319
315
320
317
316
323
638
305
334
310
332
647
642
315
333
314
329
321
329
320
321
325
644
318
322
320
321
313
321
321
319
316
320
643
307
327
303
979
317
325
316
326
316
643
316
322
318
319
316
319
317
315
313
320
307
330
630
320
320
315
642
316
318
320
320
315
314
315
317
635
306
326
637
313
322
321
316
314
317
317
317
319
315
313
316
314
311
319
305
325
308
324
630
316
323
316
631
317
314
314
316
313
312
632
306
324
306
329
630
316
321
312
321
317
632
313
316
316
315
313
312
629
301
324
306
322
632
311
319
317
628
313
313
313
317
313
312
298
328
302
320
624
314
319
310
314
315
313
310
314
313
309
313
307
317
626
312
312
314
312
313
315
313
312
311
311
311
625
301
324
625
306
319
316
624
314
308
318
313
311
311
626
298
325
620
309
318
313
626
310
314
313
312
304
318
300
317
300
322
623
310
622
313
308
312
313
309
309
298
326
617
310
313
311
303
321
315
309
311
309
313
312
306
313
303
319
297
323
306
315
310
619
309
310
313
309
308
309
298
320
299
315
308
311
311
309
309
313
307
308
307
306
306
303
318
300
313
624
309
311
305
307
311
307
311
612
301
315
616
307
313
306
302
316
308
310
304
310
301
315
617
307
616
308
307
308
311
299
314
296
317
618
306
311
306
304
313
307
309
615
300
317
293
320
304
315
305
296
320
307
307
305
309
295
317
294
320
617
307
614
308
306
309
309
610
295
319
612
306
310
304
308
301
313
305
304
307
295
315
294
312
306
311
305
309
612
303
303
310
305
305
609
296
314
612
300
312
303
300
312
307
303
303
307
291
317
296
313
302
312
301
300
312
304
305
305
305
294
314
290
318
297
313
302
303
308
305
302
295
313
604
612
302
307
303
312
302
302
305
302
309
604
603
309
307
304
306
611
303
301
284
322
309
604
306
293
315
304
305
307
306
301
288
304
316
292
308
308
303
305
306
298
612
306
280
313
316
296
311
306
301
301
607
300
305
294
313
599
297
310
305
301
302
310
606
303
302
610
303
285
319
289
314
295
315
292
313
295
313
304
301
304
305
296
310
301
300
908
601
608
289
313
299
310
303
299
304
304
298
305
301
603
607
297
910
301
303
296
303
308
896
307
602
298
301
303
308
296
308
297
305
301
299
611
282
311
289
610
296
307
295
301
299
306
305
297
305
307
296
305
306
299
306
307
301
305
309
309
299
310
305
306
313
307
307
312
308
312
312
305
315
313
308
312
313
313
312
317
312
321
313
326
312
318
319
312
319
315
316
317
322
316
323
318
327
316
316
328
320
321
326
315
327
316
315
330
331
322
332
321
332
322
333
321
331
323
330
330
322
334
327
320
342
320
340
322
339
325
340
331
331
330
336
331
321
337
331
331
336
337
331
338
342
340
326
339
341
336
335
338
341
324
351
337
328
350
330
330
347
342
338
338
345
335
339
345
332
342
340
344
336
348
347
335
350
350
337
351
344
350
343
348
350
340
348
351
341
350
352
335
355
344
346
344
349
350
335
357
352
351
348
358
350
350
357
353
350
358
345
359
356
348
359
354
354
354
361
355
354
361
354
360
360
352
363
363
356
365
362
359
362
371
361
364
370
362
369
368
359
369
363
367
371
369
372
365
380
364
379
376
363
381
362
371
378
364
373
368
358
366
367
358
372
368
366
375
374
377
375
376
369
373
376
373
377
379
377
390
381
380
388
379
389
380
382
377
386
373
381
380
372
386
377
381
376
383
378
381
371
380
385
375
381
377
374
377
376
376
373
384
371
386
381
374
393
380
388
384
393
384
398
388
395
395
390
396
397
396
400
397
396
409
398
398
402
392
407
400
399
407
394
398
396
410
410
402
395
405
391
407
400
390
406
400
398
403
393
403
403
401
407
399
399
400
398
396
405
400
408
400
397
402
393
401
401
399
409
399
404
405
407
409
414
405
422
415
414
417
414
413
418
409
417
410
407
418
414
426
416
415
419
413
422
421
418
419
418
419
425
420
432
422
421
424
420
422
418
423
423
418
418
421
417
422
417
427
422
418
423
418
431
425
430
432
425
435
431
433
429
428
433
439
445
447
445
457
446
448
444
444
444
436
445
438
444
438
440
448
436
442
438
430
442
436
434
438
434
440
432
429
446
446
442
426
437
436
434
438
429
441
441
442
443
435
446
443
444
443
438
455
446
451
452
451
451
442
453
446
459
455
454
462
454
456
451
456
449
446
449
449
454
452
449
457
443
446
440
444
442
443
444
448
447
449
446
449
449
448
454
452
453
448
455
457
457
457
452
464
450
452
454
451
452
447
460
449
457
456
457
459
454
463
456
455
462
456
459
449
470
460
466
470
469
471
467
468
466
472
474
476
476
473
474
464
467
467
464
464
466
465
467
468
471
468
475
471
471
467
471
463
465
467
464
462
466
467
467
470
473
470
472
475
476
468
479
471
473
474
467
479
476
478
470
475
468
463
466
456
473
458
471
463
461
466
465
479
471
479
473
471
473
468
467
458
473
460
467
467
464
466
459
475
463
467
472
465
471
461
483
467
473
475
474
471
473
470
469
468
469
466
467
469
468
471
473
470
477
474
478
475
479
483
474
489
481
487
486
487
489
494
497
494
497
488
494
479
489
492
482
482
487
484
481
480
479
482
476
480
482
479
480
481
483
476
488
479
482
480
474
484
473
486
472
485
476
480
477
480
475
475
487
473
492
481
490
492
487
492
493
491
491
500
485
498
485
492
490
485
499
493
494
496
502
499
504
498
502
496
490
498
487
492
490
487
975
485
486
480
491
487
479
485
482
477
476
479
469
486
472
487
487
484
484
482
488
480
485
477
473
480
477
479
479
481
483
489
485
500
503
502
502
504
500
497
494
487
493
481
493
490
485
492
498
498
494
495
495
502
496
496
498
493
492
497
488
489
490
496
507
494
493
493
492
487
481
487
480
486
478
494
477
496
487
490
488
489
491
488
492
487
495
488
498
485
499
499
494
502
497
496
497
499
488
495
488
490
490
495
498
491
497
495
492
482
501
488
487
490
492
489
497
501
498
511
507
509
509
514
499
514
499
504
501
495
506
497
502
501
498
505
504
504
507
498
508
497
512
498
515
504
505
502
498
494
499
497
495
504
496
510
501
506
509
504
513
505
508
510
507
505
506
514
519
511
523
518
518
520
515
518
507
516
509
506
510
510
503
513
503
507
504
505
504
497
507
499
500
503
497
502
503
500
505
495
503
493
500
495
493
498
491
500
494
499
497
503
498
500
497
500
495
501
496
495
494
494
495
491
494
489
498
489
496
494
499
496
502
497
506
507
500
504
501
498
493
507
500
507
500
498
497
503
493
502
500
497
507
503
502
509
506
501
510
503
502
500
500
495
497
489
493
493
489
495
497
494
499
501
502
509
499
510
500
506
500
503
503
497
511
509
515
512
514
506
512
510
504
510
510
505
516
510
512
513
518
509
508
514
518
512
521
516
514
517
510
512
506
506
501
496
504
502
503
501
497
501
490
500
492
497
496
500
496
501
500
512
513
515
512
512
506
506
506
502
504
499
502
493
502
496
493
500
496
495
500
498
494
501
495
495
493
499
488
495
495
493
496
495
492
494
501
492
499
492
493
487
494
486
487
484
482
477
479
482
474
482
478
476
480
479
479
484
484
482
490
483
489
483
490
489
486
492
491
488
490
490
481
495
486
490
487
494
488
490
489
491
492
490
495
494
497
499
500
494
508
503
510
507
501
501
497
495
489
490
491
486
486
491
480
491
481
485
479
491
491
496
496
491
494
491
494
490
492
497
498
497
499
497
494
497
494
495
491
500
492
496
494
498
494
497
496
493
499
497
495
503
500
499
506
501
505
503
507
502
508
501
502
503
499
498
496
494
505
501
494
504
501
502
493
494
492
495
489
493
494
490
499
500
496
504
503
498
510
498
502
500
501
498
500
499
495
502
500
499
505
506
503
513
501
503
501
509
500
505
503
501
503
493
499
492
499
500
496
500
501
499
505
496
503
496
501
500
500
504
504
502
509
507
511
511
505
507
500
517
513
517
515
512
501
505
497
499
497
500
496
502
502
1003
497
508
501
499
494
496
489
492
486
489
492
488
492
494
492
492
499
491
493
494
501
493
500
504
501
510
513
511
520
520
519
521
521
520
520
521
514
519
514
515
512
517
509
519
513
512
517
518
509
516
510
504
510
505
506
508
509
506
512
516
512
518
521
512
522
514
513
511
515
503
513
506
503
501
500
498
501
499
503
500
494
502
493
503
497
496
499
501
496
501
503
500
501
507
504
498
508
502
512
506
502
505
507
504
510
511
510
508
512
522
518
512
521
512
515
520
514
513
514
508
509
505
504
509
509
515
513
521
512
518
518
511
520
515
515
521
516
516
507
512
506
511
519
516
516
523
521
517
525
529
528
523
529
528
522
526
521
513
518
519
514
513
513
505
514
520
519
530
539
537
541
555
559
552
563
562
555
549
554
551
541
553
551
544
557
556
551
570
566
564
591
579
577
589
578
573
577
567
563
563
556
558
560
558
561
566
560
571
572
567
569
564
560
547
568
562
580
571
569
563
554
540
547
543
541
540
557
570
572
570
594
584
569
588
597
599
594
602
587
581
570
556
544
543
541
540
538
558
565
567
588
587
580
592
581
571
565
561
554
554
549
529
563
551
560
555
558
553
547
539
537
536
538
540
534
554
562
561
580
586
584
585
592
586
577
586
577
565
574
570
564
577
581
583
590
601
599
599
606
598
591
594
589
586
579
572
552
576
580
580
582
581
573
566
563
564
566
563
582
595
596
608
620
614
607
611
599
585
587
575
576
566
554
561
549
546
542
538
544
547
550
552
547
556
559
560
563
567
569
564
578
578
577
587
592
590
597
593
589
592
592
590
586
590
585
582
579
580
577
567
568
563
571
577
578
575
572
572
572
568
552
535
530
544
534
544
546
547
547
540
547
545
548
550
550
546
545
547
551
553
554
552
559
561
558
556
564
567
566
566
575
577
573
576
575
569
566
572
571
565
568
554
570
561
539
569
558
557
555
552
552
551
549
543
547
549
556
558
560
573
582
585
580
582
580
573
563
563
558
560
555
550
545
538
542
540
543
545
545
541
548
554
559
563
561
563
564
562
556
546
553
564
567
572
571
569
563
558
547
551
552
560
561
556
576
587
593
589
591
585
579
576
573
568
563
560
566
562
562
557
553
546
548
546
581
575
586
580
577
576
571
569
568
569
571
572
573
575
563
568
567
572
572
570
566
561
549
555
548
541
532
548
552
549
555
555
555
571
570
569
569
568
564
560
566
564
563
561
556
573
586
609
614
607
600
600
600
599
592
590
585
584
579
575
566
570
564
576
575
571
562
565
603
590
581
582
577
587
581
575
568
563
561
557
550
550
550
551
551
550
554
551
553
552
550
550
548
548
546
540
534
519
536
531
523
522
1037
553
543
545
545
548
545
548
542
539
539
534
522
527
525
526
525
528
529
528
528
527
518
527
528
533
537
542
542
544
543
538
538
533
533
531
530
530
533
537
540
542
533
548
548
564
555
561
557
550
543
543
536
523
533
533
538
545
549
554
554
556
554
543
552
539
546
549
549
561
554
556
547
528
553
542
541
537
536
533
526
528
526
525
521
516
519
584
561
567
565
563
559
555
551
550
546
539
541
540
542
544
545
545
545
548
548
557
557
554
555
555
555
554
550
547
544
538
533
524
524
527
534
545
551
553
554
556
557
575
575
573
566
569
569
566
566
563
560
551
554
551
549
551
555
560
570
573
573
574
580
593
597
599
600
592
584
585
577
565
553
573
564
558
557
557
555
557
559
565
571
578
582
587
591
597
593
589
589
601
614
625
633
630
621
612
604
593
586
578
577
576
581
579
576
590
600
616
612
609
615
616
614
609
600
596
592
587
582
564
562
553
539
604
579
576
573
569
563
566
562
562
563
563
565
568
573
578
583
588
594
595
588
580
578
572
585
591
592
595
595
594
586
579
578
574
566
563
561
563
566
573
572
575
575
572
574
579
575
569
560
562
561
557
556
552
561
566
578
585
586
582
595
590
587
586
583
580
578
578
577
572
562
560
553
565
545
557
563
555
557
564
559
558
556
550
546
543
542
542
543
544
547
543
544
551
562
572
581
582
578
576
568
563
557
553
548
553
556
559
563
565
567
571
572
575
581
584
581
583
591
594
601
598
591
585
588
566
576
574
567
564
565
563
558
550
544
541
540
542
549
558
572
590
605
616
620
620
607
600
604
601
604
603
603
591
585
581
582
586
593
593
598
604
618
631
632
634
625
615
611
608
604
597
594
594
596
603
603
609
624
635
636
642
641
640
620
613
608
607
602
601
593
589
587
580
575
571
564
557
554
557
563
572
585
600
604
601
596
604
604
603
600
594
587
577
568
569
562
561
560
564
568
569
572
574
578
584
583
583
585
581
572
578
1116
568
575
574
573
574
571
566
561
555
551
547
547
549
556
563
571
574
580
592
604
609
613
610
604
591
585
574
569
562
558
554
567
566
565
564
559
554
548
550
558
569
586
597
602
604
608
597
596
585
581
566
578
577
579
580
581
581
581
580
575
572
572
583
611
634
656
648
643
636
622
611
604
597
594
586
583
581
581
582
583
581
580
584
592
596
599
603
599
602
594
589
580
564
589
581
583
581
578
576
574
573
572
571
575
581
591
600
612
619
622
624
621
617
610
606
604
596
588
590
588
594
607
619
628
623
621
620
609
606
593
569
588
591
581
584
584
584
581
576
570
564
560
557
553
551
549
548
547
546
555
556
558
555
580
591
604
608
605
600
595
585
579
574
567
564
569
570
573
571
571
566
563
559
564
576
598
621
630
629
628
646
641
646
639
633
626
618
606
599
594
592
597
600
591
589
602
616
633
614
600
619
633
652
656
647
635
623
611
599
594
585
583
581
580
576
579
552
578
586
568
578
581
564
562
555
572
558
558
555
554
549
546
541
535
531
528
524
525
528
537
546
547
549
559
563
569
567
568
569
566
562
559
553
556
555
556
557
558
557
556
555
554
550
548
554
563
570
576
581
586
588
590
591
590
586
577
574
571
569
578
597
620
590
592
602
594
586
582
578
573
566
564
563
563
563
565
566
566
567
569
572
575
573
574
576
578
572
578
563
578
581
586
587
589
589
591
589
589
589
592
599
606
614
616
618
615
616
601
602
581
585
595
580
586
584
580
571
565
559
550
545
537
540
543
550
551
551
555
560
564
558
584
563
574
574
568
571
571
568
563
556
548
544
540
537
536
538
543
552
564
577
594
597
594
584
580
576
576
577
580
584
583
586
581
573
567
563
559
559
570
597
638
684
688
693
682
662
633
622
615
606
597
596
591
598
596
593
590
586
582
580
582
578
584
611