650
669
703
665
747
805
796
770
846
819
925
878
940
863
813
826
792
888
774
936
863
951
1011
835
920
926
875
902
847
850
942
986
1032
1033
889
1011
1013
921
1064
977
1018
1105
979
1060
979
938
1067
922
1074
1096
1007
1058
1038
1044
1083
909
1083
1011
1005
1114
979
1061
1053
915
1008
1014
985
1113
1043
1040
1082
943
1081
1104
1022
1135
1011
909
1165
1083
1104
1127
958
1057
1052
911
1017
1107
972
1112
1160
1031
1096
995
955
1100
1067
1063
1125
1013
1104
1034
1010
1123
1040
1091
1123
1006
1090
1034
1009
1104
995
1065
1119
1023
1029
1068
911
1016
1120
962
1066
947
849
796
788
973
835
981
990
909
982
946
915
933
896
909
1019
964
995
1036
934
1009
1062
932
968
1007
866
962
979
869
1022
1025
934
1019
955
904
990
979
943
1009
870
882
811
852
1047
924
1045
1058
920
975
974
858
928
1055
980
1102
1114
1020
1106
1077
961
1074
1063
1072
1119
978
1079
1096
981
1070
1031
1016
1109
970
1052
1074
1044
1085
989
1071
1000
985
1019
926
977
1034
870
978
1051
902
972
970
835
869
974
983
1034
942
957
1011
854
880
881
882
1037
991
999
941
873
781
750
754
798
828
812
748
732
731
750
768
771
737
831
892
809
896
922
871
954
848
896
889
894
765
792
974
1026
1039
1003
988
832
871
872
925
910
833
858
995
872
894
917
908
887
812
781
835
838
928
918
983
999
1021
989
1003
1026
979
1008
938
958
956
924
1003
943
991
1005
956
934
959
993
892
921
882
783
804
947
978
918
976
1001
981
949
1014
971
1019
1048
1003
1094
1092
935
1017
1093
973
1094
1103
1036
1072
1024
1018
1070
1025
1018
1106
931
1001
842
738
783
883
983
980
883
998
1022
883
939
987
977
973
1050
1022
995
1063
1029
998
1026
979
985
1090
1037
1023
1063
1020
967
993
999
947
1029
937
1030
1034
936
963
925
909
1007
1038
1026
1061
1006
1043
1089
984
1042
1102
981
1062
1049
970
1058
1040
996
1070
981
995
1011
955
988
1051
962
972
1009
933
999
1031
925
1005
1040
981
1024
1082
966
1056
1073
945
1025
1062
962
973
1042
956
954
1041
1052
946
1019
1032
919
966
1019
931
1019
1053
952
1044
1062
952
1054
1044
1018
1073
1035
1035
1071
938
1011
1120
1011
1127
1133
1045
1095
1021
1037
1098
1042
1107
1120
983
1068
1093
974
1052
1084
929
1020
1114
897
817
810
1005
1004
922
899
937
987
902
984
1034
990
959
1018
1036
1022
1063
1060
989
1088
1079
1033
1124
1072
1014
1109
1096
1069
1155
1063
1070
1160
1044
1021
1078
913
959
1057
1010
1013
1124
1078
971
1074
1013
947
955
982
896
982
1000
920
1014
1031
963
1050
1030
954
1032
1068
981
1038
1086
1011
1092
1119
986
1014
1097
1048
1063
1101
983
1013
1113
1068
1064
1130
1064
1065
1128
1025
1001
1157
1104
1092
1174
1051
1077
1101
969
1103
1089
983
1164
1120
978
1076
1056
940
1076
1089
962
1076
1071
983
1076
1078
1006
1114
1063
978
1069
1100
980
1105
1102
1006
1074
1069
996
1064
1016
950
1044
1065
922
984
1040
943
1025
1008
946
1071
1065
1028
1045
960
955
1001
997
982
1072
1039
983
1065
1022
923
853
766
683
689
691
748
684
743
706
676
674
653
640
636
619
611
592
589
573
568
560
553
545
534
525
518
513
505
500
498
497
495
510
570
563
618
660
770
836
891
914
868
862
813
828
723
726
698
699
712
715
729
727
652
627
625
614
627
650
647
661
654
669
691
751
746
695
688
664
655
685
724
731
712
735
708
706
707
688
722
730
650
690
715
697
652
666
648
637
598
605
608
588
591
596
609
616
597
579
574
559
577
576
685
729
734
802
844
784
785
835
784
838
835
760
709
684
639
617
577
566
553
558
562
562
575
625
665
716
835
779
734
824
793
845
774
813
729
643
652
617
592
583
576
572
563
548
542
538
532
529
530
527
534
542
542
557
576
590
589
618
614
637
601
588
590
605
613
597
582
587
605
612
590
586
608
651
649
614
643
658
649
622
624
606
582
563
564
573
585
593
606
626
638
612
611
630
651
640
618
588
573
569
565
596
644
628
671
733
717
662
706
734
758
667
623
638
637
693
771
807
702
682
699
690
630
628
639
652
676
742
814
807
760
882
923
866
848
929
836
860
851
791
856
857
945
979
896
893
947
884
848
910
872
800
847
873
812
790
829
830
763
763
796
753
698
723
771
836
790
815
806
732
748
730
729
688
664
670
718
810
879
890
899
816
803
763
687
680
649
756
799
827
761
789
781
700
664
683
668
636
687
689
640
664
659
639
676
754
680
689
713
714
681
700
702
664
656
673
699
650
699
694
644
657
698
713
658
650
700
728
714
655
675
675
683
671
655
690
701
684
678
691
672
627
639
641
646
615
618
628
623
602
595
606
580
597
591
577
577
582
600
582
581
592
602
588
584
591
615
624
602
612
640
667
621
635
649
642
615
631
648
641
615
645
647
646
618
603
590
617
669
686
719
705
615
610
608
569
563
556
549
541
549
542
544
540
531
532
531
531
531
527
532
526
525
526
531
518
516
517
515
510
506
515
512
509
511
515
521
516
515
512
512
505
496
506
503
500
496
495
498
498
489
492
490
486
486
484
484
482
477
476
482
474
467
471
470
467
463
461
459
459
460
462
453
452
459
455
450
450
453
454
446
443
450
452
446
443
442
443
439
440
440
441
446
440
436
432
436
439
430
427
425
427
424
421
419
420
417
416
416
419
415
411
409
413
414
411
408
408
406
409
407
408
411
411
404
402
404
405
403
403
407
407
405
401
400
401
402
401
402
402
403
403
401
398
400
400
400
401
400
403
404
401
397
398
397
399
396
399
399
400
397
396
397
393
394
392
394
393
392
392
396
396
395
390
389
393
392
391
388
391
393
395
390
397
397
395
391
389
394
392
395
392
393
390
391
392
395
390
389
389
389
392
388
387
388
389
390
394
392
392
390
393
393
390
389
388
392
392
390
389
394
393
390
388
389
389
384
385
382
389
386
386
383
386
388
387
383
391
390
387
385
383
385
386
392
386
387
386
387
390
391
387
390
391
391
390
387
388
388
395
388
389
387
391
391
390
391
395
390
388
390
390
391
389
390
392
392
389
391
389
395
394
389
389
391
392
391
389
387
390
390
391
386
393
392
390
388
386
392
392
390
388
392
395
392
394
396
398
391
393
392
397
393
393
392
396
396
396
393
396
396
394
394
392
397
396
396
395
400
400
396
396
396
399
396
397
396
400
401
402
398
397
402
403
402
401
406
405
410
406
408
414
408
408
410
416
408
405
406
405
399
398
401
400
403
396
395
396
396
392
389
392
392
396
395
391
390
392
392
387
390
390
388
386
386
390
387
384
389
390
388
384
386
387
381
383
380
384
384
383
383
380
379
383
382
381
379
383
386
380
381
384
386
384
387
383
391
389
388
388
392
392
391
390
391
392
386
388
385
393
388
389
386
388
390
390
388
392
392
390
388
387
392
393
391
390
390
394
393
391
393
389
391
394
392
398
393
394
392
395
396
394
393
396
394
391
394
395
395
391
391
393
395
391
396
396
392
391
389
396
391
391
391
396
393
395
394
394
390
388
393
391
389
387
390
391
394
390
388
391
392
392
390
392
392
396
394
396
396
397
396
395
395
396
396
396
398
399
398
395
392
396
395
392
391
392
392
395
390
389
388
391
389
387
389
388
390
387
387
388
390
386
385
387
387
385
382
385
384
387
383
383
382
388
384
387
386
389
385
384
385
387
388
385
386
386
389
387
387
386
388
385
383
384
384
386
383
384
382
385
388
384
386
390
388
384
385
383
388
384
383
382
385
384
384
382
386
384
387
384
382
383
382
381
380
383
381
384
381
380
382
385
384
385
384
388
382
383
385
385
384
381
381
383
384
381
383
380
384
383
385
385
384
385
385
390
386
387
385
388
390
394
390
389
390
390
391
388
387
385
386
387
388
385
388
386
388
388
382
385
382
388
387
386
384
389
387
390
386
384
385
387
385
385
386
386
387
386
383
384
388
386
383
383
385
386
386
388
385
385
386
392
390
391
390
393
394
390
392
388
390
390
391
387
389
390
391
389
386
388
386
391
387
387
385
389
388
386
384
388
386
385
383
382
384
383
386
383
383
382
389
388
386
384
387
386
384
386
382
384
382
386
384
384
384
387
383
383
383
390
386
387
388
393
391
392
391
393
393
389
393
394
392
391
394
396
394
391
395
397
396
395
397
393
396
396
396
397
397
401
407
407
408
407
414
416
415
409
410
415
422
428
432
432
432
429
432
433
428
429
429
436
435
433
435
441
444
442
443
447
448
449
443
445
451
453
449
452
458
464
466
460
462
470
483
491
485
477
474
474
475
470
466
462
458
460
458
458
468
472
472
473
480
480
479
477
481
477
472
471
476
476
471
469
475
478
475
477
481
490
491
484
486
496
497
494
488
496
501
499
494
496
502
501
492
497
507
508
501
507
515
516
511
506
506
496
495
494
486
486
486
490
487
486
493
505
512
506
508
517
527
519
515
515
521
532
536
530
520
519
515
511
502
508
510
509
506
508
516
519
509
508
506
504
501
502
499
495
498
500
496
492
491
496
501
499
497
500
510
513
506
509
512
511
509
507
511
511
506
510
512
512
505
498
504
505
501
498
502
510
512
508
509
516
517
509
504
499
488
484
485
484
480
478
479
480
481
478
480
486
489
493
492
495
503
508
509
504
504
506
500
493
497
499
502
494
494
500
504
500
496
493
502
508
508
505
508
513
513
505
503
505
508
502
501
500
503
507
501
503
504
512
511
513
520
526
518
524
532
537
529
522
521
520
517
513
515
517
524
521
530
535
537
531
540
551
550
537
538
536
529
517
513
513
508
505
505
504
504
512
518
521
517
523
526
529
520
522
521
521
515
518
520
522
520
512
519
524
526
518
522
529
521
524
530
535
530
530
538
540
541
535
537
537
536
528
535
545
554
545
547
558
561
555
550
560
563
555
546
544
537
532
534
529
528
527
520
504
495
485
492
504
505
503
505
509
504
505
509
501
501
508
505
499
500
497
486
481
482
478
470
468
471
466
461
463
460
463
458
455
454
457
456
459
453
452
452
454
455
447
445
449
448
447
445
443
450
450
445
444
447
447
448
445
449
446
442
441
444
452
453
452
453
452
459
451
447
448
446
448
441
442
446
445
439
440
436
439
435
437
437
433
439
438
435
435
438
442
437
435
438
438
439
435
435
438
435
434
436
435
433
429
431
433
430
426
425
426
425
425
421
420
420
419
415
415
417
417
411
411
407
405
404
403
404
402
403
405
401
398
401
400
403
400
400
401
405
399
399
398
399
396
393
396
396
398
394
396
396
401
400
396
398
400
398
397
399
397
400
396
398
399
401
396
396
396
397
400
396
399
397
402
398
401
401
404
403
397
401
399
404
400
402
401
406
401
402
400
396
397
396
397
396
396
398
403
398
396
397
398
399
397
399
400
400
397
401
401
402
399
396
398
398
400
397
396
398
402
398
396
394
396
396
394
395
392
396
393
392
392
395
394
394
392
392
387
386
392
391
393
391
396
395
396
396
401
396
396
396
396
400
396
397
398
400
397
400
399
398
396
396
401
397
398
397
400
400
399
397
400
401
396
401
397
399
397
406
404
405
401
404
403
396
401
398
402
398
398
396
403
396
398
397
393
396
396
402
399
401
402
408
403
402
404
404
406
403
405
409
407
405
407
406
403
404
402
407
406
406
407
411
408
404
407
407
408
405
406
404
406
402
400
396
393
396
395
397
395
396
396
403
399
401
401
401
400
398
404
400
399
399
403
400
399
398
403
401
400
403
406
405
404
407
405
404
398
397
399
399
401
398
399
400
404
399
402
402
397
399
398
403
403
406
406
407
406
405
413
412
413
410
416
414
412
409
407
409
408
405
405
407
406
399
400
400
403
399
401
401
404
402
400
396
399
399
394
397
397
399
397
399
402
403
402
405
403
401
404
408
409
407
406
411
409
407
409
409
409
408
407
410
413
411
411
408
410
410
408
409
406
408
409
413
410
409
412
419
418
417
420
421
428
422
423
422
420
423
426
433
436
438
435
433
438
437
435
437
441
444
441
446
450
454
454
454
461
459
454
455
460
465
460
459
464
468
462
463
464
465
459
456
453
452
452
451
455
451
453
457
467
463
462
465
471
477
471
469
478
481
486
482
475
479
492
481
479
498
504
503
491
513
506
503
485
483
483
471
465
464
465
468
464
466
473
479
478
476
479
483
481
474
477
480
479
478
477
480
484
478
477
485
486
480
481
485
494
489
492
488
488
483
483
479
473
475
478
473
467
472
478
477
476
480
488
496
487
494
501
503
500
498
506
506
503
500
503
505
497
496
500
505
508
500
506
508
517
505
512
516
514
506
509
511
510
503
499
503
503
503
495
497
499
500
501
498
502
515
519
518
517
528
529
521
518
519
506
497
492
490
484
479
479
476
477
480
481
477
479
484
486
482
483
489
492
488
490
497
500
495
492
501
493
485
483
481
486
480
479
483
487
485
484
486
501
502
497
498
503
509
499
500
503
507
500
497
500
500
491
489
492
497
490
490
497
500
506
498
496
499
502
497
490
489
493
490
487
485
487
493
496
494
489
492
492
488
486
484
477
476
473
480
483
485
484
480
483
488
484
484
489
495
502
494
496
498
495
487
484
488
490
488
485
483
484
491
479
479
476
470
481
487
486
486
480
475
473
465
464
465
466
466
463
467
465
468
477
488
499
502
499
501
513
507
500
503
498
488
481
479
485
486
480
479
478
482
475
478
478
469
465
471
471
469
470
471
474
477
470
469
473
476
479
475
475
480
479
471
466
463
463
472
473
469
471
471
472
470
472
469
468
469
471
479
477
475
478
480
479
475
469
474
479
479
479
479
484
488
482
480
487
492
495
487
489
492
491
481
477
480
481
476
472
476
479
478
475
479
483
489
481
483
483
483
475
469
468
471
476
477
474
469
471
470
468
460
465
465
464
460
459
460
463
467
473
468
466
472
473
470
470
475
474
465
466
467
472
472
473
478
482
482
479
481
488
487
485
487
493
492
487
486
492
489
482
476
479
479
487
485
480
481
484
488
480
481
480
484
481
478
477
477
475
467
464
467
470
469
477
475
476
474
478
479
472
470
471
470
466
460
458
453
454
458
449
444
447
446
448
445
449
451
446
447
447
455
447
448
450
445
445
444
446
440
436
435
433
438
438
437
433
435
438
434
437
437
432
434
432
438
435
435
434
435
435
433
435
433
434
428
428
431
429
428
428
433
432
429
427
426
429
430
429
428
425
427
423
422
421
422
424
426
429
430
426
426
430
430
424
425
423
426
422
424
424
425
419
422
421
419
419
417
422
422
420
418
420
423
420
421
422
429
421
420
421
421
420
419
424
423
421
416
416
421
421
426
423
423
425
428
428
427
434
432
427
424
424
427
428
427
423
421
423
418
422
424
417
417
419
423
421
422
423
427
420
415
416
413
417
414
417
411
407
407
407
412
408
411
412
417
409
409
411
410
409
409
414
410
404
406
404
407
403
404
406
408
401
400
400
399
397
396
396
396
396
393
397
396
396
391
390
391
391
391
389
391
389
389
388
390
387
393
387
392
393
392
388
391
394
394
395
394
395
395
395
393
395
394
397
395
392
392
393
396
391
395
390
394
391
392
390
392
392
395
393
390
388
391
393
390
391
389
393
389
391
391
395
394
394
392
393
392
394
393
391
395
392
396
394
393
393
396
396
394
392
396
398
394
396
394
397
396
396
394
396
396
394
391
393
392
388
390
389
390
389
390
387
387
384
388
385
384
381
384
383
383
381
380
382
380
388
386
387
386
388
386
390
385
390
388
391
385
386
387
385
388
385
391
392
395
394
399
397
396
401
402
403
399
401
400
403
400
396
398
396
399
396
397
397
404
398
397
396
396
397
395
396
393
396
394
394
393
396
393
389
389
392
388
387
390
387
389
385
387
381
384
384
386
384
387
384
387
388
383
383
387
390
384
389
386
391
386
386
384
385
385
384
384
387
382
383
382
385
387
383
385
384
392
388
390
387
389
389
387
385
388
387
384
382
382
384
379
381
380
385
383
382
382
382
382
384
381
383
381
385
379
381
380
382
380
377
380
379
378
376
378
378
378
376
378
378
377
378
381
379
380
380
381
378
379
378
373
372
374
373
369
371
369
373
369
371
369
372
370
370
367
370
369
370
368
370
368
370
366
369
367
368
365
366
366
366
364
366
366
366
364
366
365
366
364
364
363
365
362
363
361
363
361
364
360
363
361
360
360
360
360
361
359
361
359
362
358
361
358
361
359
360
359
361
359
361
359
362
360
362
359
362
359
364
359
363
358
364
360
361
358
362
358
362
358
361
360
362
358
362
359
362
359
361
358
363
359
361
357
362
359
359
357
362
358
360
357
361
358
361
357
361
359
361
357
360
360
360
358
362
360
360
358
362
362
360
359
361
361
360
358
362
361
361
360
363
364
362
361
363
364
363
362
367
362
366
367
365
364
365
364
367
368
370
369
372
373
367
369
369
374
368
369
367
370
366
365
364
367
366
363
361
364
364
362
359
364
363
362
361
364
362
364
362
364
360
363
361
363
360
362
361
361
360
361
359
360
358
360
359
358
359
357
355
358
359
362
363
360
362
363
365
360
362
362
365
361
362
362
363
358
361
361
362
357
361
358
359
356
360
357
358
356
360
356
355
357
358
355
354
357
356
354
354
355
354
353
352
354
354
351
354
352
353
351
354
352
353
350
354
350
354
349
354
350
352
349
352
350
352
347
352
348
348
348
352
347
346
348
350
344
345
349
349
346
347
347
349
347
347
348
350
347
347
348
348
349
348
350
347
351
347
350
348
349
347
350
349
350
349
351
349
350
349
352
350
352
350
353
353
352
351
354
350
353
350
352
351
353
350
352
351
354
349
352
351
352
350
351
353
351
350
352
354
353
349
354
353
353
349
353
352
352
348
354
351
353
347
355
351
353
351
354
350
354
351
353
350
352
353
351
350
353
353
351
349
352
352
351
347
350
350
351
347
349
346
350
347
349
349
346
343
348
347
344
344
347
345
342
345
345
343
341
343
344
341
342
342
345
340
344
339
344
339
339
342
342
336
338
339
340
339
338
340
340
339
338
342
339
340
337
344
340
343
337
340
342
341
337
342
340
337
337
341
338
338
337
342
338
341
336
339
339
339
337
337
339
338
339
340
340
339
341
339
342
339
343
340
343
340
345
340
344
341
343
340
342
341
344
340
341
342
344
339
342
342
343
337
344
339
341
340
343
340
340
341
342
337
342
340
340
337
343
340
338
337
343
338
338
335
341
336
336
338
338
335
338
336
335
337
338
337
336
339
335
339
334
339
335
337
338
339
334
338
337
337
332
338
334
334
333
336
335
335
333
338
334
333
330
339
332
332
332
333
333
333
333
333
333
332
332
335
334
331
334
336
335
330
336
334
331
332
336
333
332
333
337
330
333
336
332
329
333
332
332
332
331
333
331
334
329
337
332
333
330
337
332
331
335
333
331
332
333
332
332
336
331
332
331
334
329
332
332
331
331
330
332
331
333
331
333
330
332
331
333
330
331
332
334
328
333
333
333
328
333
331
329
331
332
329
328
333
330
330
332
331
332
326
331
329
331
327
329
329
329
327
329
329
330
331
328
333
329
332
329
333
330
331
332
333
330
333
331
336
330
333
334
338
333
335
336
337
333
334
337
338
337
337
340
338
333
337
335
334
335
332
335
331
333
333
333
331
333
331
332
335
333
331
330
335
331
328
334
332
329
330
332
330
328
329
334
327
330
328
330
326
327
326
326
327
325
327
325
327
323
329
325
323
326
325
323
326
323
327
326
326
323
326
325
323
327
323
324
324
323
325
325
319
328
324
323
325
326
324
325
325
325
322
326
323
323
323
320
325
321
324
321
324
322
321
323
323
322
324
325
324
322
327
322
323
324
322
323
322
322
322
327
321
323
323
323
323
328
322
322
325
322
320
321
321
321
323
319
321
321
323
318
325
321
321
321
327
320
320
320
322
321
320
320
321
322
318
323
323
319
320
323
320
322
323
322
320
321
320
320
322
316
323
318
320
320
323
316
322
320
318
321
320
319
323
322
320
321
318
321
319
323
317
321
321
321
317
324
320
321
319
326
319
318
321
319
319
320
321
637
320
319
317
322
318
319
322
324
320
322
321
320
321
318
320
318
322
316
321
317
318
321
319
319
322
320
319
319
318
318
318
318
315
319
317
317
319
317
317
319
318
324
316
318
320
319
319
317
318
319
319
314
323
317
317
320
321
319
322
318
318
319
317
317
318
316
320
319
314
319
317
317
318
321
318
318
320
315
317
314
317
315
318
313
316
315
316
314
319
315
318
316
320
316
313
318
315
315
315
314
315
317
313
315
315
316
316
318
315
314
316
314
315
315
314
316
317
314
315
315
315
315
320
316
314
315
314
314
314
315
313
314
314
317
313
317
314
315
313
322
313
315
315
315
316
313
316
315
314
314
315
312
317
315
313
315
320
313
315
315
315
316
313
316
316
316
311
318
314
313
318
317
313
315
315
315
315
313
315
313
313
315
314
313
315
315
313
313
319
312
312
313
313
314
310
313
314
311
312
313
311
315
314
312
311
314
312
313
312
313
313
310
312
311
311
311
315
312
312
311
314
312
311
312
310
313
307
314
309
312
313
313
312
313
310
313
312
311
311
311
313
307
313
311
309
311
315
310
311
312
310
313
302
316
311
311
306
312
310
312
312
311
310
309
312
307
310
310
309
308
312
310
311
313
311
310
313
311
310
311
309
311
308
313
308
309
313
312
311
312
311
310
312
312
311
306
312
310
307
311
313
309
312
311
308
312
310
310
308
311
309
308
311
313
309
309
310
308
312
306
310
305
309
309
307
309
311
309
307
312
308
309
303
311
307
306
309
308
307
308
310
306
309
308
308
306
306
309
305
306
310
306
309
310
306
307
306
308
305
308
304
308
305
305
310
308
306
311
306
309
308
307
310
304
306
307
306
308
307
311
306
308
306
310
307
308
307
307
304
311
308
307
306
310
308
305
308
307
303
309
306
305
307
309
304
309
301
309
306
303
308
305
303
310
306
304
305
307
305
300
308
306
304
305
312
304
306
307
304
308
300
309
302
304
307
305
304
313
305
306
307
303
305
308
305
300
309
304
306
304
310
305
304
309
303
303
309
304
304
307
306
307
305
302
310
304
302
308
304
304
310
305
305
304
305
306
298
309
303
302
305
309
303
305
307
303
303
308
304
297
310
303
303
306
304
305
297
311
302
305
304
306
305
307
299
312
307
304
304
309
308
306
310
306
311
307
311
309
310
308
313
310
312
308
314
311
311
313
311
313
312
313
312
313
313
315
313
314
312
315
314
313
315
314
315
313
319
315
317
314
313
316
315
316
316
319
316
315
319
319
321
314
324
319
321
316
317
324
321
318
317
324
321
318
324
325
322
320
327
328
326
324
329
331
329
326
333
328
330
328
331
329
327
330
329
328
329
329
330
327
330
329
329
330
330
330
333
329
336
331
333
333
333
335
336
336
338
336
340
338
337
339
338
340
338
337
338
339
340
340
343
346
344
344
342
345
344
340
346
344
344
345
344
346
344
345
346
349
344
347
346
347
344
346
346
348
345
345
348
344
347
342
346
345
344
347
345
347
345
349
346
347
349
349
348
348
352
348
351
352
352
350
354
350
356
353
354
354
357
354
354
357
354
356
354
355
357
356
357
358
358
358
361
358
357
363
356
360
360
363
361
364
366
368
366
367
371
370
370
371
368
371
370
368
368
366
368
364
364
368
364
366
368
365
366
365
370
366
369
371
371
371
372
374
373
374
378
375
377
378
376
378
378
378
377
376
380
378
379
381
383
381
381
388
381
385
391
385
386
387
390
386
389
392
391
392
392
396
396
395
398
396
399
401
396
396
398
393
392
392
396
393
394
396
402
396
399
401
398
397
397
398
395
396
396
396
394
396
396
392
391
392
393
392
395
391
393
396
394
396
396
400
401
396
397
399
404
402
402
404
409
405
404
407
408
406
408
409
410
406
409
410
405
403
407
408
413
407
413
416
416
416
414
410
413
409
409
412
412
412
415
415
421
414
419
422
417
419
421
417
419
418
417
420
415
415
415
418
415
408
412
414
409
411
413
415
415
407
412
414
410
413
415
412
416
411
413
416
413
411
411
414
415
406
409
410
412
409
410
415
413
413
417
419
416
413
415
415
415
413
415
414
417
418
420
421
427
424
425
430
432
432
432
433
432
434
436
431
435
435
433
434
435
433
438
432
428
431
433
435
425
429
430
427
432
430
429
433
434
431
433
438
435
438
436
438
443
443
440
435
432
433
434
430
422
427
427
423
422
425
430
426
432
432
430
434
435
432
430
433
436
436
437
429
431
432
432
428
429
432
434
433
431
428
427
427
428
426
424
424
427
430
431
427
432
436
429
428
432
434
433
430
435
435
430
430
434
436
433
426
430
432
430
436
433
433
438
439
435
438
439
436
441
443
437
443
443
438
444
442
442
445
446
444
447
447
448
450
453
446
448
451
447
450
448
443
449
448
446
444
446
445
446
447
444
441
446
448
443
445
447
446
448
449
448
444
447
447
447
448
448
443
446
446
443
447
443
444
447
447
445
445
447
450
446
446
448
448
448
447
448
450
448
451
446
449
448
448
450
451
451
447
450
451
449
452
452
450
452
454
452
457
459
452
454
458
459
457
459
462
462
461
458
460
456
455
454
453
455
457
449
450
448
453
461
462
465
464
470
469
465
464
463
461
464
466
465
462
467
466
463
468
469
464
467
468
465
469
469
467
462
461
461
454
459
459
455
460
459
454
464
463
457
459
460
456
459
458
455
456
455
454
459
460
461
459
457
454
451
451
449
444
445
448
446
444
446
446
444
446
448
445
449
451
451
454
458
451
453
457
457
453
454
457
453
456
458
460
457
458
460
460
460
463
458
454
457
460
455
458
460
455
456
460
464
461
461
464
463
465
466
462
460
460
462
462
459
465
463
462
456
456
459
465
465
460
455
455
459
464
468
466
460
460
462
465
460
461
464
464
464
467
470
465
465
466
463
464
463
463
458
460
456
460
459
458
454
457
455
455
457
459
456
457
460
462
463
467
463
462
466
469
469
473
476
467
472
475
473
475
475
475
471
463
467
468
467
463
468
466
459
467
469
463
463
459
463
466
468
469
466
469
470
469
470
471
473
467
468
470
468
470
472
467
472
470
465
471
473
474
473
476
474
473
476
476
473
474
474
463
466
468
468
465
465
467
459
461
463
464
461
463
467
462
466
471
470
468
468
469
463
466
467
465
465
464
465
464
468
469
468
473
472
468
474
477
473
476
478
469
471
472
473
469
469
472
463
465
468
467
465
468
471
467
470
473
472
473
472
473
468
469
470
468
466
455
456
456
458
454
454
458
452
455
455
457
455
455
457
458
459
462
459
459
459
461
463
463
459
459
459
459
457
458
458
456
457
460
460
461
466
459
462
464
466
463
463
466
459
463
465
467
464
466
470
465
468
470
467
469
464
459
462
463
459
462
465
457
458
461
463
461
460
464
465
464
469
472
469
468
469
468
467
466
468
462
463
464
462
463
463
462
459
455
453
455
462
469
470
475
475
477
478
475
477
473
470
473
474
471
473
473
464
469
469
470
468
470
473
467
470
473
475
473
473
474
466
465
466
462
465
462
460
457
459
460
457
460
460
457
459
461
462
458
461
461
456
460
460
463
458
459
458
458
458
455
461
454
452
451
453
454
451
451
451
455
456
455
460
460
461
464
466
470
464
469
470
468
472
471
473
465
466
467
465
466
466
470
463
468
472
469
473
474
470
471
471
470
469
467
468
468
462
462
465
467
462
462
463
464
470
473
473
475
474
469
467
465
464
461
462
458
456
456
459
459
456
459
460
457
462
462
467
461
466
466
468
469
467
470
460
464
466
469
467
469
474
466
468
472
476
477
477
477
477
478
475
477
477
473
476
474
470
473
476
476
472
478
476
472
474
476
474
469
469
465
460
462
463
463
458
462
462
463
465
464
467
459
462
462
464
461
460
463
456
458
458
459
456
455
458
456
457
458
459
464
459
462
465
467
463
466
466
463
462
462
464
459
459
460
461
461
463
462
461
460
463
466
465
468
469
467
468
469
471
467
470
467
469
465
467
466
464
464
462
463
466
464
465
465
464
459
460
464
465
464
464
469
464
465
464
467
462
460
460
463
462
460
459
461
457
457
457
460
458
459
463
466
467
467
469
464
467
468
469
469
468
467
462
462
463
462
462
462
460
459
457
458
458
460
459
457
458
461
458
456
454
454
450
453
452
454
454
453
454
460
461
460
456
457
458
456
455
453
456
449
452
453
452
454
449
446
445
441
440
438
437
434
436
434
436
437
434
437
439
438
439
439
440
444
442
444
444
449
447
449
454
450
453
452
458
455
455
456
459
457
461
461
463
465
469
472
472
475
475
473
473
473
474
471
473
472
471
473
474
476
472
467
457
460
465
471
473
476
477
476
474
476
473
471
470
466
464
463
463
461
458
455
459
457
457
459
457
462
459
460
464
468
468
466
470
469
464
468
466
466
458
460
459
459
458
459
461
455
456
460
462
458
462
467
468
466
468
471
468
467
467
468
467
467
467
464
463
462
464
461
462
461
460
461
464
468
469
468
467
467
470
470
471
469
470
459
459
454
455
457
451
454
450
453
452
450
448
446
450
449
451
453
446
450
460
467
466
469
474
476
475
482
483
486
484
482
479
477
477
475
472
473
471
458
466
459
457
455
454
459
461
463
465
467
471
475
480
488
499
502
496
494
495
500
497
494
493
493
497
499
501
501
507
516
520
515
522
527
529
539
554
554
550
553
553
538
535
533
532
530
523
526
531
533
531
545
556
556
556
563
562
550
552
548
538
532
533
533
528
530
535
541
540
545
550
557
545
553
550
543
532
533
531
524
521
526
536
542
547
557
566
563
567
567
555
549
547
543
533
534
534
536
528
532
538
541
535
537
541
542
535
538
540
539
536
527
528
526
522
518
522
526
534
538
550
557
556
555
562
563
558
545
547
542
526
526
524
522
524
523
530
535
541
538
543
545
544
541
546
549
545
550
553
549
546
553
558
562
548
553
551
545
539
542
549
547
553
553
556
559
548
550
553
558
553
554
555
558
550
551
551
553
548
549
549
549
541
545
548
549
541
548
550
548
545
547
549
542
541
538
530
525
527
527
524
528
533
543
542
548
556
559
552
556
556
550
538
538
536
532
526
525
526
527
526
527
531
531
539
544
548
541
543
540
538
530
531
529
531
527
532
538
541
544
539
545
548
537
540
541
537
529
531
531
531
527
532
533
534
535
541
546
551
545
547
546
542
537
528
530
527
522
524
527
529
531
537
548
558
563
555
559
559
543
546
543
538
529
529
526
524
518
520
521
526
539
549
546
551
557
562
551
551
541
539
531
520
518
517
518
520
523
528
536
537
541
543
545
539
540
537
536
528
523
524
523
516
518
522
535
561
578
566
567
561
554
549
559
557
556
557
558
551
554
552
547
546
539
539
541
545
557
563
578
587
597
591
594
596
585
581
580
576
576
567
569
568
563
565
574
585
588
592
595
591
590
589
585
571
576
577
580
574
578
582
592
591
597
605
609
601
604
600
605
605
606
589
588
585
582
570
573
578
589
590
591
593
595
591
587
587
587
577
583
583
580
586
590
594
590
584
579
573
574
571
573
566
578
580
567
576
579
579
577
567
567
563
562
561
554
564
569
580
574
588
593
600
587
595
593
583
571
572
568
564
559
563
566
565
573
581
586
572
578
575
566
563
558
554
543
542
540
544
552
570
594
596
602
615
616
606
610
615
614
595
593
593
593
597
593
586
593
599
611
604
605
604
600
589
586
580
579
583
582
583
575
583
589
598
603
616
629
630
618
627
624
611
610
610
614
619
611
621
615
599
604
597
581
588
589
599
599
621
639
644
633
649
654
640
630
630
628
617
608
613
620
619
611
630
651
663
642
648
632
611
618
611
599
599
602
606
593
597
604
611
602
608
614
620
606
617
623
623
606
616
623
622
612
625
637
635
620
626
633
640
622
625
631
633
613
625
622
626
615
627
625
620
614
618
621
605
614
618
615
605
613
613
604
601
604
610
603
611
614
621
606
613
616
616
604
607
608
603
594
602
608
610
605
618
624
615
611
617
620
608
612
618
627
615
623
617
602
592
587
579
578
576
588
599
618
605
619
625
630
617
622
624
615
613
616
616
609
618
627
627
626
640
657
657
654
663
662
642
648
649
635
629
639
652
648
651
657
665
642
657
661
642
628
619
612
616
619
628
651
668
653
677
683
697
672
688
691
685
656
665
672
668
649
665
685
692
671
693
705
709
676
691
680
664
647
649
653
654
653
682
702
681
673
661
623
625
599
601
587
590
595
600
598
607
612
617
601
604
604
611
616
614
638
655
658
651
675
682
647
628
629
635
628
625
631
638
640
627
642
666
696
675
668
675
682
670
667
671
680
670
670
689
727
728
707
725
723
696
676
678
682
657
658
667
681
665
689
672
645
644
627
633
624
614
621
628
642
628
632
641
655
646
649
653
656
642
650
660
673
653
665
674
682
653
661
654
639
657
674
680
678
691
697
674
680
683
661
658
652
644
633
642
656
652
676
692
699
685
685
678
650
649
631
622
634
641
636
649
657
663
642
647
651
646
637
642
640
640
621
624
626
631
617
631
639
630
613
610
610
609
602
610
620
633
617
623
629
634
627
635
646
660
655
646
660
675
687
677
688
693
672
665
673
666
647
657
660
652
643
650
673
687
664
676
698
704
704
691
699
693
686
653
651
648
666
662
672
693
714
696
707
728
738
699
693
678
655
634
637
647
675
675
705
723
714
674
689
693
695
671
674
683
680
657
669
681
695
684
689
664
644
655
676
705
697
717
726
716
684
692
687
680
661
677
690
713
670
674
678
672
654
659
668
645
641
643
650
646
667
689
669
659
657
654
637
623
627
647
667
657
675