794
698
926
882
807
857
798
300
392
728
692
674
649
646
602
575
552
547
537
541
541
559
478
578
515
510
500
498
495
505
514
515
531
533
548
593
703
702
711
682
633
591
569
545
536
542
536
533
539
599
716
759
746
735
776
852
712
733
739
760
770
752
494
937
637
609
634
747
784
701
749
729
697
712
726
706
711
713
669
674
644
695
819
670
688
714
778
767
700
737
678
682
728
832
836
695
862
687
732
679
686
684
658
676
701
705
777
807
679
840
647
698
668
665
622
666
627
643
678
727
701
685
729
733
748
733
732
930
929
760
979
882
765
732
734
716
738
810
685
810
790
823
796
700
940
859
729
817
785
703
946
848
820
939
1048
858
826
935
736
775
798
679
748
786
845
713
1000
936
949
903
960
1005
813
757
973
1022
916
1047
994
995
987
986
886
888
1029
846
1031
963
854
956
1044
862
888
800
947
722
901
846
728
937
865
722
855
856
920
970
970
881
1012
993
969
963
947
1008
756
769
830
733
811
863
1004
941
947
953
966
959
958
970
965
964
961
957
965
968
961
956
926
713
727
673
762
925
902
728
993
933
939
938
949
948
943
942
940
938
938
935
950
944
948
948
945
961
959
949
953
963
955
955
966
964
965
955
965
955
942
936
839
1010
926
809
1022
940
959
956
963
971
967
962
953
953
949
936
950
938
938
932
943
948
948
942
949
947
943
939
938
941
869
753
751
880
907
911
751
952
966
926
931
929
932
930
899
888
899
895
798
809
941
902
905
745
889
746
758
855
703
929
914
959
763
1003
929
933
938
919
896
741
903
858
891
902
752
991
926
931
921
898
886
885
854
716
933
865
876
721
922
731
788
885
719
937
752
764
716
699
727
918
866
905
896
877
865
882
896
922
960
966
963
795
960
1007
898
831
1014
886
759
810
944
895
868
852
930
965
947
937
946
947
891
959
928
925
768
949
877
925
786
969
898
854
746
908
850
933
754
987
923
929
927
932
933
931
932
933
852
814
827
727
952
891
962
882
999
928
775
1010
938
939
755
909
858
880
907
754
948
911
899
780
780
886
840
861
887
886
877
852
839
703
855
813
866
753
763
913
902
958
778
1006
896
904
768
912
899
949
796
1006
943
944
943
951
947
938
934
935
943
939
937
937
944
833
854
760
868
832
886
758
965
910
949
765
1001
926
838
875
856
831
731
882
862
988
924
885
971
897
882
742
885
829
829
835
712
920
918
953
801
1012
916
775
777
917
871
909
756
979
906
790
895
907
920
897
771
939
851
836
717
846
808
812
701
850
835
894
861
713
882
801
782
692
716
820
822
806
697
818
829
854
840
718
882
856
819
714
746
849
774
765
705
712
762
815
731
751
843
678
806
694
713
705
684
679
691
702
771
692
706
682
663
703
773
743
713
824
848
891
756
783
883
825
750
763
895
835
872
752
878
749
867
685
735
797
860
857
753
927
847
870
758
979
884
779
870
742
758
864
738
742
854
847
928
863
836
925
933
878
917
923
914
758
867
859
977
982
831
820
849
704
709
729
813
796
687
727
808
698
865
700
728
685
711
815
799
705
852
829
838
880
841
681
843
805
779
705
720
699
790
820
846
844
705
904
868
905
905
880
738
919
893
778
922
752
825
752
777
829
676
725
707
687
661
660
646
646
620
598
596
634
642
617
614
673
755
700
705
770
674
733
839
808
721
719
733
719
703
693
631
651
655
672
671
658
414
918
650
644
637
634
634
652
660
632
655
760
741
706
793
693
735
713
695
681
682
683
703
696
689
663
621
590
566
554
566
576
592
589
572
578
592
648
646
688
759
768
752
832
845
837
791
993
806
839
834
829
816
898
850
776
1001
811
935
869
920
734
738
723
813
815
730
974
982
888
1050
898
929
904
776
705
653
636
610
607
643
622
670
666
637
487
744
576
561
553
541
549
638
902
822
871
879
914
957
985
979
997
991
911
791
748
726
744
762
916
836
745
858
684
683
660
660
792
844
869
913
854
931
941
808
1016
957
804
793
744
733
726
669
729
820
826
772
779
749
716
736
748
739
716
671
642
621
579
565
544
528
521
507
510
496
493
486
484
485
486
487
479
482
510
530
553
557
547
531
530
527
536
526
519
525
528
515
502
504
514
565
596
636
627
600
640
688
476
920
668
638
730
723
694
753
779
830
750
803
807
770
799
829
793
750
754
799
897
773
904
926
816
771
974
813
787
854
1028
745
894
939
821
837
927
756
906
803
767
467
405
857
848
720
849
801
836
835
819
861
864
860
753
875
865
738
768
722
697
698
725
684
772
764
710
687
681
669
639
699
739
729
747
795
785
785
746
759
742
698
687
688
691
674
685
663
636
613
601
614
655
685
686
672
709
731
705
718
761
739
674
702
685
698
674
703
724
696
678
744
755
694
759
812
794
768
789
751
722
728
800
738
760
795
760
731
754
726
699
700
702
744
723
700
678
651
619
632
652
706
769
770
741
815
795
791
770
745
723
684
646
657
688
515
880
618
647
730
795
812
987
927
971
1003
991
944
736
666
643
667
667
623
676
836
826
813
735
779
876
801
796
706
688
654
694
752
702
712
797
877
707
739
784
945
806
812
805
832
853
831
893
1034
988
940
776
784
801
774
727
693
770
886
799
727
816
850
797
764
888
929
867
729
793
792
833
779
835
1007
999
845
769
813
775
762
756
701
676
747
823
730
703
695
700
662
646
623
626
610
595
618
629
618
582
559
563
560
533
533
525
529
529
519
515
508
500
510
520
509
498
500
531
553
534
505
497
491
487
482
479
479
479
479
475
475
477
490
508
525
519
517
528
537
544
525
519
521
535
553
560
538
524
525
524
530
523
524
545
566
554
543
547
557
570
556
555
556
599
604
595
574
592
600
622
596
591
593
630
603
583
588
604
575
565
547
543
528
517
507
502
502
515
555
563
545
556
591
605
620
573
606
604
585
549
533
528
520
496
485
483
477
477
472
473
458
453
443
444
438
435
426
428
424
425
418
417
415
416
409
414
409
410
409
411
409
407
406
401
398
399
396
392
396
389
393
389
395
390
393
387
387
386
387
386
380
384
384
391
385
383
383
383
386
381
382
379
385
382
384
380
383
378
379
381
377
381
378
383
381
379
381
378
379
376
380
378
381
378
381
379
381
378
377
380
376
382
761
380
380
751
377
374
379
376
377
376
373
376
371
376
371
374
373
374
373
370
372
745
747
374
371
373
368
371
371
371
371
369
369
369
370
365
371
371
370
370
366
369
366
368
370
368
369
368
371
363
371
367
370
369
365
370
364
368
367
367
368
365
368
367
368
365
369
367
368
368
364
367
361
366
366
365
366
366
366
362
366
363
365
364
360
363
360
365
361
361
361
361
363
358
362
362
365
363
361
364
361
365
361
364
364
363
366
360
409
322
366
364
361
363
360
366
361
360
362
362
365
359
362
361
363
362
361
361
359
363
361
362
361
362
363
360
360
364
363
363
363
364
360
365
364
364
367
363
366
363
367
364
367
365
365
368
365
368
366
370
367
369
371
367
367
365
370
365
368
366
365
367
361
364
363
364
362
363
364
361
362
359
364
360
364
359
357
361
358
357
358
362
362
358
359
358
364
358
360
360
359
361
358
360
360
360
360
357
360
357
361
357
357
358
356
359
354
358
357
358
360
355
358
359
360
360
357
360
357
362
359
358
358
360
360
354
361
360
358
359
715
356
358
358
354
357
354
356
356
354
355
355
358
354
354
357
356
356
352
360
357
356
357
354
357
713
355
353
356
357
357
356
355
357
356
357
358
358
359
356
358
352
358
356
355
354
352
354
352
354
351
351
354
350
353
353
355
354
350
354
354
354
354
351
355
352
356
352
354
356
355
356
352
358
355
358
354
354
358
353
354
355
357
358
355
356
352
357
356
356
357
353
358
355
358
358
358
360
354
361
362
364
363
364
367
362
365
362
366
364
367
366
364
365
363
365
363
365
362
359
363
721
360
362
362
358
361
359
361
360
357
359
358
359
354
360
359
359
358
355
358
357
360
360
358
358
357
358
356
360
356
358
360
359
358
356
362
359
358
357
357
359
355
357
357
358
357
354
354
355
357
355
354
358
354
358
354
357
358
358
358
713
357
358
374
491
558
357
354
354
352
352
355
352
355
354
355
356
283
778
356
357
354
357
356
360
358
359
360
355
356
359
356
355
354
355
354
353
353
354
354
353
354
348
354
353
354
353
349
355
352
354
354
349
353
349
353
350
349
350
349
699
351
353
703
349
353
352
352
351
349
354
350
352
354
353
356
351
356
354
355
354
353
354
351
354
354
352
352
351
354
350
353
350
354
355
351
353
352
354
353
353
354
351
354
352
353
352
353
355
350
353
354
354
354
350
353
351
354
352
354
353
352
354
352
356
357
355
357
353
356
355
356
355
352
354
708
352
354
356
709
352
354
354
353
352
350
354
351
351
353
349
354
352
354
355
353
352
353
354
353
352
349
276
426
347
353
350
351
354
348
351
352
353
353
351
352
350
355
349
353
352
354
352
349
354
352
352
355
350
354
349
354
351
351
355
348
353
354
354
356
354
355
351
357
353
353
351
349
352
348
350
349
350
354
348
351
351
352
352
348
350
350
351
350
349
354
350
352
349
351
353
351
351
349
353
351
351
351
347
352
348
351
350
346
351
346
350
347
350
352
349
349
346
352
352
353
353
352
352
351
354
352
352
353
350
355
348
354
353
352
352
350
354
352
350
352
346
350
346
351
346
348
352
345
348
349
349
350
346
348
346
349
346
349
352
346
349
351
349
348
353
351
352
354
352
352
354
354
355
352
353
353
354
354
354
359
356
357
361
365
364
362
366
369
372
370
370
371
376
384
381
378
386
390
391
390
394
396
393
391
395
399
402
399
397
405
408
407
403
400
403
406
405
401
410
412
408
406
841
418
417
430
431
427
425
422
431
435
430
426
425
428
437
444
450
442
439
441
452
459
451
447
453
462
459
446
441
458
446
440
455
456
451
450
459
465
461
452
450
462
455
449
450
462
463
455
455
453
460
452
454
450
443
442
440
444
446
442
438
434
429
439
441
438
441
461
475
471
469
481
495
494
490
514
507
493
496
506
514
506
489
493
503
511
504
494
494
510
512
510
500
509
522
506
509
519
515
507
497
509
521
514
503
496
504
510
499
491
483
479
476
477
471
469
467
474
485
488
486
478
477
488
479
474
476
480
477
477
478
490
490
483
483
495
493
488
486
502
500
498
501
523
511
514
518
523
520
508
512
516
512
507
509
519
518
509
503
506
513
504
499
510
513
504
502
509
518
510
496
488
484
485
497
489
490
492
502
518
533
532
521
523
534
524
513
511
514
511
500
497
510
514
518
514
521
542
538
528
511
505
504
506
511
518
502
508
503
496
501
494
492
493
500
506
498
499
514
514
508
505
514
519
512
511
531
527
521
509
510
523
525
525
514
510
521
521
517
517
527
535
521
522
528
532
530
517
517
524
518
513
513
525
531
519
522
531
532
529
517
521
515
508
509
514
527
526
521
527
537
536
529
521
529
525
524
515
512
519
521
507
510
510
511
512
504
501
497
501
507
503
497
504
508
516
509
506
502
504
507
499
497
508
505
503
507
515
519
512
506
508
506
504
491
489
492
483
481
481
481
476
468
469
465
463
454
461
450
449
444
448
440
442
438
444
436
437
436
441
438
439
435
439
435
434
432
434
432
433
427
428
423
426
420
424
417
420
414
417
411
410
406
404
403
399
402
394
397
394
403
397
400
398
398
397
395
393
391
395
393
393
391
390
391
390
389
387
385
383
389
384
391
386
390
386
388
385
384
386
384
389
386
387
388
386
384
383
385
383
388
388
385
389
382
384
381
385
383
388
387
386
385
382
386
379
384
385
384
382
384
381
378
380
380
382
379
382
380
377
378
378
377
379
377
375
373
376
373
374
373
370
374
367
371
370
371
371
368
369
367
370
370
369
371
364
368
368
371
369
364
367
362
365
364
366
366
365
366
364
367
367
365
368
364
368
365
366
365
363
366
364
363
363
362
367
360
365
365
367
366
366
366
364
365
365
365
365
363
367
363
363
365
365
365
363
367
365
366
366
361
366
362
364
362
360
364
362
363
363
362
363
362
363
363
361
365
363
362
364
365
365
360
365
363
362
364
361
365
363
364
364
363
364
361
364
360
364
364
359
363
362
365
366
362
365
365
366
363
361
361
358
360
360
356
359
355
357
354
354
358
354
355
356
354
358
352
355
356
358
357
354
359
356
359
358
354
359
357
359
360
356
360
359
360
359
359
359
357
359
359
357
359
357
360
357
356
359
354
359
358
360
360
360
361
360
362
361
358
361
357
359
359
356
358
356
357
357
359
358
355
361
358
359
358
354
360
354
358
356
353
357
354
356
354
353
707
356
356
356
354
353
354
357
354
356
354
356
356
353
357
355
357
356
354
358
354
358
355
355
357
356
358
356
358
360
358
358
357
361
359
361
361
358
363
359
362
364
361
362
358
359
363
361
363
359
362
361
359
362
356
359
357
358
359
353
359
355
356
357
354
354
353
353
354
351
354
349
354
353
352
355
348
354
352
352
352
350
351
350
350
353
349
352
347
351
353
350
349
348
352
354
348
352
354
354
354
354
355
354
355
357
354
360
354
357
356
357
361
354
357
359
359
357
356
358
355
355
355
355
357
354
358
357
357
358
356
359
714
357
359
362
360
719
362
363
358
360
361
358
361
365
363
365
367
369
370
373
368
372
375
376
377
375
373
376
375
375
373
375
373
377
379
374
377
379
380
384
379
386
389
388
389
393
395
396
396
394
403
399
396
396
392
397
398
398
398
399
406
407
406
410
412
417
415
409
409
413
415
418
417
410
415
409
411
409
407
404
407
413
420
417
416
425
427
429
423
431
434
430
430
437
434
431
426
438
438
434
433
440
447
442
436
446
447
444
440
449
448
443
443
439
444
440
434
431
430
429
425
419
430
429
427
428
439
451
447
445
456
461
460
455
455
465
467
461
454
453
450
458
462
468
466
465
469
472
479
484
478
472
469
468
470
468
461
461
473
470
472
475
483
474
468
474
474
473
464
464
466
466
465
462
464
456
458
453
447
443
439
445
445
444
444
442
450
452
454
451
450
458
467
471
468
475
484
484
482
477
479
482
487
479
477
475
479
487
479
474
473
480
475
473
474
479
479
473
470
460
466
466
462
462
461
469
474
479
474
471
474
473
479
471
473
470
478
471
465
464
465
469
465
466
467
481
479
470
475
480
488
482
482
483
492
488
477
471
464
463
462
466
460
455
459
465
479
477
478
479
488
487
485
492
493
491
483
485
484
473
469
472
467
463
472
474
474
471
468
477
475
475
473
475
474
475
470
466
466
467
469
463
458
459
457
457
452
448
451
449
446
449
452
450
448
452
452
457
459
461
458
455
465
468
472
468
469
472
463
460
466
472
464
462
461
463
466
459
458
456
459
465
468
473
468
474
471
475
464
459
458
458
460
452
451
454
456
456
453
459
461
464
466
462
468
470
469
463
464
475
468
467
467
479
476
475
470
468
475
471
467
466
475
466
462
467
469
466
461
463
463
460
461
458
460
464
467
460
459
468
467
466
462
468
465
460
460
460
464
461
462
459
462
460
461
464
456
457
458
457
454
451
453
450
451
452
449
445
441
443
441
446
445
444
445
445
451
455
449
446
447
452
445
440
441
443
444
438
439
444
444
440
440
445
446
445
443
446
448
449
458
453
448
451
456
454
448
448
443
440
441
441
445
438
441
442
444
444
440
444
450
454
454
452
464
470
470
473
485
487
484
478
475
478
473
469
465
475
476
472
472
478
482
477
471
475
479
470
468
466
465
460
458
454
459
459
463
458
458
460
461
470
476
471
467
467
463
466
457
454
451
450
448
449
448
444
447
450
451
454
451
451
460
456
455
462
460
459
453
455
457
451
449
446
446
446
447
441
445
444
442
439
439
441
439
440
438
437
440
441
438
438
447
449
448
447
446
449
449
445
444
452
448
446
445
438
439
439
438
436
439
442
443
442
438
444
443
442
438
443
444
441
440
438
440
438
438
433
437
432
435
430
431
430
434
432
429
422
421
419
416
414
410
414
405
409
409
412
412
404
405
405
402
400
400
399
401
400
407
403
409
405
409
404
406
404
399
401
398
401
400
402
401
400
400
397
396
396
395
390
392
393
397
393
395
392
392
392
390
393
387
395
391
395
392
392
390
390
391
387
392
391
390
391
390
390
387
388
376
400
384
385
381
381
383
379
380
377
383
379
382
382
380
382
374
382
373
378
378
374
377
370
376
374
375
373
371
375
367
371
369
369
369
369
370
367
368
367
370
369
369
370
362
368
364
366
366
364
368
363
367
365
365
370
364
368
367
368
367
370
370
367
369
736
368
370
370
367
371
368
369
369
365
368
364
366
367
365
369
366
368
369
371
370
369
370
367
371
373
373
373
371
374
369
376
373
378
375
378
378
375
378
374
378
380
378
377
375
378
373
422
323
378
373
375
377
369
375
372
374
371
372
372
371
370
366
372
369
368
367
364
366
365
363
362
368
365
365
366
361
368
366
365
366
363
364
359
364
362
364
365
361
363
360
365
361
364
360
362
363
359
365
362
363
363
359
363
359
359
359
359
360
358
357
354
356
358
355
361
355
358
357
360
359
358
361
359
359
361
358
361
356
363
354
359
358
356
357
354
355
357
357
358
354
361
356
358
359
357
359
354
359
359
362
362
359
360
356
362
359
359
356
357
359
355
357
357
358
359
355
358
356
358
357
354
358
354
357
354
357
358
358
359
353
359
355
355
355
355
359
353
357
357
356
356
354
355
354
352
355
351
354
350
353
350
354
353
354
353
348
354
353
354
353
349
354
354
354
353
352
353
351
353
351
352
355
349
354
352
354
354
352
354
349
354
351
354
354
353
352
349
354
351
350
353
349
352
347
348
350
347
351
346
347
348
347
352
345
350
346
350
350
350
347
343
349
350
347
347
345
349
349
347
350
349
349
345
352
349
349
352
347
351
343
349
348
348
347
342
347
348
347
348
340
347
348
342
345
342
346
342
343
345
342
347
341
343
346
347
345
340
345
345
345
344
340
346
342
344
345
339
344
340
343
346
343
346
337
343
344
343
344
338
342
345
343
344
337
345
343
341
341
338
344
341
339
342
339
344
338
341
341
342
345
336
342
342
343
343
338
345
339
342
341
341
344
338
344
338
345
343
338
345
341
344
343
342
345
340
345
339
344
344
345
349
340
343
345
346
344
342
344
343
347
344
346
346
347
348
342
349
341
346
345
345
347
342
349
343
345
344
342
347
337
346
340
344
346
340
340
340
343
339
342
341
336
342
337
340
338
338
342
335
337
340
339
340
337
341
339
340
340
335
342
675
335
340
343
334
342
338
341
340
338
342
336
341
334
337
340
337
340
335
339
341
338
339
336
340
337
338
336
335
339
333
334
337
336
345
326
340
337
337
337
334
339
334
335
332
334
339
332
336
334
336
339
334
337
333
338
332
334
673
337
332
336
335
336
338
330
333
333
337
336
332
335
334
334
336
332
336
332
336
331
336
336
336
335
329
334
334
332
336
330
337
330
331
332
330
335
328
333
332
334
336
330
336
331
337
333
335
335
331
336
328
334
331
331
337
329
333
334
337
335
332
337
333
335
332
332
338
333
335
331
336
335
335
334
331
338
330
332
331
331
337
328
337
332
335
335
332
334
332
337
330
339
331
336
337
339
339
336
340
335
339
334
337
338
338
338
332
341
337
337
338
336
341
334
341
334
340
338
339
342
335
339
332
340
339
338
339
334
342
334
335
334
335
339
336
338
332
335
335
336
341
338
337
334
340
339
340
340
336
340
337
336
337
334
341
335
339
333
337
339
337
338
334
340
336
336
335
333
338
329
334
335
336
337
330
336
333
334
334
329
335
330
333
327
331
330
328
334
325
329
327
331
330
324
331
325
330
325
327
329
327
329
325
328
332
329
332
327
335
326
328
328
328
333
324
333
329
330
330
326
331
326
329
327
327
331
329
327
322
330
327
328
327
323
329
324
325
325
325
329
326
329
323
325
326
326
327
322
325
327
324
327
323
327
322
322
328
319
327
322
323
329
318
323
325
325
328
320
325
319
325
324
327
324
322
327
326
325
327
323
329
323
325
326
327
331
323
328
329
331
326
326
331
326
325
324
326
331
323
331
323
329
326
655
324
331
320
325
324
326
328
322
327
324
325
326
322
327
322
327
320
326
327
325
323
319
324
324
324
325
319
324
323
325
321
317
327
322
322
318
320
326
317
323
321
324
323
320
325
321
319
323
317
323
320
320
320
321
323
314
321
321
321
321
317
324
316
318
319
318
324
317
315
319
321
322
314
320
319
322
321
315
322
320
320
319
317
322
316
318
319
320
321
316
321
321
320
318
317
322
319
322
316
318
321
319
322
315
320
322
318
322
316
323
319
319
319
318
321
314
318
320
320
317
317
322
318
317
318
316
322
314
318
319
320
321
315
320
320
316
320
319
321
315
318
320
320
318
315
320
318
319
316
316
320
313
642
320
319
318
321
320
321
318
324
323
319
326
320
644
323
323
322
323
318
325
321
320
319
319
324
319
320
318
322
324
318
323
319
322
318
316
321
316
636
318
322
315
319
314
319
315
317
317
316
318
313
316
317
316
317
313
319
314
316
313
314
319
630
315
316
317
313
319
312
315
313
317
319
314
319
313
318
312
313
316
316
319
309
313
314
314
314
311
1039
530
1259
2197
313
317
938
316
625
313
313
315
308
312
313
313
316
311
314
313
314
624
312
317
314
310
315
313
313
313
312
626
313
314
312
313
311
317
308
311
312
313
309
310
314
311
310
309
312
316
307
313
310
314
311
622
312
315
307
313
314
311
314
310
316
307
312
310
314
313
309
313
311
313
318
302
313
307
310
307
314
313
312
313
311
314
310
312
310
312
313
311
314
311
312
311
311
315
309
313
309
314
311
311
314
311
313
308
313
316
308
313
310
312
312
312
314
309
311
309
312
315
309
621
313
310
308
315
309
309
313
311
312
603
331
309
312
313
312
309
315
310
310
310
311
313
308
314
308
314
306
311
313
309
313
308
312
314
309
313
310
622
310
313
312
309
310
311
317
304
312
308
309
312
308
312
494
427
310
312
306
312
308
311
306
307
311
303
308
310
309
308
306
312
304
307
307
311
308
308
312
310
313
306
310
313
309
312
307
311
308
309
311
311
309
307
311
310
309
311
307
312
304
309
309
310
305
306
312
307
305
305
309
311
307
311
307
308
306
307
312
305
308
304
310
305
307
311
307
307
306
310
303
306
309
309
308
305
306
307
307
311
305
312
301
309
304
306
304
303
308
305
311
304
306
312
305
307
306
311
304
305
308
310
309
303
308
306
307
309
307
309
305
311
302
307
303
310
308
307
308
303
306
303
309
306
303
308
306
308
303
302
309
305
306
301
307
305
303
308
306
304
301
305
609
306
305
306
304
340
273
305
306
303
306
306
306
304
306
305
302
308
306
307
305
306
307
303
306
307
307
307
305
308
300
305
304
304
307
309
306
304
307
309
304
610
307
306
308
312
303
310
303
305
305
306
307
303
307
309
304
307
308
307
304
307
307
307
301
305
310
302
307
305
308
301
305
307
307
304
303
306
308
303
302
305
307
303
304
307
304
302
306
309
300
305
302
301
303
306
306
304
305
301
304
304
306
303
302
306
303
301
308
302
305
301
305
303
303
306
303
303
304
303
302
304
305
305
303
302
305
302
304
305
305
302
303
305
304
300
304
306
303
302
305
299
304
304
305
303
304
307
301
303
306
306
306
303
309
299
305
304
300
308
301
308
300
307
304
304
306
304
306
301
308
303
301
309
303
302
303
305
306
303
308
303
304
301
306
607
307
303
303
304
305
304
304
305
305
305
301
306
303
302
306
302
306
302
305
303
302
302
304
305
301
306
303
302
302
306
303
304
305
303
301
306
301
301
304
305
299
305
302
306
306
302
306
305
307
301
309
307
305
306
308
309
306
307
309
311
306
307
309
309
308
307
307
311
310
312
307
313
311
313
309
314
311
311
314
313
315
314
311
318
315
313
313
319
319
319
314
319
316
318
314
317
315
325
315
319
319
321
316
319
320
324
319
640
322
322
319
324
322
322
323
322
320
322
329
332
323
330
336
334
325
331
333
337
331
656
333
331
325
332
330
327
333
332
331
340
340
337
344
346
335
344
350
338
346
342
344
349
339
337
345
347
343
335
345
344
342
341
342
344
344
340
350
339
350
351
347
344
348
348
349
345
349
341
353
351
341
350
348
347
348
345
348
341
347
347
349
354
343
346
343
353
348
350
353
352
352
356
346
345
357
344
349
355
358
349
360
364
354
361
373
363
363
362
370
363
365
370
364
357
366
362
356
361
362
357
358
375
354
358
356
368
361
359
363
358
355
372
351
354
370
352
353
363
356
356
358
362
364
366
365
364
362
362
367
363
360
361
367
369
360
370
363
369
375
372
364
374
367
365
362
370
398
264
435
372
368
366
379
376
371
382
377
374
384
382
378
376
379
380
383
378
381
378
376
369
372
375
372
369
370
374
374
371
382
379
381
384
391
390
387
391
397
394
389
396
396
396
396
391
389
392
390
387
386
393
390
388
394
393
393
394
396
395
389
399
395
391
394
404
397
396
393
392
396
400
401
395
393
394
394
391
391
397
394
389
396
399
404
403
408
408
412
409
403
397
407
397
396
395
397
397
392
403
398
396
402
412
405
406
414
413
411
412
419
414
455
361
417
412
408
409
415
409
406
409
405
402
403
408
404
400
414
414
411
411
418
411
411
418
411
408
417
410
408
416
411
413
412
418
421
419
420
415
409
418
411
406
414
411
406
406
411
421
420
416
417
419
423
425
417
416
421
828
423
421
414
421
425
425
420
420
422
417
422
423
417
426
425
845
847
420
424
422
418
413
426
422
845
426
423
431
429
422
434
427
430
438
427
427
435
429
429
436
434
430
437
445
425
438
439
435
446
435
432
440
434
432
438
434
435
438
434
434
438
432
431
440
865
439
437
430
433
434
428
438
430
425
431
430
425
420
431
433
430
429
427
419
484
368
422
424
431
427
428
436
430
430
439
441
439
439
450
441
888
443
444
269
631
446
448
445
442
448
442
438
445
439
436
448
437
890
440
438
444
348
534
442
441
444
441
438
439
446
442
438
447
441
438
447
882
884
434
441
437
436
442
436
440
442
438
438
446
447
443
441
449
441
440
445
441
439
446
440
440
438
443
439
440
443
438
438
441
436
444
444
444
444
436
435
438
440
435
433
442
437
432
438
435
437
442
440
438
447
441
440
441
439
438
442
436
437
438
435
433
434
439
437
434
445
438
436
447
440
440
452
444
448
450
448
445
454
450
446
454
449
445
459
449
448
454
446
444
451
444
445
448
444
443
452
450
443
442
443
447
449
450
448
451
453
448
447
453
453
449
453
455
449
454
457
450
456
456
453
456
457
455
457
458
451
453
460
453
449
458
449
449
456
451
455
451
444
450
455
454
451
444
441
445
440
437
445
442
438
445
447
445
447
453
448
449
455
451
450
458
453
448
459
453
450
455
454
449
448
453
451
448
455
452
449
459
458
454
454
455
454
457
451
451
455
453
451
456
459
453
457
459
456
461
460
455
453
461
459
451
459
457
455
459
460
455
457
459
460
458
455
463
460
455
454
461
456
449
455
448
447
456
448
445
451
445
442
448
444
444
443
447
444
441
454
448
446
452
449
450
450
450
447
447
451
447
446
445
451
448
449
449
456
450
447
450
451
452
451
446
447
449
449
447
446
450
450
448
446
454
457
453
458
462
457
464
465
463
466
466
462
460
464
465
458
458
462
459
460
461
458
459
460
457
455
461
454
451
449
454
454
454
446
455
451
446
459
453
448
455
452
452
456
460
459
454
463
462
458
467
460
457
466
462
460
457
463
462
456
465
460
459
460
457
459
452
445
450
448
446
445
445
454
450
444
449
450
452
447
450
459
452
446
454
453
451
449
454
452
449
455
452
447
457
450
447
453
453
452
446
453
450
445
449
449
447
450
445
439
441
443
442
436
447
442
438
448
445
439
451
446
445
445
450
447
447
452
453
449
449
448
452
453
443
453
450
447
448
450
449
448
454
450
449
451
453
449
442
447
447
446
446
445
443
446
440
442
442
442
440
446
441
888
446
442
445
450
446
442
447
443
440
881
879
441
439
442
445
440
441
445
444
441
449
443
445
448
445
442
445
447
438
445
443
440
443
442
440
441
441
438
443
438
439
437
441
442
435
440
438
436
438
438
434
437
433
434
436
433
439
440
436
448
444
443
449
449
449
451
450
448
452
452
447
451
451
444
445
446
440
440
438
442
446
443
444
447
449
455
449
446
450
449
447
446
448
450
443
449
450
446
451
453
450
451
453
450
450
456
454
448
453
453
448
452
453
451
452
452
452
448
452
455
452
447
452
447
445
448
443
444
439
438
439
437
438
433
438
438
438
439
440
438
442
441
442
443
441
442
440
441
442
441
441
443
442
444
442
443
450
448
446
451
449
447
442
452
446
440
443
442
439
437
437
435
438
431
432
431
430
433
435
435
439
443
445
447
449
448
449
447
452
450
445
447
446
446
444
444
448
445
447
448
446
445
441
438
443
440
440
447
443
447
446
442
447
446
447
446
443
444
445
445
448
447
448
453
450
455
454
452
459
455
453
453
447
448
445
441
445
443
446
446
445
453
452
449
455
452
451
455
452
454
453
452
451
448
450
447
446
447
444
445
445
442
446
444
442
445
444
443
444
442
446
446
447
450
445
453
453
449
450
450
449
446
445
447
448
445
448
442
445
446
443
449
447
449
451
448
450
451
446
451
450
446
449
443
444
443
440
440
435
433
435
432
434
435
436
437
439
439
445
441
445
448
446
447
446
448
450
446
450
447
447
448
445
441
440
444
447
449
445
449
446
447
445
442
448
448
450
453
452
455
454
455
455
455
458
455
454
451
453
450
454
448
448
447
442
444
443
441
444
441
443
442
440
443
445
438
442
439
439
440
440
442
439
438
441
441
438
440
437
437
435
434
437
437
433
436
436
436
437
434
437
436
435
440
442
439
444
441
444
442
442
446
444
440
446
441
444
442
439
443
442
436
442
443
437
434
431
433
435
431
433
431
431
433
427
430
432
432
432
433
435
437
437
438
438
435
437
438
434
440
441
438
440
438
440
437
436
439
437
438
439
438
436
437
435
437
438
436
438
438
437
438
434
438
438
434
437
437
437
437
435
437
435
436
438
440
436
438
437
438
438
436
438
438
436
434
432
431
436
432
436
436
433
438
438
436
438
437
436
438
437
438
435
434
439
439
437
442
443
442
443
441
442
439
437
438
434
436
438
431
433
435
429
431
432
427
427
428
426
427
428
428
428
424
424
426
423
425
427
425
428
426
426
424
426
427
430
428
433
433
437
435
437
437
439
437
438
438
438
439
441
446
449
446
448
451
451
446
443
440
439
437
435
430
430
433
424
427
433
431
427
435
445
445
452
447
445
458
461
461
463
465
469
470
467
464
458
453
445
444
445
444
447
448
450
458
467
467
483
488
485
495
503
497
496
496
489
497
489
488
491
489
490
493
487
483
478
469
474
472
461
470
466
467
465
464
468
478
478
491
492
479
497
494
490
495
498
499
489
502
498
503
490
508
505
513
493
513
498
493
487
493
494
491
496
502
496
512
510
495
506
489
497
495
497
489
496
495
491
495
493
497
490
486
480
476
473
476
474
474
484
493
497
490
485
484
472
472
473
470
479
489
493
480
488
494
496
495
497
497
494
497
494
492
498
501
506
505
519
523
530
526
544
539
530
532
531
523
518
512
503
497
492
494
496
499
498
498
497
495
495
491
491
496
497
502
497
498
489
494
494
492
490
502
505
508
510
508
505
504
501
495
490
499
506
512
519
517
526
524
523
518
512
509
496
490
480
483
483
488
486
486
483
484
481
481
482
486
500
515
508
516
531
530
535
533
552
543
530
531
530
526
516
521
521
516
513
511
511
512
506
512
511
505
506
508
508
512
518
519
518
529
531
534
535
527
523
523
523
517
521
518
518
521
518
520
516
517
522
538
538
538
525
544
542
541
534
527
521
522
519
518
520
523
526
538
554
543
548
538
541
547
539
533
523
518
507
504
499
489
493
499
499
503
511
528
524
528
536
545
540
538
533
527
528
525
522
524
514
516
508
511
511
511
513
518
518
521
519
517
523
519
519
511
510
503
500
503
505
506
499
502
505
505
512
536
545
552
586
595
590
579
591
577
564
556
559
548
533
524
515
509
507
504
500
489
485
484
483
478
475
480
488
495
500
501
499
495
491
479
479
477
474
472
472
467
464
458
453
452
447
446
450
457
463
466
469
465
462
461
457
455
453
449
449
451
448
447
448
451
451
457
460
464
466
464
466
466
469
474
481
486
488
512
521
526
529
534
522
527
522
524
522
517
515
510
507
504
501
487
492
491
505
511
521
518
518
510
506
501
496
494
493
489
486
489
487
490
507
512
519
514
520
522
531
530
528
524
519
513
506
501
496
492
494
489
489
490
513
528
542
603
601
746
779
726
253
409
634
600
595
599
582
575
581
571
562
563
562
557
551
538
528
523
518
524
530
530
539
565
563
563
580
588
583
579
595
590
582
564
573
563
555
548
548
537
537
535
534
530
530
521
538
550
547
563
562
558
576
574
568
563
572
575
571
561
554
547
529
521
511
501
497
491
489
486
490
502
507
537
549
564
571
567
561
560
569
567
554
544
552
544
546
538
535
537
532
529
529
533
528
547
540
540
532
526
523
509
503
491
491
481
481
960
485
495
524
541
569
617
639
634
618
608
602
604
588
568
571
563
555
548
554
544
536
533
538
540
542
552
550
545
548
540
548
569
584
580
584
591
595
588
579
563
563
562
561
554
554
562
568
568
565
575
567
555
559
549
544
550
559
554
554
564
567
561
571
574
569
565
575
580
575
566
578
576
573
564
569
569
571
568
568
578
581
588
590
587
602
601
597
594
607
611
603
593
600
585
571
566
567
570
574
568
568
579
588
581
568
564
563
561
554
545
537
528
521
514
509
505
500
500
506
520
535
533
556
542
539
532
527
515
516
514
517
513
512
511
502
503
499
500
497
491
488
486
485
485
485
484
485
486
494
502
505
511
521
535
560
575
590
591
590
591
591
593
582
563
547
541
530
521
526
541
548
548
561
567
568
586
600
597
595
594
584
580
583
575
564
563
563
555
556
569
578
578
586
582
587
581
572
561
554
544
532
524
519
508
511
505
510
524
567
605
646
632
624
598
565
540
528
520
513
502
493
485
480
478
475
468
465
462
465
476
492
511
556
902
848
722
775
728
722
693
643
618
616
620
601
596
604
600
589
581
593
596
602
592
589
589
583
563
557
561
555
547
559
569
557
562
559
560
541
536
521
529
531
541
538
521
517
999
488
489
484
480
472
467
469
465
471
479
483
490
502
522
577
640
713
684
670
662
655
644
619
611
604
603
590
585
590
584
571
564
578
582
573
576
556
548
538
532
527
524
528
542
568
589
593
598
617
631
641
625
624
623
619
596
589
598
596
590
580
594
623
622
623
638
646
621
624
618
624
631
616
609
609
610
608
595
582
565
555
544
543
557
568
566
588
621
638
619
617
617
601
578
554
549
535
530
524
521
521
520
519
513
515
511
506
504
500
496
492
495
496
494
496
493
497
504
500
507
512
512
515
513
502
504
496
496
491
487
482
479
481
468
470
470
466
471
476
488
498
523
546
563
573
594
317
825
565
557
541
532
525
518
512
516
521
526
530
532
539
540
537
539
543
546
545
555
558
548
547
539
537
546
541
532
528
530
527
523
521
522
517
517
521
527
529
533
546
551
561
558
550
556
569
578
578
563
570
568
563
563
572
571
573
565
561
569
572
569
576
589
589
588
597
623
619
591
580
584
578
569
560
563
579
596
585
592
583
562
579
567
566
573
593
595
1118
551
554
563
577
581
571
573
576
585
588
590
586
591
577
570
572
576
576
563
560
562
567
570
560
551
545
533
523
515
506