640
7336
658
646
276
355
651
646
540
739
626
621
617
607
609
604
595
596
594
612
646
762
800
914
840
801
771
771
730
718
728
719
697
688
697
674
683
675
680
672
662
654
640
637
610
624
617
631
648
688
733
790
771
766
745
745
752
732
689
666
655
643
660
669
699
742
782
781
719
752
790
742
734
720
667
670
646
623
606
582
623
745
755
1007
1057
1026
961
904
812
752
708
671
644
678
723
1005
945
950
921
916
912
844
851
861
796
721
689
700
716
687
699
705
717
723
765
795
771
713
683
670
641
616
598
605
611
672
745
736
751
796
888
886
803
790
789
761
788
788
747
744
747
730
733
752
758
781
822
835
785
779
761
730
745
743
782
735
696
671
673
682
705
758
801
749
686
732
772
848
825
826
804
764
761
763
749
774
811
823
876
894
817
820
801
773
764
753
748
752
787
801
870
905
875
888
844
799
788
771
760
777
784
768
772
765
737
774
783
741
725
748
802
825
855
887
886
896
863
817
778
740
736
764
766
767
703
692
677
675
680
688
704
688
675
680
667
664
678
711
777
864
891
927
916
667
1050
773
725
714
694
735
790
865
861
861
906
877
1789
888
855
826
807
787
792
789
785
744
473
258
1427
733
771
850
846
853
838
817
779
748
731
726
724
757
742
768
743
726
681
682
667
667
686
749
815
828
784
775
777
762
714
709
708
713
702
732
787
807
793
820
818
797
810
823
780
761
753
766
777
806
830
813
756
702
700
713
733
746
748
729
727
709
687
688
702
719
727
743
773
786
775
761
768
794
799
817
842
833
818
840
841
793
793
809
826
822
843
861
857
852
853
835
794
775
760
771
774
789
820
823
806
774
793
826
843
793
780
777
796
815
853
868
825
787
757
729
700
718
732
745
739
765
771
736
709
685
667
848
351
828
702
715
711
698
672
685
735
809
863
842
796
755
723
718
706
704
718
724
727
752
343
292
893
438
318
774
748
750
755
709
675
688
674
688
700
717
701
728
778
1582
817
840
795
777
761
756
747
779
832
893
881
907
858
856
882
826
811
835
773
706
691
754
817
996
914
914
894
854
856
805
765
760
778
805
894
927
878
901
857
821
800
819
773
760
741
712
732
732
725
775
865
876
928
884
854
868
897
849
857
814
807
821
837
840
875
935
896
964
949
922
929
873
808
830
889
861
924
971
903
906
878
820
810
841
839
884
886
840
831
811
835
854
815
817
832
790
808
811
814
835
831
817
809
808
793
773
779
842
844
851
875
803
764
738
738
755
734
698
684
676
658
635
618
601
608
605
610
620
639
616
590
588
593
604
587
636
784
850
320
543
847
861
854
822
832
834
831
1028
957
937
939
945
883
866
861
830
341
326
271
266
654
924
934
886
569
348
804
958
879
874
841
850
860
829
749
1018
880
903
914
860
868
866
841
854
839
806
801
814
815
842
793
724
714
675
660
678
698
751
692
667
289
424
778
752
730
690
713
719
711
683
691
688
714
710
698
560
810
667
657
642
617
599
594
609
646
704
761
764
805
900
908
902
906
879
852
866
845
827
835
839
813
820
821
798
798
780
785
741
676
702
748
896
428
520
402
504
508
392
868
697
294
400
309
803
747
732
708
709
709
756
798
811
837
850
851
854
850
808
784
759
717
707
687
696
701
754
870
938
894
903
886
857
818
774
755
770
788
811
797
816
809
798
814
1538
753
721
728
724
693
735
761
753
777
796
777
761
732
701
668
648
632
635
652
830
963
949
856
387
451
802
764
721
714
717
709
720
757
739
729
689
683
675
661
647
635
717
703
707
722
686
645
612
606
602
609
619
628
544
713
633
636
641
630
637
642
639
648
306
435
548
669
719
802
659
920
938
1782
858
850
813
778
758
765
755
729
725
708
710
682
687
705
717
705
739
749
762
773
771
746
726
712
776
835
813
832
807
757
749
767
731
750
766
769
776
790
756
736
710
663
663
664
676
671
665
645
627
622
729
688
667
666
656
647
630
621
618
626
654
646
635
626
614
609
610
600
599
611
662
973
979
993
975
1841
865
832
797
764
747
737
714
672
654
658
689
743
787
795
760
708
677
672
673
686
691
701
713
706
690
673
937
637
298
585
563
547
580
1305
887
818
500
1435
1002
921
901
861
796
729
658
642
688
733
749
772
785
782
806
850
832
821
760
746
742
543
1001
736
738
757
729
1107
899
810
752
720
690
677
654
654
653
655
649
658
662
652
646
645
636
628
637
644
713
723
765
807
781
799
788
729
688
660
635
635
619
622
631
662
663
688
715
717
688
659
608
596
611
647
694
714
766
787
784
776
762
737
700
696
702
702
727
684
738
757
782
774
723
730
700
665
681
669
661
670
665
656
638
635
619
609
593
602
598
585
590
582
582
603
646
659
651
658
645
623
602
585
578
582
593
613
650
733
808
783
798
798
749
726
709
710
714
727
708
712
708
688
677
664
631
670
662
649
1434
604
383
589
777
627
366
433
439
896
1231
604
599
590
602
1154
582
585
600
608
607
646
652
670
1376
1435
700
396
907
629
627
626
646
669
669
677
685
688
676
651
632
627
629
627
636
637
645
641
688
802
317
535
858
791
744
720
721
711
695
677
689
681
695
696
706
691
669
668
656
666
657
661
695
735
732
736
723
687
664
647
654
669
666
650
645
646
667
682
692
694
682
659
629
625
615
622
645
642
656
681
730
818
854
795
734
694
690
689
680
632
625
613
606
625
615
620
630
669
687
650
681
709
749
749
736
707
686
596
285
432
483
799
1354
606
308
432
537
758
648
667
677
653
650
608
607
619
603
597
593
585
577
584
592
620
664
682
678
678
651
644
612
604
980
582
325
693
876
608
826
319
589
840
843
777
673
713
667
657
652
665
650
631
618
607
603
584
587
603
629
675
714
708
760
664
889
705
657
666
1228
1217
607
622
589
574
564
553
540
537
547
555
563
561
564
578
680
801
804
765
722
688
648
624
605
597
586
586
584
596
604
604
576
561
551
556
551
555
557
571
565
560
540
534
542
541
540
551
588
645
657
641
2029
686
685
671
676
655
626
1180
457
671
609
604
616
605
593
590
587
576
566
568
580
595
614
647
681
699
671
656
617
585
577
566
553
556
549
544
839
257
541
534
328
680
336
279
396
333
334
337
333
669
683
496
849
342
784
887
598
756
709
297
668
476
481
406
365
313
354
327
335
269
773
602
764
336
347
678
1006
336
270
746
256
508
507
525
522
533
527
746
264
493
491
487
496
490
413
341
343
335
474
458
465
307
610
460
455
452
916
927
259
327
335
351
555
443
439
438
434
876
431
436
430
438
438
441
431
438
790
345
326
347
674
583
438
339
530
482
1027
677
412
431
434
738
562
443
337
334
610
742
352
329
673
350
320
685
357
328
339
994
352
1356
329
354
278
413
337
294
335
349
346
683
569
1138
343
337
264
414
1028
349
276
419
339
335
338
269
762
334
343
265
428
330
341
337
342
342
357
332
354
335
686
356
334
1023
325
538
414
403
337
326
339
1352
332
344
335
1029
328
336
670
671
476
397
396
400
356
450
400
395
1087
521
803
674
1013
1009
335
332
332
312
791
566
618
396
335
335
335
344
323
265
391
698
463
388
392
822
594
337
334
1006
332
553
799
337
323
561
788
342
328
547
393
390
671
348
328
1004
669
326
335
614
401
661
345
333
332
339
671
345
332
671
680
506
499
337
671
335
340
1339
849
394
392
399
676
502
393
454
339
329
337
328
350
334
343
324
330
323
336
325
343
330
1158
533
263
1092
342
333
326
337
339
344
343
338
336
334
335
673
348
337
336
267
394
337
336
338
562
789
328
336
334
592
403
336
660
559
407
1062
523
797
788
391
392
1435
348
324
691
312
323
341
664
335
343
328
343
1009
341
327
347
670
332
494
511
1124
421
411
734
531
421
416
430
421
421
425
648
345
280
852
423
308
547
433
429
424
429
424
432
377
461
426
423
413
411
407
410
810
410
1618
406
403
405
401
814
763
461
552
3099
400
396
399
400
395
399
402
402
399
402
802
400
404
396
1082
338
327
331
989
335
322
998
394
263
508
384
379
386
378
308
456
376
377
376
727
354
355
319
330
351
323
330
254
761
1140
387
379
379
731
331
457
377
374
378
405
341
981
336
343
577
369
374
565
549
743
376
257
862
938
726
327
268
383
360
726
429
381
379
381
381
290
460
380
371
373
407
336
651
332
345
333
324
335
337
337
334
331
334
342
334
328
332
334
341
331
509
379
375
756
312
429
407
394
386
391
358
314
330
326
999
326
653
333
321
637
364
322
329
330
329
313
350
650
332
321
646
336
468
388
388
387
392
580
332
325
687
311
327
330
322
333
663
316
324
339
349
328
328
983
330
333
335
324
646
649
327
526
378
437
320
379
375
378
380
378
374
378
385
668
335
335
336
342
265
718
337
468
386
1150
409
271
335
341
333
259
731
444
398
387
772
1026
334
325
339
988
369
444
402
356
1116
324
330
337
265
403
335
338
329
341
329
658
659
336
332
597
745
669
344
334
342
332
1667
666
329
334
333
519
449
398
355
355
362
456
396
392
393
391
392
395
394
362
375
438
399
391
391
394
390
363
417
397
389
390
392
396
397
397
404
373
434
413
406
411
379
440
420
414
416
415
413
413
380
391
458
418
412
386
435
417
411
416
416
389
446
427
422
424
425
423
427
380
388
489
436
376
470
436
431
424
381
457
428
417
419
423
423
426
425
433
426
430
435
445
450
451
455
460
460
457
459
455
455
453
449
446
442
434
382
467
436
435
440
380
1515
516
1025
518
820
755
515
378
383
393
389
388
391
403
584
498
944
847
395
515
450
445
448
471
488
380
387
653
498
499
495
480
472
466
458
452
451
464
488
519
565
586
577
550
416
267
327
482
476
471
475
385
554
498
503
510
513
529
387
694
534
534
522
513
509
503
385
379
630
506
502
501
393
558
496
487
397
540
486
481
487
388
563
2553
507
505
501
395
558
487
477
475
470
465
463
382
511
459
463
476
487
496
494
493
488
486
490
492
489
481
479
479
387
536
483
479
474
393
530
479
381
381
589
495
494
500
505
393
391
608
503
495
491
388
554
491
480
395
391
558
472
472
479
491
506
525
391
750
569
583
595
608
617
595
577
557
536
388
587
508
489
479
474
471
469
470
480
507
522
526
529
519
514
508
500
388
563
494
486
388
544
486
477
478
480
479
479
480
481
484
479
478
474
474
471
469
468
467
471
465
382
516
468
458
452
379
377
524
464
466
489
503
520
378
373
604
379
374
606
508
508
508
514
509
513
516
510
513
508
504
503
392
557
491
392
521
473
466
476
496
540
814
708
644
604
585
580
582
575
564
562
385
662
559
388
637
531
513
505
495
488
483
477
478
479
484
493
498
510
521
508
509
494
483
385
380
548
491
293
683
492
482
384
378
581
502
487
480
388
381
558
483
470
467
472
463
461
459
456
451
823
269
672
437
438
437
434
438
429
429
435
433
439
433
430
793
367
494
436
864
429
432
435
363
438
268
673
445
453
447
446
450
441
438
364
364
855
279
586
428
1519
271
1093
431
431
430
434
424
429
431
428
438
284
377
370
734
351
592
425
704
491
429
414
362
367
849
278
563
412
361
361
479
421
417
420
418
359
362
368
356
362
356
364
368
837
413
401
401
409
418
420
421
423
356
773
542
425
433
426
422
420
417
419
422
418
417
416
790
341
528
409
825
334
456
446
418
411
412
403
403
402
396
398
392
394
358
422
396
393
395
798
353
813
401
395
395
786
758
321
362
343
548
384
388
389
387
354
322
495
392
394
393
792
787
397
394
396
397
353
360
374
848
391
394
389
750
739
462
396
386
395
391
357
800
393
389
775
391
389
775
747
287
521
381
382
378
380
380
376
384
377
373
379
384
377
384
384
393
346
845
405
402
816
358
314
334
354
581
779
512
397
398
394
394
308
463
381
268
504
385
772
771
748
282
519
390
392
389
398
354
806
395
389
386
393
360
409
398
389
393
396
397
394
396
396
398
397
399
396
393
396
394
395
371
403
390
388
391
365
407
393
391
361
334
496
400
399
398
403
398
404
599
596
392
780
1042
334
355
617
396
395
368
314
521
395
398
398
396
398
396
394
390
394
393
389
392
392
396
394
392
392
789
396
392
393
394
391
395
393
391
527
655
397
395
366
408
396
389
369
402
390
384
389
389
391
392
765
421
402
396
761
732
507
406
405
368
1139
519
407
402
1217
406
403
409
404
808
403
400
399
403
377
428
822
412
409
829
346
361
350
627
422
423
420
422
423
378
452
420
412
409
409
813
404
402
400
396
391
392
395
394
396
396
402
405
405
409
407
408
405
406
407
410
412
406
408
409
409
409
407
370
374
459
410
405
409
405
372
436
414
408
407
409
360
373
468
414
403
404
407
405
404
406
412
362
450
415
410
412
373
455
411
771
377
454
409
405
374
436
418
420
425
422
424
429
438
438
438
434
434
435
438
441
443
373
379
522
447
434
434
436
381
473
441
435
435
380
480
442
432
432
427
421
420
376
393
462
417
414
419
427
434
372
484
438
438
444
367
510
454
447
441
440
438
440
442
438
435
433
434
375
384
491
438
436
439
376
383
552
461
376
506
450
444
440
434
366
867
432
425
425
431
438
439
452
460
365
368
630
503
365
366
630
498
479
470
463
372
367
376
557
468
454
453
377
390
386
379
390
508
440
430
422
419
419
422
423
427
360
363
375
521
441
440
441
454
457
454
458
461
461
458
459
462
368
515
461
447
367
753
516
446
438
433
427
431
369
466
423
422
358
369
490
422
725
475
419
849
469
487
502
529
842
521
727
595
490
470
1651
2173
903
452
447
441
439
438
440
442
381
485
446
442
442
443
447
449
451
446
445
442
438
429
380
455
425
420
416
420
427
431
445
469
508
516
698
355
365
611
489
484
490
359
734
366
613
496
368
370
378
373
576
477
465
463
458
460
459
370
510
458
450
445
450
441
438
438
375
376
490
438
430
431
369
377
531
457
908
900
897
453
2253
437
363
363
386
490
429
354
470
437
438
447
475
504
526
523
525
517
511
502
720
368
372
590
486
480
366
362
375
389
563
470
457
455
444
441
374
385
495
438
434
429
431
432
438
433
434
434
435
854
440
440
369
889
448
434
357
365
383
487
429
416
419
417
417
411
415
359
370
474
418
416
414
412
412
416
1199
419
413
415
413
416
1213
423
418
417
416
418
420
420
413
364
375
383
476
422
413
410
415
418
414
417
418
795
449
422
414
363
369
477
415
363
447
414
412
415
414
415
420
417
418
424
420
419
418
417
416
418
412
416
414
410
406
407
405
399
403
405
355
451
419
414
417
419
413
424
423
427
425
427
429
428
429
425
425
425
425
418
420
415
412
411
370
437
404
402
406
417
424
438
365
502
456
354
360
626
481
470
466
455
449
442
363
875
438
364
369
498
432
431
432
432
432
429
425
424
419
419
418
420
418
416
410
446
307
455
413
409
405
407
413
366
461
432
433
438
438
367
372
518
441
436
433
431
430
426
427
418
420
376
266
595
415
415
417
422
422
423
423
426
434
370
479
440
436
372
782
563
437
434
865
432
426
854
419
417
411
817
333
487
412
417
854
432
442
364
371
438
600
360
422
567
451
823
501
450
437
441
433
430
458
291
422
503
424
427
426
843
421
422
418
369
377
473
420
412
412
411
409
710
528
403
360
366
484
365
790
267
523
393
397
401
406
404
412
349
457
421
418
356
354
491
422
405
408
403
758
812
398
397
393
798
399
661
358
590
402
1135
359
517
405
407
405
816
406
403
396
397
394
1508
361
503
396
403
811
352
347
340
352
353
1063
445
451
422
1140
515
413
412
410
719
367
979
442
345
445
261
549
397
1591
798
399
1637
418
418
1558
265
361
673
339
346
347
261
358
367
753
346
555
403
400
794
397
396
388
390
777
777
383
389
391
383
390
781
394
312
482
396
398
393
401
711
469
388
386
386
386
388
1542
396
386
383
391
763
707
491
387
386
384
387
383
761
700
330
521
381
384
385
384
383
1039
507
383
383
379
767
375
689
452
380
380
377
384
384
779
699
347
351
338
360
259
781
343
351
353
349
341
344
254
773
379
765
261
492
375
370
376
372
752
376
370
748
372
371
373
376
368
377
375
379
380
373
685
832
378
375
378
376
1120
355
394
370
372
370
367
368
372
373
368
746
735
305
347
462
366
365
365
366
367
362
365
362
363
1125
333
365
1032
446
264
487
372
375
372
375
373
351
358
769
1041
417
282
347
337
530
362
366
362
369
364
766
693
1394
341
351
329
346
330
346
345
1021
693
352
1366
443
257
340
489
363
363
366
359
367
365
364
1113
346
1383
454
363
364
363
364
357
366
359
364
358
740
352
350
693
338
350
434
596
338
533
368
365
368
364
351
363
416
334
690
1040
341
342
684
505
358
364
355
364
358
359
359
1085
356
352
350
702
692
341
349
353
348
339
343
337
559
359
360
454
266
364
748
1032
359
371
313
345
352
333
340
332
340
327
343
343
356
348
343
576
356
353
347
354
707
698
346
342
360
690
354
712
350
573
345
332
335
341
588
754
343
347
1360
340
344
713
681
342
353
509
354
353
353
354
346
354
353
354
349
353
352
340
1442
330
356
695
345
350
346
336
730
3046
685
350
350
690
700
696
683
349
350
2082
1019
345
330
452
350
347
346
349
346
350
348
352
346
347
345
348
346
346
345
347
343
344
493
331
345
330
341
350
340
329
345
335
349
589
351
351
354
1082
321
354
331
688
354
343
347
327
347
341
681
336
340
339
331
349
342
343
341
482
341
678
341
340
546
341
337
350
344
350
331
337
346
347
331
348
355
348
346
681
339
330
341
338
348
339
348
330
345
352
343
337
335
335
345
335
484
335
342
339
340
534
347
336
339
344
336
698
343
349
345
337
346
337
339
520
344
344
345
512
344
349
339
339
345
349
338
348
338
345
338
688
342
336
335
488
526
338
334
339
322
349
333
342
326
557
338
345
342
489
350
342
346
685
344
346
337
356
328
681
354
324
671
341
334
349
336
343
337
353
336
330
339
337
330
357
332
337
343
347
342
335
345
335
353
338
339
351
347
344
345
332
342
681
345
329
352
337
334
345
344
337
667
354
690
341
344
690
327
346
338
341
331
685
660
330
333
1308
688
346
334
341
341
2032
336
335
679
674
603
659
441
331
345
353
338
329
670
804
528
331
340
344
328
339
340
399
570
653
339
411
272
347
1653
685
339
334
340
345
1012
271
330
334
437
347
340
337
343
339
332
353
479
496
492
514
685
344
329
672
346
335
351
331
327
341
336
350
347
693
355
337
657
340
426
574
332
443
333
339
328
336
337
529
328
330
325
325
328
558
350
332
1045
335
693
340
273
656
326
329
325
330
651
324
324
323
646
327
325
321
323
328
326
323
325
326
324
325
330
324
322
646
324
323
316
323
322
558
340
1021
334
353
338
350
568
321
322
646
640
639
610
678
338
330
461
543
1838
429
1980
2440
1340
2002
665
338
364
503
958
1283
638
646
639
325
322
323
324
318
328
320
320
387
301
397
857
869
738
1938
327
326
1363
349
356
352
365
355
1064
331
354
326
293
323
326
321
326
321
324
321
546
1385
335
1600
649
320
326
318
320
318
319
561
387
325
329
623
321
318
314
324
313
861
337
1333
688
262
319
429
331
508
318
317
863
342
688
945
636
313
321
503
344
1658
328
679
265
317
313
315
316
317
310
547
331
688
321
670
596
316
317
313
319
316
523
325
337
282
397
343
342
663
344
331
666
331
341
337
334
1023
946
398
544
313
313
313
308
539
1022
627
313
419
837
311
540
708
311
342
326
340
327
347
327
502
313
311
1229
337
341
283
628
313
313
314
315
313
311
313
316
555
1003
625
729
330
352
331
354
344
363
646
335
605
315
313
312
317
313
313
311
551
333
985
336
608
417
341
342
330
341
336
350
687
347
268
315
448
495
309
309
314
611
1257
312
313
311
313
928
308
320
615
310
314
448
479
309
310
303
1922
269
485
346
1031
1371
356
743
264
354
316
917
622
308
312
307
306
1542
308
310
307
311
307
305
930
613
311
312
309
311
310
608
332
603
310
260
359
308
922
348
315
269
307
309
307
310
306
614
356
254
306
312
306
312
382
542
308
308
616
305
933
622
309
311
305
310
917
1244
311
310
308
311
305
612
609
1235
309
307
305
310
1236
296
622
306
313
307
309
306
309
303
617
924
308
304
313
307
608
259
663
304
310
305
304
310
302
302
305
913
309
302
310
304
306
300
307
303
632
351
355
308
475
605
599
311
304
306
305
301
305
303
600
300
912
606
306
307
604
307
604
611
611
303
305
303
303
603
305
299
305
607
608
304
305
301
307
304
297
306
303
334
271
303
305
299
301
307
303
602
610
303
305
304
303
304
601
613
297
306
304
303
303
305
303
296
305
305
302
304
303
303
304
303
297
299
604
1214
301
304
299
305
301
299
308
305
300
304
308
300
308
303
306
303
306
298
305
333
572
308
603
300
302
299
307
298
890
300
1191
300
303
594
299
494
401
303
381
520
304
606
303
306
606
307
306
306
307
306
305
306
305
610
305
559
367
305
308
369
563
309
625
310
311
631
310
316
315
629
1263
319
1281
1600
320
964
323
650
319
323
653
320
324
654
322
327
654
322
327
325
327
326
334
329
326
333
334
332
325
329
334
332
331
333
676
332
337
342
338
337
1366
340
686
342
335
354
346
341
344
344
349
346
347
349
356
347
353
354
349
352
354
351
351
354
352
352
357
353
355
354
349
354
354
707
356
355
355
348
350
351
354
352
350
350
707
351
352
708
354
352
712
352
356
1071
357
362
362
360
360
364
362
366
358
364
356
359
360
717
359
718
356
357
361
355
360
722
362
365
363
732
361
369
737
364
370
369
374
368
372
745
373
374
374
375
373
373
753
377
375
379
373
381
380
377
383
384
377
385
385
381
382
384
384
383
385
387
386
770
387
383
385
389
386
386
388
388
385
778
389
388
392
385
389
391
389
391
392
392
391
392
394
388
389
395
391
386
393
391
386
392
389
388
392
392
388
394
394
389
395
395
390
396
394
391
395
396
395
396
396
397
401
403
404
404
403
401
400
399
396
395
395
396
394
396
398
394
396
399
396
394
396
396
398
398
398
396
400
395
394
393
1175
392
391
389
394
396
394
395
400
396
400
402
403
401
404
403
401
406
400
404
409
407
405
410
408
405
404
404
406
404
407
411
409
407
418
413
414
415
418
418
418
419
422
422
423
427
425
422
429
425
425
426
427
425
427
426
427
427
422
429
427
424
424
426
425
419
419
421
417
416
416
414
413
414
411
411
409
411
409
412
410
412
412
410
416
416
416
418
416
402
412
434
423
413
412
418
422
417
418
419
420
419
419
420
418
414
421
418
415
422
421
419
425
425
426
432
433
433
437
441
439
443
444
895
443
446
446
446
448
448
449
447
451
451
449
453
454
455
450
454
453
450
454
452
454
457
455
456
453
454
450
447
458
453
454
455
456
456
456
457
458
455
460
456
453
460
458
459
453
454
459
458
456
457
456
457
458
459
460
456
461
459
459
463
458
459
459
461
460
458
461
458
457
460
456
460
459
457
462
461
460
459
459
464
463
460
463
462
464
459
458
452
451
451
449
451
450
448
453
454
455
457
456
453
448
450
451
448
451
454
456
457
456
461
461
458
462
459
457
456
456
460
461
459
460
462
461
462
458
459
455
451
451
450
444
447
441
441
440
440
443
443
444
447
449
450
448
449
454
453
452
455
419
485
466
466
463
459
470
470
467
470
467
467
470
470
466
468
473
471
474
468
466
474
470
468
469
469
472
474
474
471
473
476
472
475
469
466
467
461
469
465
468
469
468
471
471
470
471
470
473
471
470
470
467
470
468
467
468
466
469
467
470
469
465
475
471
471
473
469
472
471
472
470
471
474
471
475
470
468
472
472
472
469
468
470
469
472
468
466
472
471
469
470
467
467
471
468
469
468
473
468
472
475
471
475
472
468
474
473
474
467
464
464
462
463
458
456
464
462
460
461
460
458
459
460
462
405
497
466
399
400
535
472
462
400
402
531
471
459
452
456
454
455
457
405
497
470
463
465
464
471
468
468
473
470
468
470
471
471
466
469
467
466
471
468
466
469
468
467
468
468
465
468
468
465
468
464
463
469
466
466
468
467
469
472
472
470
474
476
470
471
472
471
472
474
477
473
472
477
478
479
479
477
481
483
486
481
481
487
486
484
485
479
483
482
481
479
479
479
479
479
479
479
479
471
479
477
475
472
472
473
472
475
471
473
475
471
474
473
475
476
473
478
476
474
478
473
473
474
473
472
472
473
471
471
471
469
470
472
469
472
471
472
471
469
476
471
470
473
470
469
469
470
471
473
469
469
472
476
472
469
473
474
471
474
472
471
470
469
469
472
470
467
469
470
472
471
470
470
469
473
474
469
471
473
471
472
472
471
472
474
474
470
471
473
469
470
467
467
468
468
469
463
460
461
458
458
456
454
457
456
462
457
459
461
464
461
458
458
460
460
458
458
457
455
457
459
458
458
462
461
461
463
463
465
467
466
471
463
466
462
457
455
455
453
450
447
447
447
450
448
449
451
449
449
449
446
447
442
447
448
451
452
453
456
459
458
459
462
463
464
459
458
462
457
458
454
453
459
460
460
461
461
463
464
468
463
461
463
461
458
462
458
460
463
464
468
466
470
467
466
470
471
471
470
467
474
471
467
468
465
464
464
463
458
455
456
454
455
458
457
462
461
461
463
470
469
466
468
471
467
468
469
467
469
467
468
466
465
469
466
465
463
469
467
468
470
471
470
471
471
473
467
925
462
462
460
460
463
461
465
457
459
455
454
455
448
448
452
453
454
452
456
460
463
465
463
457
459
455
456
454
451
451
454
449
448
450
453
449
448
455
455
455
458
457
459
459
463
463
463
468
465
464
460
463
464
457
458
456
457
456
456
459
461
460
460
466
468
465
466
469
469
472
473
472
469
474
477
473
474
473
476
472
475
472
470
473
474
474
472
473
477
475
477
474
472
473
474
942
472
471
472
472
471
468
473
470
468
464
464
470
470
471
467
466
476
473
469
467
469
468
468
467
466
467
468
467
468
930
465
461
465
460
464
463
463
467
460
473
470
472
476
482
479
961
486
484
484
481
483
481
478
479
478
479
481
479
481
478
479
476
478
476
477
474
473
476
475
477
478
474
472
471
470
469
463
467
468
468
471
470
465
464
459
453
453
451
450
450
454
461
464
464
475
475
479
475
474
474
477
479
479
477
478
480
484
486
484
485
482
484
480
484
486
489
491
489
490
577
411
496
491
493
493
496
354
633
489
986
487
488
489
305
364
296
482
482
481
478
476
478
473
472
473
467
473
471
468
937
470
477
477
480
480
481
482
481
486
479
487
480
479
481
477
479
475
472
470
472
468
467
467
469
468
468
472
471
476
480
480
479
480
481
479
482
479
480
474
471
476
471
472
468
467
468
466
465
464
464
468
468
470
470
470
474
472
469
471
468
471
469
473
469
470
474
473
474
475
476
477
473
480
479
480
481
481
484
487
487
487
486
489
486
486
488
487
484
485
490
486
487
483
483
484
482
485
483
487
488
484
489
492
490
489
486
489
489
488
485
487
485
483
482
481
481
479
480
481
479
481
479
479
481
479
480
480
480
482
482
482
479
482
481
483
481
482
481
483
482
481
480
481
479
476
475
477
476
474
478
478
479
478
479
479
477
472
468
466
463
457
454
454
453
451
450
453
456
456
460
465
474
479
482
491
496
497
494
497
497
493
491
490
487
487
481
481
479
473
477
477
475
478
478
478
479
479
480
483
480
483
483
489
483
484
486
487
481
485
484
962
478
478
478
477
478
479
476
479
476
477
478
480
482
486
488
493
492
494
498
498
498
494
494
490
490
488
485
487
489
491
495
500
503
511
514
513
512
514
512
508
506
503
500
495
492
490
489
489
491
496
502
504
507
507
505
502
499
494
492
491
493
492
491
490
490
492
489
489
486
481
479
481
477
475
477
479
481
482
483
483
483
485
484
485
483
482
482
482
484
484
486
486
487
491
495
496
496
499
498
495
496
491
489
488
488
488
489
490
489
488
489
488
488
489
490
491
493
490
488
488
490
492
495
497
499
503
503
506
505
505
502
501
499
497
498
496
499
500
504
509
514
515
520
521
519
518
514
513
511
509
509
509
509
511
514
521
526
531
532
531
533
531
523
525
520
516
511
510
505
502
501
501
502
505
509
513
514
519
520
521
519
518
515
513
512
509
509
509
511
514
514
517
520
520
516
502
502
496
497
497
501
499
503
507
505
509
508
508
500
503
502
501
502
500
506
385
677
576
576
593
609
637
634
604
591
567
567
557
551
537
536
527
521
514
518
517
520
519
526
533
533
536
539
544
537
533
533
525
532
531
534
538
544
544
547
542
553
550
552
549
558
559
555
542
540
534
535
535
539
550
572
596
612
637
623
621
612
600
591
577
577
563
563
557
559
554
559
562
569
571
571
579
576
568
571
574
567
557
551
542
554
547
548
550
551
554
559
562
559
556
562
560
555
552
553
550
545
546
547
552
560
563
572
581
592
590
583
586
586
584
579
577
578
574
569
564
564
564
566
571
585
605
609
604
599
596
587
576
566
563
556
549
546
549
547
549
548
554
552
556
557
561
560
561
560
563
559
557
560
558
558
556
557
563
564
567
571
577
577
575
575
570
570
567
565
567
563
566
565
562
563
559
558
559
562
566
570
574
581
583
579
575
576
568
565
562
559
555
548
545
545
545
548
556
563
573
581
585
585
590
585
581
574
572
567
563
563
566
569
571
577
586
592
591
588
588
574
574
569
567
563
560
560
560
557
551
547
551
557
564
575
580
578
579
576
572
568
569
563
563
562
563
561
562
563
565
563
564
566
568
564
564
565
564
563
565
568
569
569
570
568
571
564
571
569
559
553
540
540
534
530
529
528
524
521
521
516
523
535
642
1128
870
763
647
656
639
633
616
604
592
581
567
563
553
551
544
543
542
544
565
588
598
607
626
619
599
596
464
362
348
575
568
563
553
556
560
562
571
571
584
590
586
585
585
582
578
573
579
574
573
572
577
579
575
577
581
583
585
584
589
592
592
589
592
589
587
590
587
590
587
585
589
587
587
586
595
604
608
611
616
610
611
608
610
601
597
597
588
583
580
585
582
589
595
605
608
611
617
608
607
603
602
593
589
591
595
592
596
600
606
607
611
616
614
614
608
609
604
602
600
600
596
596
597
603
603
604
605
608
604
603
604
601
595
591
590
589
591
588
596
598
605
606
608
597
599
594
596
585
588
586
581
578
569
568
567
572
571
577
576
581
571
573
568
566
567
567
568
570
572
571
568
1122
553
548
544
542
535
524
519
519
521
554
1257
797
879
912
883
774
901
692
727
702
687
655
635
624
614
612
607
610
602
601
616
605
577
592
581
576
571
575
585
596
605
619
639
635
636
622
619
590
606
596
589
583
579
581
580
578
580
587
596
602
610
610
605
604
581
591
580
578
570
571
571
573
575
578
588
595
595
599
600
602
597
590
585
585
585
584
583
584
591
596
599
600
609
611
606
602
596
590
583
577
579
581
582
582
589
586
586
573
571
562
1091
536
1065
533
528
537
544
549
563
568
593
598
1189
597
591
590
577
584
573
566
568
563
561
553
547
542
547
555
577
630
683
711
735
701
677
656
623
623
608
593
593
584
582
574
573
574
583
602
627
655
674
676
667
645
638
622
610
601
590
590
583
579
576
581
584
595
601
622
632
637
638
632
624
611
604
590
579
577
571
574
577
588
589
595
594
599
594
589
586
585
578
571
572
565
563
563
568
573
580
583
598
616
619
616
613
609
602
592
588
574
567
560
559
553
558
562
572
591
602
609
621
613
607
601
596
580
572
563
555
548
542
542
546
554
566
590
613
611
602
593
588
570
560
551
548
543
542
541
543
542
548
554
569
587
600
605
613
612
608
602
600
596
587
583
580
576
569
571
571
581
588
597
600
599
603
597
595
590
590
585
584
582
587
587
591
594
602
604
606
608
605
599
594
592
585
583
579
582
584
588
594
607
615
621
621
623
611
604
598
589
582
577
576
573
582
589
604
615
633
639
633
619
614
607
599
590
582
579
572
568
565
568
573
583
604
626
641
649
646
643
628
618
609
599
591
584
584
579
579
582
592
602
611
618
625
618
618
614
608
600
597
591
586
581
582
584
585
592
597
606
605
609
605
607
602
597
593
584
582
580
586
589
603
613
629
633
634
639
625
617
610
599
594
588
583
580
579
583
585
598
609
632
641
646
644
633
626
612
604
593
584
579
570
572
573
583
596
613
638
654
667
665
648
635
622
612
601
593
579
569
563
563
566
576
588
599
606
612
609
607
603
603
597
594
592
588
587
586
590
591
596
602
613
615
616
614
615
609
604
603
594
592
588
591
584
588
587
590
592
594
600
601
601
596
595
588
582
575
576
576
576
579
587
588
575
566
563
566
567
573
578
584
588
597
599
599
596
600
596
592
589
588
586
589
591
600
606
615
617
623
614
608
602
594
587
582
581
581
578
573
577
581
586
594
601
608
604
599
592
588
583
578
579
581
583
586
589
586
580
575
592
593
584
582
580
576
570
566
564
562
554
548
545
548
556
568
583
620
665
660
650
629
625
617
609
602
591
581
571
567
560
556
555
559
573
601
619
642
665
688
676
646
632
622
610
599
590
581
587
595
587
586
595
598
606
612
612
604
594
587
1147
565