Time	Ex Time	Time (Clock)	Speed	Grade	VO2	VO2	VCO2	RER	RR	Vt BTPS	VE BTPS	PETO2	PETCO2	HeartRate	HRR	BR
(min)	(min)	(Clock)	(MPH)	(%)	(mL/kg/min)	(mL/min)	(mL/min)		(br/min)	(mL)	(L/min)	(mmHg)	(mmHg)	(BPM)	(%)	(%)
0:16	 	09:29:11	0.0	0.0	6.0	428	350	0.82	13	849	11.3	104	36	 	 	92.7
0:19	 	09:29:14	0.0	0.0	3.3	237	185	0.78	17	415	7.0	105	35	 	 	95.5
0:24	 	09:29:19	0.0	0.0	3.7	263	205	0.78	12	591	7.4	104	36	 	 	95.2
0:27	 	09:29:22	0.0	0.0	10.2	731	579	0.79	18	1009	18.4	105	35	 	 	88.1
0:30	 	09:29:25	0.0	0.0	4.5	326	263	0.81	21	517	11.0	106	35	 	 	92.9
0:33	 	09:29:28	0.0	0.0	11.5	829	652	0.79	22	892	20.0	101	37	 	 	87.1
0:37	 	09:29:32	0.0	0.0	13.6	980	756	0.77	25	904	23.0	102	36	 	 	85.1
0:44	 	09:29:39	0.0	0.0	7.1	507	410	0.81	10	1259	12.4	103	36	 	 	92.0
0:48	 	09:29:43	0.0	0.0	1.9	133	98	0.73	15	322	4.7	99	37	 	 	96.9
0:52	 	09:29:47	0.0	0.0	10.4	748	587	0.79	14	1379	18.8	107	33	 	 	87.8
Start Exercise																
1:02	 	09:29:57	1.1	0.9	2.2	157	118	0.75	7	654	4.5	96	36	 	 	97.1
1:04	0:02	09:29:59	2.7	1.0	16.8	1209	834	0.69	24	958	23.3	93	39	 	 	85.0
1:07	0:05	09:30:02	3.0	1.0	14.3	1029	773	0.75	21	1114	23.9	102	35	 	 	84.6
1:09	0:07	09:30:04	3.0	1.0	9.0	650	490	0.75	27	624	16.6	100	36	 	 	89.2
1:11	0:09	09:30:06	3.0	1.0	9.2	660	480	0.73	28	606	16.7	99	36	 	 	89.2
1:14	0:12	09:30:09	2.8	1.0	14.7	1054	775	0.73	21	1141	23.8	100	37	 	 	84.6
1:17	0:15	09:30:12	3.0	1.0	9.5	679	517	0.76	26	688	17.6	102	35	 	 	88.7
1:20	0:18	09:30:15	3.0	1.0	11.8	848	661	0.78	19	1071	20.4	103	35	 	 	86.8
1:23	0:21	09:30:18	3.0	1.0	12.5	900	706	0.78	19	1132	21.2	103	36	 	 	86.3
1:25	0:23	09:30:20	2.9	1.0	12.1	870	713	0.82	28	863	24.3	107	34	 	 	84.3
1:28	0:26	09:30:23	3.0	1.0	9.4	674	560	0.83	18	928	16.7	104	36	 	 	89.2
1:31	0:29	09:30:26	3.0	1.0	11.4	819	681	0.83	27	842	22.5	106	35	 	 	85.5
1:36	0:34	09:30:31	3.0	1.0	4.3	309	254	0.82	12	695	8.6	104	35	 	 	94.4
1:37	0:35	09:30:32	2.9	1.0	19.5	1404	982	0.70	31	919	28.6	97	37	 	 	81.5
1:40	0:38	09:30:35	3.0	1.0	20.6	1483	1123	0.76	24	1451	34.8	102	35	 	 	77.5
1:43	0:41	09:30:38	2.9	1.0	14.8	1062	876	0.82	20	1331	27.2	105	34	 	 	82.4
1:46	0:44	09:30:41	3.0	1.0	11.9	852	705	0.83	21	1105	22.9	106	34	 	 	85.2
1:48	0:46	09:30:43	3.0	1.0	15.6	1124	913	0.81	24	1135	27.4	101	37	 	 	82.3
1:51	0:49	09:30:46	3.0	1.0	9.3	671	538	0.80	26	678	17.4	103	36	 	 	88.8
1:54	0:52	09:30:49	3.0	1.0	10.8	773	606	0.78	20	942	19.2	102	36	 	 	87.6
1:55	0:53	09:30:50	3.0	1.0	12.0	860	639	0.74	36	585	20.8	98	37	 	 	86.6
1:58	0:56	09:30:53	3.0	1.0	13.7	986	728	0.74	27	835	22.3	98	37	 	 	85.6
2:00	0:58	09:30:55	3.0	1.0	14.8	1061	768	0.72	24	973	23.2	96	38	 	 	85.0
2:03	1:01	09:30:58	4.0	1.0	10.6	765	544	0.71	24	753	18.1	98	37	 	 	88.3
2:04	1:02	09:30:59	5.1	1.0	21.7	1561	1077	0.69	37	824	30.2	91	39	 	 	80.5
2:06	1:04	09:31:01	6.6	1.0	23.3	1673	1243	0.74	40	1014	40.9	101	35	 	 	73.6
2:07	1:05	09:31:02	6.6	0.9	17.5	1256	949	0.76	44	767	33.6	105	34	 	 	78.3
2:09	1:07	09:31:04	6.5	0.9	26.5	1906	1534	0.80	37	1354	50.1	106	34	 	 	67.6
2:10	1:08	09:31:05	6.3	0.9	15.0	1074	855	0.80	40	788	31.5	106	34	 	 	79.6
2:12	1:10	09:31:07	6.3	0.9	18.2	1311	1045	0.80	38	930	35.1	105	35	 	 	77.3
2:13	1:11	09:31:08	6.6	0.9	22.0	1582	1286	0.81	36	1135	40.5	105	34	 	 	73.8
2:15	1:13	09:31:10	6.3	0.9	21.8	1567	1247	0.80	39	1050	40.9	103	35	 	 	73.6
2:17	1:15	09:31:12	6.6	0.9	22.1	1586	1270	0.80	33	1196	39.9	102	36	 	 	74.2
2:19	1:17	09:31:14	6.5	0.9	20.8	1494	1182	0.79	34	1191	39.9	106	33	 	 	74.2
2:20	1:18	09:31:15	6.5	0.9	26.3	1889	1524	0.81	33	1414	47.1	105	34	 	 	69.5
2:22	1:20	09:31:17	6.3	0.9	30.4	2188	1706	0.78	38	1413	54.0	103	35	 	 	65.1
2:24	1:22	09:31:19	6.5	0.9	22.8	1636	1271	0.78	38	1128	42.8	103	35	 	 	72.3
2:26	1:24	09:31:21	6.5	0.9	18.1	1303	952	0.73	21	1285	27.5	95	38	 	 	82.2
2:29	1:27	09:31:24	6.6	0.9	25.4	1827	1204	0.66	26	1307	34.4	91	39	 	 	77.8
2:30	1:28	09:31:25	6.5	0.9	35.8	2570	1622	0.63	36	1363	48.7	94	36	 	 	68.5
2:34	1:32	09:31:29	6.3	0.9	33.7	2419	1778	0.73	16	3333	52.3	97	37	 	 	66.2
2:36	1:34	09:31:31	6.3	0.9	28.9	2075	1375	0.66	32	1219	38.9	90	39	 	 	74.8
2:38	1:36	09:31:33	6.6	0.9	31.2	2244	1445	0.64	33	1296	42.7	90	38	 	 	72.4
2:40	1:38	09:31:35	6.3	0.9	30.8	2215	1424	0.64	27	1465	40.1	89	39	 	 	74.1
2:42	1:40	09:31:37	6.5	0.9	38.2	2741	1808	0.66	33	1611	52.8	92	37	 	 	65.8
2:43	1:41	09:31:38	6.5	0.9	37.4	2685	1771	0.66	36	1503	54.7	95	36	 	 	64.7
2:45	1:43	09:31:40	6.5	0.9	31.5	2267	1565	0.69	41	1194	48.4	97	35	 	 	68.7
2:47	1:45	09:31:42	6.6	0.9	38.1	2741	1901	0.69	38	1530	57.7	96	36	 	 	62.7
2:48	1:46	09:31:43	6.6	0.9	32.7	2352	1659	0.71	31	1507	47.1	93	38	 	 	69.5
2:50	1:48	09:31:45	6.3	0.9	39.2	2814	1905	0.68	37	1544	56.8	96	36	 	 	63.3
2:52	1:50	09:31:47	6.3	0.9	39.9	2869	1983	0.69	43	1427	61.1	97	36	 	 	60.5
2:53	1:51	09:31:48	6.3	0.9	36.9	2654	1927	0.73	34	1641	56.3	96	37	 	 	63.6
2:55	1:53	09:31:50	6.3	0.9	36.9	2652	1935	0.73	37	1587	58.4	99	36	 	 	62.2
2:57	1:55	09:31:52	6.6	0.9	36.0	2586	1879	0.73	36	1553	56.1	96	37	 	 	63.7
2:58	1:56	09:31:53	6.5	0.9	38.0	2733	1965	0.72	40	1463	58.9	96	37	 	 	61.9
3:00	1:58	09:31:55	6.6	0.9	33.8	2430	1787	0.74	33	1569	52.0	96	38	 	 	66.4
3:02	2:00	09:31:57	6.5	0.9	34.5	2481	1777	0.72	34	1497	50.5	93	39	 	 	67.4
3:03	2:01	09:31:58	6.3	0.9	37.9	2726	1951	0.72	36	1557	56.6	96	38	 	 	63.4
3:05	2:03	09:32:00	6.5	0.9	37.6	2705	1951	0.72	36	1524	54.1	95	38	 	 	65.0
3:07	2:05	09:32:02	6.3	0.9	37.1	2665	1905	0.71	31	1759	54.7	96	38	 	 	64.7
3:09	2:07	09:32:04	6.3	0.9	38.7	2778	2018	0.73	36	1639	58.2	95	38	 	 	62.4
3:11	2:09	09:32:06	6.5	0.9	36.5	2621	1961	0.75	28	1959	54.9	95	39	 	 	64.5
3:14	2:12	09:32:09	6.6	0.9	21.2	1525	1147	0.75	20	1586	32.4	95	38	 	 	79.1
3:16	2:14	09:32:11	6.3	0.9	53.4	3835	2675	0.70	28	2677	74.7	93	39	 	 	51.7
3:18	2:16	09:32:13	6.6	0.9	37.5	2693	2025	0.75	29	2019	58.5	97	38	 	 	62.2
3:20	2:18	09:32:15	6.3	0.9	38.6	2770	2072	0.75	34	1715	57.5	97	38	 	 	62.8
3:21	2:19	09:32:16	6.6	0.9	41.4	2972	2209	0.74	39	1652	64.4	97	38	 	 	58.4
3:23	2:21	09:32:18	6.5	0.9	38.8	2786	2159	0.77	34	1802	61.4	98	38	 	 	60.3
3:25	2:23	09:32:20	6.6	0.9	41.1	2956	2317	0.78	38	1724	65.0	99	38	 	 	58.0
3:26	2:24	09:32:21	6.3	0.9	38.1	2740	2134	0.78	34	1789	61.7	98	38	 	 	60.1
3:28	2:26	09:32:23	6.3	0.9	36.2	2603	2031	0.78	39	1568	61.1	101	37	 	 	60.5
3:29	2:27	09:32:24	6.5	0.9	41.5	2984	2375	0.80	42	1699	70.8	101	37	 	 	54.2
3:31	2:29	09:32:26	6.3	0.9	35.9	2578	2172	0.84	35	1856	64.8	102	37	 	 	58.1
3:33	2:31	09:32:28	6.6	0.9	31.7	2279	1877	0.82	36	1517	54.5	102	37	 	 	64.8
3:34	2:32	09:32:29	6.3	0.9	39.9	2870	2277	0.79	38	1718	64.8	99	38	 	 	58.1
3:36	2:34	09:32:31	6.6	0.9	39.3	2821	2231	0.79	41	1614	66.3	100	38	 	 	57.1
3:37	2:35	09:32:32	6.5	0.9	34.4	2474	2023	0.82	38	1580	60.8	103	36	 	 	60.7
3:39	2:37	09:32:34	6.6	0.9	36.5	2622	2200	0.84	36	1783	63.3	101	38	 	 	59.1
3:41	2:39	09:32:36	6.3	0.9	31.8	2284	1889	0.83	36	1499	54.2	100	38	 	 	65.0
3:42	2:40	09:32:37	6.3	0.9	37.8	2713	2070	0.76	38	1575	60.2	98	39	 	 	61.1
3:44	2:42	09:32:39	6.5	0.9	36.9	2650	2133	0.80	36	1681	60.4	98	39	 	 	61.0
3:46	2:44	09:32:41	6.3	0.9	35.4	2546	2035	0.80	32	1779	57.1	97	39	 	 	63.1
3:48	2:46	09:32:43	6.5	0.9	37.4	2686	2155	0.80	34	1783	60.4	96	40	 	 	60.9
3:49	2:47	09:32:44	6.3	0.9	37.1	2666	2217	0.83	31	1990	62.2	99	39	 	 	59.8
3:51	2:49	09:32:46	6.5	0.9	35.3	2536	2092	0.82	30	2003	59.8	100	38	 	 	61.4
3:55	2:53	09:32:50	6.5	0.9	20.8	1496	1127	0.75	19	1569	29.3	84	47	 	 	81.0
3:57	2:55	09:32:52	6.3	0.9	50.8	3650	2836	0.78	24	3308	80.3	98	39	 	 	48.1
4:00	2:58	09:32:55	6.5	0.9	36.6	2626	2125	0.81	19	2960	56.6	96	41	 	 	63.4
4:02	3:00	09:32:57	6.5	0.9	40.2	2891	2227	0.77	43	1448	62.5	97	40	 	 	59.6
4:03	3:01	09:32:58	6.3	0.9	42.2	3029	2428	0.80	38	1805	69.0	98	39	 	 	55.4
4:05	3:03	09:33:00	6.3	0.9	39.4	2830	2315	0.82	41	1652	67.0	100	38	 	 	56.7
4:06	3:04	09:33:01	6.5	0.9	39.1	2806	2271	0.81	38	1747	66.8	101	38	 	 	56.8
4:08	3:06	09:33:03	6.3	0.9	38.4	2758	2324	0.84	37	1827	66.8	101	38	 	 	56.8
4:10	3:08	09:33:05	6.6	0.9	37.9	2726	2279	0.84	38	1718	65.7	100	39	 	 	57.6
4:11	3:09	09:33:06	6.3	0.9	38.6	2773	2332	0.84	35	1884	66.1	100	39	 	 	57.3
4:13	3:11	09:33:08	6.6	0.9	33.3	2390	2043	0.85	36	1614	58.7	102	38	 	 	62.1
4:15	3:13	09:33:10	6.3	0.9	35.4	2546	2150	0.84	36	1708	61.0	100	39	 	 	60.6
4:16	3:14	09:33:11	6.3	0.9	41.4	2974	2391	0.80	33	1995	66.1	98	40	 	 	57.3
4:18	3:16	09:33:13	6.5	0.9	38.1	2737	2312	0.84	34	1933	66.3	101	38	 	 	57.2
4:20	3:18	09:33:15	6.3	0.9	38.3	2752	2306	0.84	39	1661	64.7	100	39	 	 	58.2
4:21	3:19	09:33:16	6.3	0.9	39.2	2820	2405	0.85	36	1945	69.1	101	39	 	 	55.4
4:23	3:21	09:33:18	6.5	0.9	37.0	2661	2268	0.85	41	1660	68.2	103	37	 	 	55.9
4:24	3:22	09:33:19	6.5	0.9	29.0	2080	1832	0.88	38	1429	53.6	101	39	 	 	65.4
4:26	3:24	09:33:21	6.3	0.9	30.6	2196	1876	0.85	36	1462	51.9	100	39	 	 	66.5
4:28	3:26	09:33:23	6.3	0.9	40.4	2906	2368	0.81	43	1529	65.1	98	40	 	 	57.9
4:29	3:27	09:33:24	6.5	0.9	33.4	2402	1972	0.82	41	1438	59.5	101	38	 	 	61.5
4:31	3:29	09:33:26	6.5	0.9	33.0	2369	1963	0.83	31	1746	53.4	97	41	 	 	65.5
4:33	3:31	09:33:28	6.5	0.9	43.0	3089	2536	0.82	38	1892	72.3	101	39	 	 	53.2
4:34	3:32	09:33:29	6.6	0.9	31.5	2266	1946	0.86	35	1600	56.2	101	39	 	 	63.7
4:36	3:34	09:33:31	6.5	0.9	34.1	2450	2042	0.83	34	1675	56.5	99	40	 	 	63.5
4:38	3:36	09:33:33	6.5	0.9	35.5	2552	2102	0.82	37	1561	57.1	99	39	 	 	63.1
4:41	3:39	09:33:36	6.3	0.9	35.1	2523	2228	0.88	19	3358	62.8	103	38	 	 	59.4
4:43	3:41	09:33:38	6.6	0.9	25.2	1811	1214	0.67	25	1157	28.4	82	48	 	 	81.6
4:45	3:43	09:33:40	6.3	0.9	55.2	3963	3045	0.77	35	2348	81.9	97	39	 	 	47.1
4:47	3:45	09:33:42	6.5	0.9	45.1	3239	2691	0.83	40	2060	81.9	103	37	 	 	47.1
4:48	3:46	09:33:43	6.5	0.9	35.4	2541	2268	0.89	42	1616	67.3	103	37	 	 	56.5
4:49	3:47	09:33:44	6.3	0.9	38.3	2752	2369	0.86	41	1701	69.9	101	38	 	 	54.8
4:51	3:49	09:33:46	6.3	0.9	33.8	2429	2112	0.87	42	1424	60.2	100	39	 	 	61.1
4:53	3:51	09:33:48	6.5	0.9	36.0	2587	2250	0.87	33	1998	65.9	101	39	 	 	57.4
4:55	3:53	09:33:50	6.3	0.9	37.3	2678	2250	0.84	32	1894	61.4	98	40	 	 	60.3
4:56	3:54	09:33:51	6.6	0.9	40.4	2903	2425	0.84	37	1818	66.9	101	39	 	 	56.7
4:58	3:56	09:33:53	6.5	0.9	33.2	2388	2037	0.85	37	1536	56.9	99	39	 	 	63.2
4:59	3:57	09:33:54	6.3	0.9	38.0	2733	2220	0.81	41	1464	60.6	97	41	 	 	60.8
5:01	3:59	09:33:56	6.6	0.9	39.2	2820	2315	0.82	36	1751	62.9	99	40	 	 	59.3
5:03	4:01	09:33:58	6.5	0.9	41.9	3010	2491	0.83	36	1902	68.8	99	39	 	 	55.6
5:04	4:02	09:33:59	6.3	0.9	39.5	2840	2375	0.84	38	1775	67.0	101	39	 	 	56.7
5:06	4:04	09:34:01	6.5	0.9	38.3	2755	2355	0.85	35	1895	66.5	100	39	 	 	57.0
5:08	4:06	09:34:03	6.5	0.9	35.1	2520	2177	0.86	34	1768	59.9	101	39	 	 	61.3
5:09	4:07	09:34:04	6.6	0.9	35.9	2580	2163	0.84	34	1720	58.3	100	39	 	 	62.3
5:11	4:09	09:34:06	6.5	0.9	37.7	2708	2270	0.84	33	1860	61.0	99	40	 	 	60.6
5:13	4:11	09:34:08	6.3	0.9	40.6	2915	2433	0.83	38	1732	66.6	98	40	 	 	56.9
5:14	4:12	09:34:09	6.3	0.9	38.4	2756	2328	0.84	39	1678	65.8	99	39	 	 	57.5
5:16	4:14	09:34:11	6.5	0.9	42.6	3058	2558	0.84	38	1916	71.9	101	39	 	 	53.5
5:18	4:16	09:34:13	6.3	0.9	38.0	2732	2356	0.86	36	1856	65.9	101	39	 	 	57.4
5:19	4:17	09:34:14	6.5	0.9	38.5	2767	2384	0.86	34	1942	66.2	100	40	 	 	57.2
5:21	4:19	09:34:16	6.5	0.9	41.5	2985	2502	0.84	37	1874	69.8	100	40	 	 	54.9
5:23	4:21	09:34:18	6.3	0.9	34.7	2494	2148	0.86	34	1770	60.0	99	40	 	 	61.2
5:26	4:24	09:34:21	6.3	0.9	21.7	1560	1124	0.72	19	1327	24.6	81	50	 	 	84.1
5:29	4:27	09:34:24	6.5	0.9	50.6	3634	2948	0.81	23	3473	80.1	96	41	 	 	48.2
5:31	4:29	09:34:26	6.3	0.9	33.8	2428	2012	0.83	22	2372	53.3	96	41	 	 	65.5
5:33	4:31	09:34:28	6.3	0.9	12.0	859	582	0.68	31	520	16.0	80	48	 	 	89.7
5:35	4:33	09:34:30	6.6	0.9	57.2	4106	2974	0.72	34	2115	71.7	87	44	 	 	53.7
5:37	4:35	09:34:32	6.5	0.9	48.7	3502	2664	0.76	30	2337	70.8	95	41	 	 	54.2
5:39	4:37	09:34:34	6.3	0.9	40.1	2883	2346	0.81	36	1825	65.6	98	40	 	 	57.6
5:40	4:38	09:34:35	6.5	0.9	38.6	2772	2349	0.85	41	1655	67.1	99	39	 	 	56.6
5:42	4:40	09:34:37	6.5	0.9	42.9	3083	2628	0.85	41	1824	74.9	101	39	 	 	51.6
5:43	4:41	09:34:38	6.3	0.9	35.9	2583	2287	0.89	35	1850	64.2	104	37	 	 	58.5
5:45	4:43	09:34:40	6.6	0.9	39.4	2828	2431	0.86	40	1710	67.9	99	40	 	 	56.1
5:46	4:44	09:34:41	6.5	0.9	37.3	2680	2342	0.87	36	1764	63.4	101	39	 	 	59.0
5:48	4:46	09:34:43	6.6	0.9	44.1	3168	2697	0.85	36	2107	75.7	101	39	 	 	51.1
5:50	4:48	09:34:45	6.6	0.9	34.6	2489	2235	0.90	36	1753	63.0	102	39	 	 	59.3
5:51	4:49	09:34:46	6.3	0.9	38.4	2762	2407	0.87	38	1726	64.7	100	40	 	 	58.1
5:53	4:51	09:34:48	6.6	0.9	37.2	2672	2400	0.90	36	1798	64.6	100	40	 	 	58.2
5:55	4:53	09:34:50	6.3	0.9	42.4	3044	2608	0.86	40	1810	71.9	100	40	 	 	53.5
5:56	4:54	09:34:51	6.3	0.9	40.5	2909	2564	0.88	39	1810	71.4	102	39	 	 	53.8
5:58	4:56	09:34:53	6.3	0.9	37.0	2660	2430	0.91	35	1894	66.9	102	39	 	 	56.8
5:59	4:57	09:34:54	6.3	0.9	40.1	2879	2485	0.86	37	1859	69.3	101	39	 	 	55.2
6:01	4:59	09:34:56	6.3	0.9	38.4	2756	2498	0.91	36	1951	69.3	103	38	 	 	55.2
6:03	5:01	09:34:58	6.6	0.9	22.1	1586	1482	0.93	32	1365	44.3	104	38	 	 	71.4
6:04	5:02	09:34:59	6.5	0.9	48.3	3470	2845	0.82	48	1559	74.3	98	41	 	 	52.0
6:06	5:04	09:35:01	6.3	0.9	39.0	2805	2454	0.87	37	1832	67.9	100	40	 	 	56.1
6:08	5:06	09:35:03	6.6	0.9	41.9	3013	2598	0.86	35	2034	70.5	100	40	 	 	54.4
6:09	5:07	09:35:04	6.3	0.9	38.5	2763	2446	0.89	36	1951	69.7	102	39	 	 	55.0
6:11	5:09	09:35:06	6.3	0.9	29.8	2139	1853	0.87	34	1584	53.1	100	40	 	 	65.7
6:13	5:11	09:35:08	6.6	0.9	38.6	2776	2379	0.86	41	1611	65.3	98	41	 	 	57.8
6:14	5:12	09:35:09	6.3	0.9	39.8	2859	2487	0.87	39	1730	68.3	99	40	 	 	55.8
6:16	5:14	09:35:11	6.3	0.9	37.8	2717	2325	0.86	34	1859	63.7	98	40	 	 	58.8
6:17	5:15	09:35:12	6.5	0.9	39.0	2801	2430	0.87	40	1716	68.2	99	40	 	 	55.9
6:22	5:20	09:35:17	6.6	0.9	23.6	1696	1577	0.93	13	3389	45.0	103	39	 	 	70.9
6:24	5:22	09:35:19	6.5	0.9	55.2	3965	2928	0.74	36	1985	71.8	90	42	 	 	53.6
6:25	5:23	09:35:20	6.3	0.9	47.3	3401	2753	0.81	33	2304	75.1	97	40	 	 	51.4
6:27	5:25	09:35:22	6.6	0.9	41.9	3013	2522	0.84	40	1791	72.1	101	39	 	 	53.4
6:28	5:26	09:35:23	6.6	0.9	38.6	2771	2400	0.87	42	1618	68.4	100	39	 	 	55.8
6:30	5:28	09:35:25	6.6	0.9	36.0	2588	2262	0.87	41	1594	65.5	100	40	 	 	57.6
6:31	5:29	09:35:26	6.5	0.9	37.1	2669	2337	0.88	41	1646	67.2	102	39	 	 	56.6
6:33	5:31	09:35:28	6.3	0.9	39.3	2827	2506	0.89	41	1705	69.6	101	39	 	 	55.0
6:35	5:33	09:35:30	6.6	0.9	38.0	2728	2397	0.88	31	2109	65.6	102	39	 	 	57.6
6:37	5:35	09:35:32	6.5	0.9	34.5	2482	2210	0.89	31	1957	59.9	102	39	 	 	61.3
6:39	5:37	09:35:34	6.3	0.9	34.0	2446	2059	0.84	29	1853	53.0	96	42	 	 	65.8
6:41	5:39	09:35:36	6.5	0.9	36.2	2601	2122	0.82	27	1982	53.8	95	42	 	 	65.2
6:43	5:41	09:35:38	6.6	0.9	38.1	2738	2256	0.82	23	2469	56.8	96	42	 	 	63.3
6:45	5:43	09:35:40	6.3	0.9	39.8	2861	2300	0.80	33	1802	60.1	97	41	 	 	61.2
6:47	5:45	09:35:42	6.3	0.9	38.4	2756	2284	0.83	37	1715	62.7	98	41	 	 	59.4
6:49	5:47	09:35:44	6.5	0.9	37.4	2685	2289	0.85	36	1680	60.3	99	40	 	 	61.0
6:50	5:48	09:35:45	6.5	0.9	41.7	2998	2525	0.84	38	1823	68.4	98	40	 	 	55.8
6:52	5:50	09:35:47	6.3	0.9	33.9	2433	2119	0.87	34	1664	57.1	100	40	 	 	63.1
6:54	5:52	09:35:49	6.5	0.9	42.3	3036	2569	0.85	38	1801	69.3	98	41	 	 	55.2
6:55	5:53	09:35:50	6.3	0.9	39.6	2847	2469	0.87	33	2038	66.8	100	40	 	 	56.8
6:57	5:55	09:35:52	6.6	0.9	40.9	2936	2566	0.87	41	1785	72.4	103	38	 	 	53.2
6:58	5:56	09:35:53	6.3	0.9	36.5	2623	2336	0.89	41	1657	67.6	104	38	 	 	56.3
7:00	5:58	09:35:55	6.6	0.9	31.4	2259	2050	0.91	39	1481	58.1	103	39	 	 	62.5
7:01	5:59	09:35:56	6.3	0.9	39.2	2817	2441	0.87	38	1696	64.8	99	41	 	 	58.1
7:03	6:01	09:35:58	3.7	0.9	34.8	2498	2097	0.84	34	1610	54.0	95	43	 	 	65.1
7:08	6:06	09:36:03	2.5	0.9	22.1	1588	1362	0.86	12	3044	36.2	83	49	 	 	76.6
7:11	6:09	09:36:06	2.5	0.9	42.3	3038	2336	0.77	24	2290	56.1	90	45	 	 	63.7
7:13	6:11	09:36:08	2.5	0.9	34.7	2495	2028	0.81	26	2031	52.3	95	42	 	 	66.2
7:15	6:13	09:36:10	2.5	0.9	34.7	2497	2079	0.83	29	1890	54.8	97	42	 	 	64.6
7:18	6:16	09:36:13	2.5	0.9	25.7	1844	1522	0.83	19	1870	36.1	90	47	 	 	76.7
7:21	6:19	09:36:16	2.5	0.9	34.5	2477	1987	0.80	22	2083	45.8	91	46	 	 	70.4
7:23	6:21	09:36:18	2.5	0.9	32.6	2341	1953	0.83	30	1660	49.3	96	43	 	 	68.1
7:25	6:23	09:36:20	2.5	0.9	35.1	2524	2189	0.87	37	1592	59.3	100	40	 	 	61.7
7:27	6:25	09:36:22	2.5	0.9	32.6	2342	2165	0.92	30	2016	60.2	102	40	 	 	61.1
7:28	6:26	09:36:23	2.5	0.9	16.0	1151	1094	0.95	35	964	33.6	105	39	 	 	78.3
7:31	6:29	09:36:26	2.5	0.9	22.1	1585	1384	0.87	25	1286	32.7	93	47	 	 	78.9
7:33	6:31	09:36:28	2.5	0.9	38.3	2751	2456	0.89	32	1934	61.7	99	43	 	 	60.1
7:34	6:32	09:36:29	2.5	0.9	35.7	2564	2433	0.95	37	1769	65.9	105	39	 	 	57.4
7:36	6:34	09:36:31	2.5	0.9	26.5	1906	1919	1.01	33	1668	55.6	107	38	 	 	64.0
7:38	6:36	09:36:33	2.5	0.9	28.3	2035	2125	1.04	30	2041	60.9	109	38	 	 	60.6
7:40	6:38	09:36:35	2.5	0.9	22.2	1595	1732	1.09	32	1618	51.6	110	38	 	 	66.6
7:42	6:40	09:36:37	2.5	0.9	15.8	1134	1190	1.05	26	1280	33.4	108	39	 	 	78.4
7:44	6:42	09:36:39	2.5	0.9	18.8	1353	1468	1.08	31	1420	43.7	110	37	 	 	71.8
7:47	6:45	09:36:42	2.5	0.9	28.5	2050	2185	1.07	24	2504	59.4	106	41	 	 	61.6
7:49	6:47	09:36:44	2.5	0.9	23.3	1672	1761	1.05	30	1714	50.9	110	38	 	 	67.1
7:51	6:49	09:36:46	2.5	0.9	22.8	1636	1732	1.06	31	1611	50.3	108	38	 	 	67.5
7:53	6:51	09:36:48	2.5	0.9	20.5	1474	1514	1.03	27	1545	41.6	108	38	 	 	73.1
7:55	6:53	09:36:50	2.5	0.9	21.9	1571	1611	1.02	28	1649	45.8	107	39	 	 	70.4
7:58	6:56	09:36:53	2.5	0.9	16.2	1163	1183	1.02	19	1681	32.2	106	40	 	 	79.2
8:01	6:59	09:36:56	2.5	0.9	16.4	1177	1099	0.93	18	1546	27.4	101	43	 	 	82.3
8:04	7:02	09:36:59	2.5	0.9	22.5	1619	1490	0.92	26	1395	36.4	100	43	 	 	76.5
8:10	7:08	09:37:05	2.5	0.9	13.9	996	1039	1.04	10	3202	31.2	109	37	 	 	79.8
8:13	7:11	09:37:08	2.5	0.9	26.9	1935	1697	0.88	22	2054	44.2	100	40	 	 	71.4
8:15	7:13	09:37:10	2.5	0.9	21.4	1536	1405	0.91	24	1666	39.8	105	38	 	 	74.3
8:18	7:16	09:37:13	2.7	0.9	20.3	1456	1395	0.96	23	1791	40.4	107	37	 	 	73.9
8:22	7:20	09:37:17	2.5	0.9	8.2	591	587	0.99	15	1244	18.2	109	36	 	 	88.3
8:24	7:22	09:37:19	2.5	0.9	27.8	1996	1793	0.90	24	1949	47.5	101	40	 	 	69.3
8:26	7:24	09:37:21	2.5	0.9	23.9	1720	1647	0.96	31	1606	50.5	109	35	 	 	67.4
8:28	7:26	09:37:23	2.5	0.9	15.4	1107	1117	1.01	37	997	36.7	111	34	 	 	76.3
8:30	7:28	09:37:25	2.5	0.9	17.5	1256	1308	1.04	33	1263	41.6	112	35	 	 	73.1
8:32	7:30	09:37:27	2.5	0.9	18.5	1333	1441	1.08	24	1847	45.0	112	35	 	 	70.9
8:34	7:32	09:37:29	2.7	0.9	13.9	1001	1097	1.10	29	1217	35.6	112	35	 	 	77.0
8:36	7:34	09:37:31	2.5	0.9	14.7	1055	1158	1.10	28	1299	36.3	112	35	 	 	76.6
8:39	7:37	09:37:34	2.5	0.9	15.4	1104	1197	1.08	30	1260	37.6	113	35	 	 	75.7
8:40	7:38	09:37:35	2.5	0.9	15.8	1132	1215	1.07	32	1162	37.7	111	35	 	 	75.6
8:42	7:40	09:37:37	2.5	0.9	14.6	1048	1118	1.07	29	1222	35.2	112	35	 	 	77.2
8:45	7:43	09:37:40	2.5	0.9	14.8	1065	1131	1.06	25	1387	34.7	112	35	 	 	77.6
8:49	7:47	09:37:44	2.5	0.9	6.3	452	479	1.06	14	1065	15.1	110	36	 	 	90.2
8:51	7:49	09:37:46	2.5	0.9	22.0	1584	1421	0.90	30	1345	40.0	103	39	 	 	74.2
8:53	7:51	09:37:48	2.5	0.9	21.7	1558	1495	0.96	26	1714	45.3	109	35	 	 	70.7
8:56	7:54	09:37:51	2.5	0.9	15.2	1090	1104	1.01	25	1414	35.3	112	35	 	 	77.2
8:58	7:56	09:37:53	2.5	0.9	15.4	1108	1145	1.03	25	1422	36.1	112	35	 	 	76.6
9:00	7:58	09:37:55	2.5	0.9	12.5	895	927	1.04	26	1140	29.7	112	35	 	 	80.8
9:02	8:00	09:37:57	2.5	0.9	12.1	870	887	1.02	33	874	28.5	110	35	 	 	81.6
9:04	8:02	09:37:59	2.7	0.9	12.8	923	946	1.02	30	1030	30.6	111	35	 	 	80.2
9:06	8:04	09:38:01	2.5	0.9	12.7	913	922	1.01	28	1043	28.8	109	36	 	 	81.4
9:09	8:07	09:38:04	2.5	0.9	11.2	804	801	1.00	29	888	26.1	110	35	 	 	83.1
9:11	8:09	09:38:06	2.5	0.9	12.9	924	921	1.00	27	1071	28.8	109	36	 	 	81.4
9:13	8:11	09:38:08	2.5	0.9	11.1	798	782	0.98	27	928	25.0	110	35	 	 	83.9
9:19	8:17	09:38:14	2.5	0.9	4.9	354	340	0.96	11	949	10.1	108	36	 	 	93.5
9:23	8:21	09:38:18	2.5	0.9	25.4	1824	1674	0.92	15	3447	53.2	107	35	 	 	65.6
9:27	8:25	09:38:22	2.5	0.9	12.9	930	956	1.03	14	2193	31.1	114	32	 	 	79.9
9:32	8:30	09:38:27	2.5	0.9	6.9	496	480	0.97	12	1197	14.1	109	36	 	 	90.9
9:36	8:34	09:38:31	2.5	0.9	20.7	1487	1349	0.91	16	2480	39.1	104	38	 	 	74.8
9:38	8:36	09:38:33	2.5	0.9	14.1	1013	899	0.89	24	1131	27.0	104	38	 	 	82.5
9:41	8:39	09:38:36	2.5	0.9	12.5	900	805	0.89	20	1200	23.6	106	36	 	 	84.7
9:43	8:41	09:38:38	2.5	0.9	14.4	1032	918	0.89	31	920	28.2	104	37	 	 	81.8
9:45	8:43	09:38:40	2.5	0.9	10.3	743	682	0.92	30	762	22.8	109	34	 	 	85.2
9:48	8:46	09:38:43	2.5	0.9	11.7	841	751	0.89	18	1114	20.4	104	39	 	 	86.8
9:51	8:49	09:38:46	2.5	0.9	13.0	932	798	0.86	21	1019	21.7	102	39	 	 	86.0
9:53	8:51	09:38:48	2.5	0.9	14.9	1067	926	0.87	30	944	28.0	102	38	 	 	81.9
9:57	8:55	09:38:52	2.5	0.9	14.7	1054	913	0.87	16	1536	24.6	103	39	 	 	84.1
10:01	8:59	09:38:56	2.5	0.9	21.2	1525	1532	1.00	15	3433	49.9	111	34	 	 	67.8
10:05	9:03	09:39:00	5.0	0.9	7.7	553	507	0.92	18	1042	18.8	102	39	 	 	87.9
10:05	9:03	09:39:00	5.7	0.9	19.0	1367	1154	0.84	63	601	38.0	103	38	 	 	75.4
10:07	9:05	09:39:02	5.6	0.9	20.0	1436	1286	0.90	34	1085	37.4	104	37	 	 	75.8
10:09	9:07	09:39:04	5.3	0.9	26.0	1871	1648	0.88	36	1360	49.2	105	36	 	 	68.2
10:11	9:09	09:39:06	5.3	0.9	22.5	1619	1534	0.95	31	1493	45.9	107	36	 	 	70.3
10:13	9:11	09:39:08	5.6	0.9	20.5	1470	1418	0.96	32	1305	42.1	106	36	 	 	72.8
10:15	9:13	09:39:10	5.5	0.9	18.9	1360	1296	0.95	33	1180	38.5	106	37	 	 	75.1
10:16	9:14	09:39:11	5.3	0.9	19.6	1409	1304	0.93	31	1203	37.6	104	38	 	 	75.7
10:18	9:16	09:39:13	5.3	0.9	21.4	1541	1432	0.93	37	1168	42.7	106	37	 	 	72.4
10:20	9:18	09:39:15	5.3	0.9	17.6	1263	1186	0.94	33	1045	34.5	105	37	 	 	77.7
10:22	9:20	09:39:17	5.5	0.9	24.8	1785	1665	0.93	33	1454	47.7	104	37	 	 	69.2
10:24	9:22	09:39:19	5.6	0.9	21.2	1523	1381	0.91	31	1292	39.7	103	38	 	 	74.3
10:26	9:24	09:39:21	5.3	0.9	23.0	1652	1457	0.88	25	1611	40.8	101	39	 	 	73.6
10:28	9:26	09:39:23	5.3	0.9	24.8	1780	1449	0.81	28	1403	38.8	97	40	 	 	74.9
10:30	9:28	09:39:25	5.6	0.9	28.4	2043	1621	0.79	31	1431	45.0	96	40	 	 	70.9
10:32	9:30	09:39:27	5.5	0.9	26.2	1885	1517	0.81	35	1249	43.8	101	37	 	 	71.7
10:34	9:32	09:39:29	5.3	0.9	28.3	2030	1608	0.79	32	1429	46.1	101	37	 	 	70.2
10:35	9:33	09:39:30	5.5	0.9	30.6	2201	1745	0.79	34	1456	49.1	99	37	 	 	68.3
10:37	9:35	09:39:32	5.5	0.9	24.6	1764	1379	0.78	32	1197	38.6	96	39	 	 	75.0
10:39	9:37	09:39:34	5.5	0.9	30.7	2206	1677	0.76	33	1383	45.3	93	40	 	 	70.7
10:41	9:39	09:39:36	5.3	0.9	29.8	2144	1601	0.75	36	1266	46.0	99	38	 	 	70.2
10:43	9:41	09:39:38	5.5	0.9	34.7	2492	1997	0.80	23	2422	56.3	98	38	 	 	63.6
10:45	9:43	09:39:40	5.5	0.9	26.1	1878	1486	0.79	35	1181	41.7	99	38	 	 	73.0
10:47	9:45	09:39:42	5.3	0.9	28.1	2018	1540	0.76	38	1117	42.2	94	40	 	 	72.7
10:49	9:47	09:39:44	5.6	0.9	29.7	2136	1616	0.76	25	1725	42.4	95	40	 	 	72.6
10:51	9:49	09:39:46	5.5	0.9	32.7	2349	1707	0.73	36	1280	46.5	94	40	 	 	69.9
10:52	9:50	09:39:47	5.5	0.9	32.3	2322	1757	0.76	39	1270	49.5	94	39	 	 	68.0
10:54	9:52	09:39:49	5.3	0.9	29.6	2129	1657	0.78	42	1122	47.4	98	37	 	 	69.4
10:55	9:53	09:39:50	5.5	0.9	34.5	2479	1887	0.76	39	1366	53.2	95	39	 	 	65.6
10:57	9:55	09:39:52	5.3	0.9	31.7	2277	1757	0.77	38	1310	50.4	96	39	 	 	67.4
11:00	9:58	09:39:55	5.3	0.9	35.3	2538	2152	0.85	19	3293	61.4	99	39	 	 	60.3
11:02	10:00	09:39:57	5.3	0.9	31.3	2252	1806	0.80	31	1615	50.7	100	38	 	 	67.2
11:04	10:02	09:39:59	5.3	0.9	28.5	2047	1633	0.80	34	1305	45.0	98	39	 	 	70.9
11:05	10:03	09:40:00	5.6	0.9	33.2	2384	1850	0.78	37	1378	50.4	98	39	 	 	67.4
11:07	10:05	09:40:02	5.5	0.9	29.3	2108	1687	0.80	35	1333	47.0	98	38	 	 	69.6
11:09	10:07	09:40:04	5.3	0.9	33.1	2378	1877	0.79	39	1386	53.7	97	39	 	 	65.3
11:10	10:08	09:40:05	5.3	0.9	37.6	2701	2135	0.79	37	1657	61.0	100	37	 	 	60.6
11:12	10:10	09:40:07	5.3	0.9	30.1	2162	1773	0.82	36	1412	50.1	100	37	 	 	67.6
11:14	10:12	09:40:09	5.5	0.9	30.8	2213	1769	0.80	37	1345	49.2	98	39	 	 	68.2
11:16	10:14	09:40:11	5.3	0.9	31.6	2271	1813	0.80	27	1774	48.2	97	40	 	 	68.9
11:18	10:16	09:40:13	5.3	0.9	32.6	2344	1784	0.76	33	1443	47.6	92	41	 	 	69.2
11:19	10:17	09:40:14	5.6	0.9	34.4	2473	1882	0.76	39	1333	52.6	96	39	 	 	66.0
11:21	10:19	09:40:16	5.5	0.9	33.6	2411	1909	0.79	34	1516	52.3	98	39	 	 	66.2
11:23	10:21	09:40:18	5.3	0.9	22.8	1636	1310	0.80	24	1467	35.8	100	38	 	 	76.9
11:26	10:24	09:40:21	5.3	0.9	25.5	1830	1389	0.76	20	1871	36.6	95	39	 	 	76.4
11:28	10:26	09:40:23	5.3	0.9	46.2	3319	2358	0.71	31	1938	60.2	90	41	 	 	61.1
11:30	10:28	09:40:25	5.5	0.9	39.6	2844	2135	0.75	32	1793	58.2	94	40	 	 	62.4
11:32	10:30	09:40:27	5.3	0.9	33.5	2409	1878	0.78	30	1690	51.5	95	40	 	 	66.7
11:34	10:32	09:40:29	5.3	0.9	34.8	2503	2000	0.80	28	1908	53.5	94	41	 	 	65.4
11:36	10:34	09:40:31	5.5	0.9	35.0	2517	2028	0.81	33	1655	54.9	98	39	 	 	64.5
11:38	10:36	09:40:33	5.3	0.9	35.8	2575	2073	0.81	38	1547	58.4	99	39	 	 	62.3
11:40	10:38	09:40:35	5.5	0.9	35.9	2582	2139	0.83	32	1843	58.2	99	39	 	 	62.4
11:41	10:39	09:40:36	5.5	0.9	29.6	2129	1786	0.84	34	1437	49.0	98	39	 	 	68.3
11:43	10:41	09:40:38	5.6	0.9	32.6	2340	1938	0.83	39	1405	55.4	97	40	 	 	64.2
11:45	10:43	09:40:40	5.3	0.9	33.0	2368	1984	0.84	35	1579	55.7	102	38	 	 	64.0
11:46	10:44	09:40:41	5.5	0.9	31.6	2268	1917	0.85	37	1488	54.8	100	38	 	 	64.6
11:48	10:46	09:40:43	5.3	0.9	32.9	2362	1997	0.85	33	1702	55.8	99	39	 	 	63.9
11:50	10:48	09:40:45	5.3	0.9	32.2	2311	1958	0.85	33	1626	53.9	98	40	 	 	65.1
11:52	10:50	09:40:47	5.5	0.9	32.4	2328	1910	0.82	32	1580	51.0	96	41	 	 	67.1
11:54	10:52	09:40:49	5.3	0.9	31.8	2288	1873	0.82	32	1549	50.2	96	40	 	 	67.5
11:56	10:54	09:40:51	5.3	0.9	34.5	2478	2085	0.84	28	2050	57.8	98	39	 	 	62.7
11:58	10:56	09:40:53	5.5	0.9	29.0	2087	1701	0.81	32	1434	45.3	94	41	 	 	70.7
12:00	10:58	09:40:55	5.3	0.9	19.2	1377	1146	0.83	27	1180	32.0	100	38	 	 	79.3
12:01	10:59	09:40:56	5.5	0.9	40.4	2902	2178	0.75	47	1120	52.1	90	43	 	 	66.3
12:03	11:01	09:40:58	5.6	0.9	43.1	3100	2335	0.75	36	1695	61.6	95	40	 	 	60.2
12:05	11:03	09:41:00	5.3	0.9	37.7	2712	2312	0.85	23	2892	66.0	100	38	 	 	57.3
12:07	11:05	09:41:02	5.5	0.9	31.4	2258	1965	0.87	30	1811	54.3	103	37	 	 	64.9
12:09	11:07	09:41:04	5.6	0.9	22.4	1609	1414	0.88	41	1022	42.3	102	38	 	 	72.7
12:10	11:08	09:41:05	5.5	0.9	34.0	2446	1971	0.81	44	1128	49.8	95	41	 	 	67.8
12:12	11:10	09:41:07	5.3	0.9	35.8	2573	2125	0.83	32	1750	56.7	99	39	 	 	63.3
12:14	11:12	09:41:09	5.6	0.9	32.3	2317	1952	0.84	33	1650	54.1	99	39	 	 	65.0
12:16	11:14	09:41:11	5.3	0.9	33.6	2415	2030	0.84	33	1703	55.8	99	39	 	 	63.9
12:17	11:15	09:41:12	5.5	0.9	29.0	2085	1734	0.83	41	1216	50.3	101	38	 	 	67.5
12:19	11:17	09:41:14	5.5	0.9	32.9	2366	1991	0.84	43	1338	57.8	100	39	 	 	62.7
12:20	11:18	09:41:15	5.3	0.9	30.0	2156	1856	0.86	41	1304	54.0	100	39	 	 	65.1
12:22	11:20	09:41:17	5.3	0.9	31.4	2256	1855	0.82	37	1392	50.9	99	39	 	 	67.1
12:23	11:21	09:41:18	5.6	0.9	31.7	2275	1929	0.85	35	1572	54.5	98	39	 	 	64.7
12:25	11:23	09:41:20	5.6	0.9	34.4	2472	2030	0.82	37	1550	57.7	100	39	 	 	62.7
12:27	11:25	09:41:22	5.5	0.9	27.9	2008	1705	0.85	34	1437	48.7	99	39	 	 	68.5
12:28	11:26	09:41:23	5.3	0.9	28.0	2014	1671	0.83	39	1204	46.9	99	39	 	 	69.7
12:30	11:28	09:41:25	5.5	0.9	29.4	2110	1752	0.83	35	1326	46.0	97	40	 	 	70.3
12:32	11:30	09:41:27	5.6	0.9	36.5	2626	2136	0.81	37	1580	58.2	96	40	 	 	62.4
12:36	11:34	09:41:31	5.3	0.9	28.8	2069	1851	0.89	16	3331	51.9	99	40	 	 	66.4
12:39	11:37	09:41:34	5.5	0.9	37.1	2663	2210	0.83	18	3053	56.0	92	43	 	 	63.8
12:41	11:39	09:41:36	5.5	0.9	22.4	1612	1248	0.77	24	1348	32.3	92	42	 	 	79.1
12:44	11:42	09:41:39	5.5	0.9	36.0	2584	2019	0.78	23	2150	49.2	92	43	 	 	68.2
12:45	11:43	09:41:40	5.3	0.9	42.0	3017	2301	0.76	42	1430	60.4	95	40	 	 	60.9
12:47	11:45	09:41:42	5.5	0.9	34.8	2502	1972	0.79	40	1386	55.8	99	39	 	 	63.9
12:49	11:47	09:41:44	5.3	0.9	30.1	2163	1801	0.83	34	1461	50.4	99	39	 	 	67.4
12:50	11:48	09:41:45	5.5	0.9	34.1	2450	2048	0.84	40	1455	57.8	98	39	 	 	62.6
12:52	11:50	09:41:47	5.7	0.9	32.8	2355	1937	0.82	38	1391	52.8	98	39	 	 	65.8
12:53	11:51	09:41:48	5.5	0.9	30.6	2196	1761	0.80	38	1234	46.6	97	40	 	 	69.9
12:55	11:53	09:41:50	5.3	0.9	32.1	2308	1891	0.82	36	1386	50.4	97	40	 	 	67.4
12:57	11:55	09:41:52	5.5	0.9	32.0	2297	1896	0.83	36	1432	51.4	99	39	 	 	66.8
12:58	11:56	09:41:53	5.5	0.9	32.4	2326	1917	0.82	34	1499	50.8	96	41	 	 	67.1
13:00	11:58	09:41:55	5.3	0.9	33.9	2434	2004	0.82	41	1375	56.9	97	40	 	 	63.2
13:01	11:59	09:41:56	5.3	0.9	35.2	2530	2118	0.84	39	1509	58.8	98	40	 	 	62.0
13:03	12:01	09:41:58	3.7	0.9	34.6	2486	2092	0.84	38	1542	57.8	97	40	 	 	62.6
13:05	12:03	09:42:00	3.7	0.9	30.9	2220	1918	0.86	38	1454	54.9	102	38	 	 	64.5
13:06	12:04	09:42:01	3.9	0.9	33.5	2404	2097	0.87	35	1709	59.3	102	38	 	 	61.7
13:10	12:08	09:42:05	4.0	0.9	13.7	987	892	0.90	16	1620	25.9	104	37	 	 	83.2
13:13	12:11	09:42:08	3.8	0.9	44.2	3179	2550	0.80	21	3145	67.1	96	40	 	 	56.6
13:17	12:15	09:42:12	3.9	0.9	30.5	2188	1884	0.86	16	3077	48.8	97	42	 	 	68.4
13:19	12:17	09:42:14	3.7	0.9	32.2	2317	1941	0.84	31	1662	51.7	97	41	 	 	66.6
13:20	12:18	09:42:15	4.0	0.9	34.1	2447	2131	0.87	39	1480	58.0	102	38	 	 	62.5
13:22	12:20	09:42:17	3.9	0.9	31.5	2264	1993	0.88	33	1667	55.3	99	40	 	 	64.3
13:24	12:22	09:42:19	3.7	0.9	31.1	2238	1984	0.89	32	1708	54.5	101	39	 	 	64.8
13:26	12:24	09:42:21	3.7	0.9	28.5	2050	1896	0.92	30	1770	52.3	102	39	 	 	66.2
13:28	12:26	09:42:23	3.9	0.9	30.3	2177	1986	0.91	30	1818	54.8	101	40	 	 	64.6
13:30	12:28	09:42:25	3.9	0.9	29.4	2113	1977	0.94	31	1786	54.9	101	40	 	 	64.5
13:33	12:31	09:42:28	3.8	0.9	19.7	1415	1237	0.87	20	1459	29.4	98	42	 	 	81.0
13:36	12:34	09:42:31	4.0	0.9	32.5	2338	2156	0.92	18	3353	59.0	101	40	 	 	61.9
13:38	12:36	09:42:33	4.0	0.9	25.8	1855	1706	0.92	27	1725	46.0	102	40	 	 	70.3
13:40	12:38	09:42:35	4.0	0.9	26.8	1927	1788	0.93	34	1454	49.6	103	39	 	 	68.0
13:42	12:40	09:42:37	3.9	0.9	23.1	1661	1584	0.95	35	1294	45.7	105	37	 	 	70.5
13:43	12:41	09:42:38	4.0	0.9	23.8	1708	1623	0.95	37	1287	47.7	106	37	 	 	69.2
13:45	12:43	09:42:40	4.0	0.9	22.9	1643	1602	0.98	32	1443	45.8	106	37	 	 	70.4
13:47	12:45	09:42:42	3.9	0.9	23.2	1664	1623	0.98	33	1414	46.6	106	37	 	 	69.9
13:49	12:47	09:42:44	3.8	0.9	22.3	1600	1537	0.96	35	1260	44.5	107	37	 	 	71.2
13:50	12:48	09:42:45	3.9	0.9	21.5	1548	1521	0.98	37	1227	45.2	107	36	 	 	70.8
13:55	12:53	09:42:50	3.7	0.9	9.7	697	708	1.02	12	1749	20.9	109	36	 	 	86.5
13:57	12:55	09:42:52	3.9	0.9	40.1	2880	2311	0.80	38	1512	56.7	92	43	 	 	63.3
13:59	12:57	09:42:54	3.7	0.9	31.7	2278	1941	0.85	32	1666	54.0	100	39	 	 	65.1
14:01	12:59	09:42:56	3.7	0.9	25.4	1826	1656	0.91	31	1605	50.1	106	36	 	 	67.6
14:02	13:00	09:42:57	3.9	0.9	20.6	1483	1408	0.95	38	1103	42.1	106	36	 	 	72.8
14:04	13:02	09:42:59	3.9	0.9	21.9	1571	1471	0.94	35	1271	44.8	107	36	 	 	71.0
14:06	13:04	09:43:01	4.0	0.9	21.5	1541	1461	0.95	31	1400	43.3	107	36	 	 	72.0
14:08	13:06	09:43:03	3.7	0.9	21.9	1571	1486	0.95	31	1458	45.1	107	37	 	 	70.9
14:09	13:07	09:43:04	3.9	0.9	13.8	994	987	0.99	58	561	32.3	106	37	 	 	79.1
14:12	13:10	09:43:07	3.7	0.9	22.3	1601	1568	0.98	21	2129	44.7	107	37	 	 	71.1
14:14	13:12	09:43:09	3.7	0.9	20.2	1451	1385	0.95	32	1271	40.3	107	37	 	 	73.9
14:16	13:14	09:43:11	3.7	0.9	18.5	1330	1262	0.95	33	1132	36.9	106	37	 	 	76.1
14:18	13:16	09:43:13	3.9	0.9	21.0	1511	1422	0.94	28	1434	40.2	103	39	 	 	74.0
14:20	13:18	09:43:15	4.0	0.9	19.3	1390	1293	0.93	32	1213	38.3	105	38	 	 	75.2
14:22	13:20	09:43:17	3.9	0.9	19.4	1394	1280	0.92	28	1290	36.0	103	39	 	 	76.7
14:25	13:23	09:43:20	3.9	0.9	17.3	1244	1100	0.88	21	1342	28.3	99	41	 	 	81.7
14:29	13:27	09:43:24	3.9	0.9	22.7	1632	1593	0.98	15	3235	47.0	105	38	 	 	69.6
14:30	13:28	09:43:25	4.0	0.9	19.3	1389	1271	0.92	41	901	37.3	104	38	 	 	75.9
14:32	13:30	09:43:27	3.8	0.9	19.9	1432	1277	0.89	35	1008	35.6	103	38	 	 	77.0
14:37	13:35	09:43:32	3.9	0.9	12.6	906	878	0.97	11	2375	25.9	107	37	 	 	83.3
14:39	13:37	09:43:34	3.9	0.9	34.7	2491	1995	0.80	31	1625	50.8	96	41	 	 	67.2
14:42	13:40	09:43:37	3.9	0.9	24.1	1732	1503	0.87	25	1742	43.0	102	38	 	 	72.2
14:46	13:44	09:43:41	3.9	0.9	13.3	957	879	0.92	13	1940	25.3	105	37	 	 	83.6
14:49	13:47	09:43:44	3.8	0.9	30.7	2202	1803	0.82	22	2127	47.4	99	39	 	 	69.3
14:51	13:49	09:43:46	3.9	0.9	20.5	1472	1266	0.86	31	1182	36.7	103	37	 	 	76.3
14:52	13:50	09:43:47	3.9	0.9	22.4	1611	1373	0.85	43	944	40.2	101	38	 	 	74.0
14:54	13:52	09:43:49	4.0	0.9	24.7	1772	1548	0.87	32	1401	45.4	104	37	 	 	70.6
14:57	13:55	09:43:52	4.0	0.9	20.8	1496	1370	0.92	27	1493	40.3	105	37	 	 	73.9
14:59	13:57	09:43:54	3.9	0.9	20.0	1436	1319	0.92	29	1313	38.2	106	37	 	 	75.3
15:01	13:59	09:43:56	3.9	0.9	18.0	1291	1185	0.92	28	1213	34.2	103	38	 	 	77.9
15:03	14:01	09:43:58	3.9	0.9	21.0	1506	1357	0.90	33	1184	39.2	103	38	 	 	74.6
15:05	14:03	09:44:00	3.8	0.9	19.1	1374	1263	0.92	30	1232	37.0	103	38	 	 	76.1
15:07	14:05	09:44:02	3.7	0.9	18.6	1338	1187	0.89	29	1199	34.6	102	38	 	 	77.7
15:09	14:07	09:44:04	3.9	0.9	18.6	1337	1181	0.88	26	1300	33.2	100	39	 	 	78.5
15:11	14:09	09:44:06	3.9	0.9	20.1	1447	1291	0.89	29	1284	36.7	104	37	 	 	76.3
15:13	14:11	09:44:08	3.8	0.9	18.7	1347	1232	0.91	30	1231	36.9	106	36	 	 	76.1
15:15	14:13	09:44:10	3.8	0.9	20.9	1502	1367	0.91	31	1261	39.6	104	37	 	 	74.4
15:17	14:15	09:44:12	3.9	0.9	21.1	1519	1374	0.90	32	1262	40.0	103	38	 	 	74.1
15:19	14:17	09:44:14	3.9	0.9	19.7	1414	1294	0.91	31	1262	38.8	105	37	 	 	74.9
15:21	14:19	09:44:16	3.8	0.9	20.1	1443	1333	0.92	34	1207	40.7	105	37	 	 	73.7
15:24	14:22	09:44:19	3.9	0.9	27.1	1949	1960	1.01	19	3080	59.8	108	36	 	 	61.3
15:29	14:27	09:44:24	3.9	0.9	19.1	1372	1447	1.05	12	3470	41.3	106	39	 	 	73.3
15:33	14:31	09:44:28	3.9	0.9	17.9	1283	1334	1.04	14	2911	40.1	108	37	 	 	74.1
15:38	14:36	09:44:33	3.8	0.9	11.6	837	787	0.94	12	1774	21.0	103	39	 	 	86.5
15:41	14:39	09:44:36	3.9	0.9	29.4	2109	1751	0.83	20	2364	47.0	97	40	 	 	69.6
15:43	14:41	09:44:38	3.9	0.9	21.0	1510	1250	0.83	28	1264	35.4	100	38	 	 	77.1
15:46	14:44	09:44:41	3.9	0.9	15.3	1096	875	0.80	22	1147	24.8	98	40	 	 	84.0
15:48	14:46	09:44:43	3.9	0.9	26.0	1871	1526	0.82	29	1434	41.0	97	40	 	 	73.5
15:53	14:51	09:44:48	3.8	0.9	8.5	609	524	0.86	13	1171	15.4	102	37	 	 	90.0
15:55	14:53	09:44:50	3.9	0.9	34.7	2490	1939	0.78	23	2301	52.1	95	40	 	 	66.3
15:57	14:55	09:44:52	3.7	0.9	28.8	2068	1672	0.81	36	1395	49.5	101	37	 	 	68.0
15:59	14:57	09:44:54	3.8	0.9	21.3	1531	1309	0.86	34	1179	39.7	104	36	 	 	74.3
16:01	14:59	09:44:56	3.9	0.9	21.2	1525	1330	0.87	36	1097	39.7	103	37	 	 	74.4
16:02	15:00	09:44:57	4.0	0.9	19.3	1386	1213	0.87	38	968	37.2	104	36	 	 	75.9
16:03	15:01	09:44:58	4.0	0.9	20.2	1453	1301	0.90	46	867	39.7	102	38	 	 	74.3
16:05	15:03	09:45:00	4.0	0.9	16.6	1194	1056	0.88	48	690	33.4	104	36	 	 	78.4
16:08	15:06	09:45:03	3.9	0.9	25.1	1806	1772	0.98	16	3307	54.5	107	36	 	 	64.8
16:10	15:08	09:45:05	4.0	0.9	15.8	1136	1035	0.91	31	1029	31.8	104	38	 	 	79.4
16:12	15:10	09:45:07	4.0	0.9	17.0	1223	1091	0.89	38	868	32.7	102	38	 	 	78.8
16:14	15:12	09:45:09	3.8	0.9	22.3	1602	1388	0.87	31	1288	39.6	101	39	 	 	74.4
16:16	15:14	09:45:11	4.0	0.9	22.9	1645	1425	0.87	32	1266	40.6	103	38	 	 	73.7
16:18	15:16	09:45:13	4.2	0.9	24.1	1728	1529	0.88	29	1549	44.7	103	37	 	 	71.1
16:19	15:17	09:45:14	4.2	0.9	22.8	1637	1481	0.91	36	1203	43.0	106	36	 	 	72.2
16:21	15:19	09:45:16	4.0	0.9	23.0	1649	1483	0.90	38	1203	46.0	106	36	 	 	70.3
16:23	15:21	09:45:18	4.2	0.9	24.7	1774	1614	0.91	35	1371	47.8	105	37	 	 	69.1
16:25	15:23	09:45:20	4.2	0.9	25.0	1793	1707	0.95	25	2012	49.7	105	37	 	 	67.9
16:27	15:25	09:45:22	4.2	0.9	22.1	1591	1474	0.93	35	1297	45.0	107	36	 	 	70.9
16:29	15:27	09:45:24	4.2	0.9	20.3	1460	1362	0.93	37	1079	39.5	105	37	 	 	74.5
16:30	15:28	09:45:25	4.0	0.9	22.4	1607	1456	0.91	41	1083	43.9	104	37	 	 	71.6
16:32	15:30	09:45:27	4.3	0.9	24.2	1735	1590	0.92	26	1768	46.1	103	38	 	 	70.2
16:34	15:32	09:45:29	4.3	0.9	23.0	1655	1520	0.92	30	1433	43.6	104	37	 	 	71.8
16:36	15:34	09:45:31	4.3	0.9	23.4	1683	1480	0.88	31	1326	40.8	102	38	 	 	73.6
16:38	15:36	09:45:33	4.3	0.9	26.3	1890	1645	0.87	31	1460	45.4	102	38	 	 	70.7
16:40	15:38	09:45:35	4.3	0.9	24.6	1766	1568	0.89	30	1501	45.5	105	36	 	 	70.6
16:42	15:40	09:45:37	4.3	0.9	29.2	2095	1807	0.86	33	1536	51.2	104	37	 	 	66.9
16:44	15:42	09:45:39	4.3	0.9	25.8	1852	1648	0.89	33	1462	48.2	101	38	 	 	68.8
16:45	15:43	09:45:40	4.3	0.9	26.7	1915	1668	0.87	37	1288	47.4	99	39	 	 	69.3
16:47	15:45	09:45:42	4.6	0.9	23.6	1697	1440	0.85	30	1282	38.7	99	39	 	 	75.0
16:49	15:47	09:45:44	4.6	0.9	27.3	1960	1690	0.86	32	1502	47.9	102	38	 	 	69.0
16:51	15:49	09:45:46	4.6	0.9	28.4	2038	1758	0.86	34	1523	51.3	102	37	 	 	66.8
16:53	15:51	09:45:48	4.3	0.9	26.7	1918	1693	0.88	32	1485	47.7	102	38	 	 	69.2
16:55	15:53	09:45:50	4.5	0.9	28.0	2012	1750	0.87	37	1345	50.1	103	37	 	 	67.6
16:56	15:54	09:45:51	4.3	0.9	25.0	1796	1581	0.88	34	1330	45.3	102	38	 	 	70.7
16:58	15:56	09:45:53	4.3	0.9	26.9	1934	1696	0.88	31	1550	48.2	103	37	 	 	68.9
17:00	15:58	09:45:55	4.5	0.9	29.1	2088	1742	0.83	30	1586	47.1	97	40	 	 	69.6
17:02	16:00	09:45:57	4.6	0.9	28.6	2054	1723	0.84	36	1352	49.2	102	38	 	 	68.2
17:04	16:02	09:45:59	4.6	0.9	25.0	1797	1570	0.87	34	1333	45.4	102	38	 	 	70.6
17:06	16:04	09:46:01	4.5	0.9	30.6	2200	1972	0.90	22	2626	56.9	103	38	 	 	63.2
17:08	16:06	09:46:03	4.6	0.9	25.5	1835	1624	0.89	40	1168	47.0	102	38	 	 	69.6
17:09	16:07	09:46:04	4.5	0.9	25.0	1796	1613	0.90	42	1113	46.7	102	38	 	 	69.8
17:11	16:09	09:46:06	4.5	0.9	24.0	1723	1466	0.85	41	1012	41.6	100	39	 	 	73.1
17:13	16:11	09:46:08	4.6	0.9	31.5	2261	1870	0.83	33	1586	51.7	100	38	 	 	66.6
17:15	16:13	09:46:10	4.7	0.9	25.3	1816	1525	0.84	31	1357	42.4	98	39	 	 	72.6
17:19	16:17	09:46:14	4.7	0.9	14.9	1072	929	0.87	14	1893	26.8	103	37	 	 	82.7
17:21	16:19	09:46:16	4.8	0.9	43.6	3130	2279	0.73	28	1999	55.8	88	43	 	 	63.9
17:24	16:22	09:46:19	4.7	0.9	35.6	2561	2132	0.83	19	3302	61.7	98	39	 	 	60.1
17:26	16:24	09:46:21	4.7	0.9	23.5	1692	1433	0.85	29	1372	39.2	98	39	 	 	74.7
17:28	16:26	09:46:23	4.8	0.9	30.9	2222	1788	0.80	34	1456	48.8	100	38	 	 	68.5
17:30	16:28	09:46:25	4.8	0.9	32.5	2336	1903	0.81	36	1478	52.8	98	39	 	 	65.9
17:32	16:30	09:46:27	4.8	0.9	30.1	2163	1794	0.83	29	1689	49.4	99	39	 	 	68.0
17:34	16:32	09:46:29	4.8	0.9	26.7	1917	1568	0.82	35	1266	44.2	97	39	 	 	71.5
17:35	16:33	09:46:30	4.8	0.9	30.2	2168	1776	0.82	38	1306	49.3	100	38	 	 	68.1
17:37	16:35	09:46:32	5.0	0.9	29.3	2107	1744	0.83	33	1448	48.3	97	40	 	 	68.8
17:39	16:37	09:46:34	4.8	0.9	29.8	2140	1784	0.83	38	1320	50.1	99	39	 	 	67.6
17:40	16:38	09:46:35	5.0	0.9	33.3	2391	2047	0.86	36	1622	58.3	103	37	 	 	62.3
17:42	16:40	09:46:37	4.8	0.9	29.4	2111	1796	0.85	43	1235	52.6	102	37	 	 	66.0
17:43	16:41	09:46:38	4.8	0.9	24.6	1764	1532	0.87	35	1273	44.1	102	37	 	 	71.5
17:45	16:43	09:46:40	4.8	0.9	29.8	2142	1844	0.86	33	1553	51.2	103	37	 	 	66.9
17:48	16:46	09:46:43	5.1	0.9	24.0	1721	1441	0.84	25	1412	35.7	96	41	 	 	76.9
17:49	16:47	09:46:44	5.1	0.9	38.3	2755	2243	0.81	37	1718	62.9	100	38	 	 	59.4
17:51	16:49	09:46:46	5.0	0.9	29.2	2100	1810	0.86	36	1439	52.0	103	37	 	 	66.4
17:53	16:51	09:46:48	5.0	0.9	32.3	2320	2090	0.90	32	1901	61.6	107	35	 	 	60.2
17:54	16:52	09:46:49	5.2	0.9	27.9	2001	1769	0.88	35	1438	50.8	101	38	 	 	67.2
17:56	16:54	09:46:51	5.1	0.9	30.0	2152	1902	0.88	32	1669	53.3	100	39	 	 	65.6
17:58	16:56	09:46:53	5.2	0.9	31.4	2255	1955	0.87	36	1523	54.1	101	38	 	 	65.0
18:00	16:58	09:46:55	5.1	0.9	33.1	2375	2053	0.86	33	1774	58.2	103	37	 	 	62.4
18:01	16:59	09:46:56	5.0	0.9	28.9	2075	1841	0.89	37	1445	53.8	105	36	 	 	65.2
18:03	17:01	09:46:58	5.2	0.9	31.4	2256	1998	0.89	42	1420	59.6	105	36	 	 	61.5
18:04	17:02	09:46:59	5.1	0.9	28.4	2042	1899	0.93	41	1408	58.3	106	36	 	 	62.3
18:06	17:04	09:47:01	5.3	0.9	28.3	2033	1900	0.93	39	1466	57.1	105	36	 	 	63.1
18:07	17:05	09:47:02	5.3	0.9	29.3	2108	1862	0.88	38	1444	54.8	104	37	 	 	64.6
18:09	17:07	09:47:04	5.2	0.9	30.0	2159	1874	0.87	40	1390	56.0	104	37	 	 	63.8
18:10	17:08	09:47:05	5.2	0.9	29.8	2139	1897	0.89	41	1408	57.9	105	36	 	 	62.6
18:12	17:10	09:47:07	5.3	0.9	25.3	1821	1638	0.90	41	1239	51.3	107	35	 	 	66.9
18:13	17:11	09:47:08	5.2	0.9	25.2	1810	1706	0.94	42	1171	49.5	104	37	 	 	68.0
18:15	17:13	09:47:10	5.1	0.9	31.9	2295	1985	0.86	38	1483	57.1	99	39	 	 	63.1
18:16	17:14	09:47:11	5.3	0.9	29.6	2126	1844	0.87	38	1411	52.9	101	38	 	 	65.8
18:18	17:16	09:47:13	5.5	0.9	31.8	2288	1930	0.84	38	1447	54.6	101	38	 	 	64.7
18:20	17:18	09:47:15	5.5	0.9	29.7	2135	1818	0.85	36	1455	51.7	101	38	 	 	66.6
18:21	17:19	09:47:16	5.3	0.9	28.0	2009	1673	0.83	41	1242	50.7	100	38	 	 	67.2
18:24	17:22	09:47:19	5.3	0.9	18.8	1352	968	0.72	19	1130	21.7	84	46	 	 	86.0
18:27	17:25	09:47:22	5.3	0.9	42.2	3030	2468	0.81	21	3378	69.4	98	39	 	 	55.1
18:29	17:27	09:47:24	5.3	0.9	30.9	2223	1835	0.83	39	1345	52.4	101	37	 	 	66.1
18:30	17:28	09:47:25	5.3	0.9	30.5	2193	1818	0.83	39	1287	50.8	99	38	 	 	67.2
18:32	17:30	09:47:27	5.5	0.9	28.4	2039	1687	0.83	42	1150	48.6	98	39	 	 	68.6
18:33	17:31	09:47:28	5.6	0.9	31.0	2226	1831	0.82	43	1210	51.9	101	37	 	 	66.5
18:35	17:33	09:47:30	5.5	0.9	35.1	2525	2087	0.83	39	1500	58.4	100	38	 	 	62.2
18:36	17:34	09:47:31	5.3	0.9	33.4	2400	1951	0.81	38	1502	56.7	98	39	 	 	63.4
18:38	17:36	09:47:33	5.5	0.9	32.3	2318	1933	0.83	38	1467	55.7	99	38	 	 	64.0
18:46	17:44	09:47:41	5.5	0.9	32.3	2323	1869	0.80	36	1467	53.3	98	39	 	 	65.5
18:47	17:45	09:47:42	5.3	0.9	31.7	2281	1914	0.84	41	1361	55.2	98	39	 	 	64.3
18:49	17:47	09:47:44	5.5	0.9	36.5	2620	2203	0.84	46	1418	64.9	102	37	 	 	58.0
18:50	17:48	09:47:45	5.8	0.9	34.8	2500	2140	0.86	38	1625	62.5	103	36	 	 	59.6
18:52	17:50	09:47:47	5.7	0.9	30.1	2161	1877	0.87	39	1416	55.2	104	36	 	 	64.3
18:53	17:51	09:47:48	5.6	0.9	30.7	2204	1889	0.86	37	1472	54.9	100	39	 	 	64.5
18:55	17:53	09:47:50	5.6	0.9	32.0	2296	1920	0.84	35	1548	54.3	101	38	 	 	64.9
18:57	17:55	09:47:52	5.8	0.9	37.7	2706	2271	0.84	35	1853	64.3	100	38	 	 	58.5
18:59	17:57	09:47:54	5.7	0.9	30.3	2180	1905	0.87	35	1572	55.5	103	37	 	 	64.1
19:00	17:58	09:47:55	5.6	0.9	29.2	2096	1825	0.87	38	1414	53.3	103	37	 	 	65.5
19:02	18:00	09:47:57	5.6	0.9	31.2	2238	1965	0.88	41	1359	55.1	101	38	 	 	64.4
19:03	18:01	09:47:58	5.8	0.9	33.8	2425	1978	0.82	40	1415	56.6	97	40	 	 	63.4
19:05	18:03	09:48:00	5.7	0.9	34.0	2441	2005	0.82	41	1408	57.5	97	39	 	 	62.9
19:06	18:04	09:48:01	5.7	0.9	23.6	1695	1495	0.88	47	1033	48.1	107	34	 	 	68.9
19:07	18:05	09:48:02	5.8	0.9	34.2	2459	1977	0.80	48	1123	54.3	96	40	 	 	64.9
19:09	18:07	09:48:04	5.7	0.9	34.2	2458	2050	0.83	41	1389	56.7	97	39	 	 	63.4
19:10	18:08	09:48:05	5.8	0.9	34.8	2503	2004	0.80	38	1488	56.2	99	39	 	 	63.7
19:13	18:11	09:48:08	5.8	0.9	33.8	2428	2028	0.84	24	2365	57.2	99	39	 	 	63.0
19:14	18:12	09:48:09	5.7	0.9	31.3	2250	1855	0.82	38	1313	50.5	98	39	 	 	67.4
19:16	18:14	09:48:11	5.7	0.9	32.2	2315	1896	0.82	44	1226	53.7	99	38	 	 	65.3
19:17	18:15	09:48:12	5.8	0.9	32.7	2349	1857	0.79	37	1375	51.3	97	39	 	 	66.9
19:19	18:17	09:48:14	5.7	0.9	30.8	2214	1776	0.80	41	1265	51.7	101	37	 	 	66.6
19:20	18:18	09:48:15	6.2	0.9	32.8	2357	1918	0.81	41	1306	54.0	99	38	 	 	65.1
19:22	18:20	09:48:17	6.0	0.9	30.1	2161	1805	0.83	27	1865	50.9	100	38	 	 	67.1
19:27	18:25	09:48:22	6.0	0.9	19.3	1386	1173	0.85	14	2326	33.4	101	38	 	 	78.4
19:29	18:27	09:48:24	5.8	0.9	53.1	3817	2816	0.74	24	3085	74.3	93	40	 	 	52.0
19:31	18:29	09:48:26	6.0	0.9	40.5	2910	2265	0.78	34	1864	63.6	96	39	 	 	58.9
19:32	18:30	09:48:27	6.0	0.9	38.7	2778	2249	0.81	42	1564	65.6	100	37	 	 	57.6
19:34	18:32	09:48:29	6.0	0.9	38.5	2764	2290	0.83	40	1644	66.2	100	38	 	 	57.2
19:35	18:33	09:48:30	6.0	0.9	35.2	2527	2156	0.85	42	1535	64.4	102	37	 	 	58.4
19:37	18:35	09:48:32	6.1	0.9	36.6	2629	2271	0.86	41	1601	65.8	100	38	 	 	57.5
19:38	18:36	09:48:33	6.0	0.9	33.7	2422	2158	0.89	41	1558	64.0	101	38	 	 	58.6
19:40	18:38	09:48:35	6.1	0.9	37.3	2681	2346	0.88	40	1725	68.5	102	37	 	 	55.7
19:41	18:39	09:48:36	6.1	0.9	37.9	2721	2368	0.87	40	1755	69.7	104	37	 	 	54.9
19:43	18:41	09:48:38	6.0	0.9	33.6	2416	2115	0.88	38	1660	63.4	104	37	 	 	59.0
19:44	18:42	09:48:39	6.0	0.9	31.0	2230	1994	0.89	37	1577	57.7	103	38	 	 	62.7
19:46	18:44	09:48:41	6.2	0.9	34.2	2454	2128	0.87	40	1549	61.6	99	39	 	 	60.2
19:47	18:45	09:48:42	6.0	0.9	36.2	2601	2210	0.85	43	1467	62.9	98	39	 	 	59.4
19:49	18:47	09:48:44	6.0	0.9	39.8	2861	2455	0.86	37	1923	71.2	103	37	 	 	54.0
19:51	18:49	09:48:46	6.3	0.9	36.7	2634	2322	0.88	34	2016	67.6	104	37	 	 	56.3
19:52	18:50	09:48:47	6.3	0.9	34.9	2508	2204	0.88	42	1552	64.7	103	37	 	 	58.2
19:53	18:51	09:48:48	6.2	0.9	34.0	2441	2171	0.89	43	1496	64.1	103	37	 	 	58.6
19:55	18:53	09:48:50	6.2	0.9	37.0	2661	2349	0.88	40	1686	67.9	102	38	 	 	56.1
19:59	18:57	09:48:54	6.3	0.9	20.9	1503	1426	0.95	13	3240	43.3	105	37	 	 	72.0
20:01	18:59	09:48:56	6.3	0.9	48.3	3470	2469	0.71	40	1539	61.5	89	42	 	 	60.2
20:03	19:01	09:48:58	6.2	0.9	48.0	3451	2676	0.78	34	2198	73.7	97	39	 	 	52.4
20:04	19:02	09:48:59	6.3	0.9	41.7	2994	2496	0.83	34	2083	71.4	100	38	 	 	53.8
20:06	19:04	09:49:01	6.3	0.9	33.7	2425	2062	0.85	41	1489	60.8	101	38	 	 	60.7
20:07	19:05	09:49:02	6.3	0.9	36.2	2598	2218	0.85	44	1512	66.2	102	37	 	 	57.2
20:09	19:07	09:49:04	6.5	0.9	32.4	2326	2120	0.91	45	1412	64.2	105	36	 	 	58.5
20:10	19:08	09:49:05	6.3	0.9	37.9	2721	2474	0.91	49	1553	75.8	106	35	 	 	51.0
20:11	19:09	09:49:06	6.3	0.9	34.3	2462	2143	0.87	45	1361	61.4	102	38	 	 	60.3
20:13	19:11	09:49:08	6.3	0.9	29.4	2115	1869	0.88	41	1314	54.0	102	38	 	 	65.1
20:14	19:12	09:49:09	6.3	0.9	35.3	2538	2214	0.87	35	1749	61.4	101	38	 	 	60.3
20:16	19:14	09:49:11	6.3	0.9	39.4	2829	2422	0.86	40	1713	69.0	99	39	 	 	55.4
20:17	19:15	09:49:12	6.3	0.9	37.3	2678	2263	0.85	41	1561	64.6	98	39	 	 	58.2
20:19	19:17	09:49:14	6.5	0.9	36.1	2590	2271	0.88	44	1509	66.1	104	36	 	 	57.3
20:20	19:18	09:49:15	6.6	0.9	37.2	2673	2272	0.85	39	1684	65.6	100	38	 	 	57.6
20:22	19:20	09:49:17	6.5	0.9	37.9	2724	2336	0.86	40	1662	66.5	101	38	 	 	57.0
20:23	19:21	09:49:18	6.6	0.9	39.0	2800	2387	0.85	41	1681	69.5	102	37	 	 	55.0
20:25	19:23	09:49:20	6.5	0.9	39.3	2824	2491	0.88	42	1816	75.7	104	37	 	 	51.1
20:26	19:24	09:49:21	6.5	0.9	37.6	2703	2437	0.90	42	1772	73.9	105	36	 	 	52.3
20:27	19:25	09:49:22	6.6	0.9	32.5	2338	2151	0.92	43	1576	67.5	106	36	 	 	56.3
20:29	19:27	09:49:24	6.5	0.9	35.3	2533	2343	0.92	43	1645	71.5	103	37	 	 	53.8
20:30	19:28	09:49:25	6.6	0.9	32.4	2326	2166	0.93	41	1570	65.0	105	36	 	 	58.0
20:32	19:30	09:49:27	6.5	0.9	33.9	2437	2234	0.92	42	1538	65.0	104	36	 	 	58.0
20:33	19:31	09:49:28	6.5	0.9	39.1	2806	2453	0.87	39	1847	72.0	101	38	 	 	53.5
20:35	19:33	09:49:30	6.6	0.9	38.5	2766	2439	0.88	40	1823	72.9	103	37	 	 	52.9
20:36	19:34	09:49:31	6.6	0.9	34.5	2482	2274	0.92	43	1591	68.7	104	36	 	 	55.6
20:38	19:36	09:49:33	6.6	0.9	37.7	2708	2442	0.90	41	1753	72.5	101	38	 	 	53.1
20:39	19:37	09:49:34	6.8	0.9	34.7	2491	2229	0.90	41	1606	66.0	101	38	 	 	57.3
20:41	19:39	09:49:36	6.6	0.9	39.2	2818	2476	0.88	39	1849	72.5	103	37	 	 	53.1
20:44	19:42	09:49:39	6.8	0.9	25.2	1810	1695	0.94	18	2871	50.4	104	37	 	 	67.4
20:46	19:44	09:49:41	6.6	0.9	43.8	3148	2486	0.79	31	2099	64.9	95	41	 	 	58.0
20:48	19:46	09:49:43	6.8	0.9	40.4	2906	2302	0.79	37	1773	64.9	99	39	 	 	58.1
20:49	19:47	09:49:44	6.6	0.9	25.6	1842	1581	0.86	52	1077	56.2	107	34	 	 	63.7
20:50	19:48	09:49:45	6.8	0.9	49.3	3541	3154	0.89	44	2029	88.9	100	38	 	 	42.6
20:52	19:50	09:49:47	6.8	0.9	40.6	2915	2496	0.86	42	1719	72.6	101	38	 	 	53.1
20:53	19:51	09:49:48	6.8	0.9	33.2	2383	2149	0.90	43	1464	63.6	103	37	 	 	58.9
20:56	19:54	09:49:51	6.9	0.9	33.4	2402	2242	0.93	20	3367	68.7	107	35	 	 	55.6
20:57	19:55	09:49:52	6.8	0.9	44.0	3161	2565	0.81	42	1616	67.3	97	40	 	 	56.5
20:59	19:57	09:49:54	6.8	0.9	40.8	2930	2464	0.84	36	1995	70.8	100	38	 	 	54.2
21:00	19:58	09:49:55	7.0	0.9	38.7	2780	2394	0.86	43	1650	71.2	100	38	 	 	54.0
21:02	20:00	09:49:57	6.9	0.9	37.5	2695	2388	0.89	42	1718	71.6	102	37	 	 	53.7
21:03	20:01	09:49:58	6.9	0.9	38.6	2773	2394	0.86	42	1678	70.4	102	37	 	 	54.5
21:05	20:03	09:50:00	6.9	0.9	35.6	2560	2225	0.87	43	1537	66.3	101	38	 	 	57.1
21:06	20:04	09:50:01	6.9	0.9	37.2	2676	2339	0.87	43	1596	68.9	100	38	 	 	55.5
21:07	20:05	09:50:02	7.0	0.9	38.0	2734	2349	0.86	42	1640	68.8	99	38	 	 	55.5
21:09	20:07	09:50:04	7.0	0.9	33.5	2408	2129	0.88	44	1420	62.2	103	36	 	 	59.8
21:10	20:08	09:50:05	6.8	0.9	39.5	2840	2376	0.84	41	1627	67.3	98	39	 	 	56.5
21:12	20:10	09:50:07	7.0	0.9	41.1	2954	2501	0.85	41	1774	71.9	102	37	 	 	53.5
21:13	20:11	09:50:08	6.9	0.9	40.1	2878	2505	0.87	43	1717	73.6	101	38	 	 	52.4
21:15	20:13	09:50:10	7.1	0.9	40.9	2936	2548	0.87	41	1830	74.7	103	37	 	 	51.7
21:16	20:14	09:50:11	7.0	0.9	35.3	2536	2238	0.88	43	1563	67.5	104	37	 	 	56.4
21:17	20:15	09:50:12	6.9	0.9	32.9	2362	2048	0.87	43	1467	62.9	104	37	 	 	59.4
21:19	20:17	09:50:14	7.1	0.9	40.1	2878	2472	0.86	40	1731	69.2	102	38	 	 	55.2
21:20	20:18	09:50:15	7.1	0.9	39.8	2860	2484	0.87	45	1554	70.6	102	38	 	 	54.3
21:22	20:20	09:50:17	7.1	0.9	30.1	2165	1769	0.82	28	1786	49.4	93	43	 	 	68.1
21:24	20:22	09:50:19	7.1	0.9	39.8	2862	2394	0.84	39	1732	67.9	100	38	 	 	56.1
21:25	20:23	09:50:20	7.1	0.9	40.3	2897	2486	0.86	40	1729	69.6	100	38	 	 	55.0
21:27	20:25	09:50:22	7.0	0.9	43.5	3128	2742	0.88	42	1889	78.7	102	37	 	 	49.1
21:28	20:26	09:50:23	7.1	0.9	45.1	3241	2935	0.91	38	2413	90.5	107	35	 	 	41.5
21:30	20:28	09:50:25	7.0	0.9	31.9	2292	2126	0.93	36	1714	62.3	105	36	 	 	59.7
21:32	20:30	09:50:27	7.1	0.9	35.7	2568	2303	0.90	43	1516	64.5	102	38	 	 	58.3
21:33	20:31	09:50:28	7.0	0.9	40.6	2914	2520	0.86	43	1698	72.3	99	39	 	 	53.3
21:34	20:32	09:50:29	7.0	0.9	42.9	3084	2619	0.85	41	1854	75.7	99	39	 	 	51.1
21:36	20:34	09:50:31	7.3	0.9	36.0	2585	2242	0.87	48	1442	68.7	105	36	 	 	55.6
21:37	20:35	09:50:32	7.4	0.9	39.6	2847	2406	0.85	44	1584	69.4	102	38	 	 	55.2
21:39	20:37	09:50:34	7.3	0.9	41.2	2959	2668	0.90	41	1916	78.2	104	37	 	 	49.5
21:40	20:38	09:50:35	7.1	0.9	43.6	3129	2767	0.88	46	1847	84.6	106	36	 	 	45.3
21:41	20:39	09:50:36	7.4	0.9	41.3	2965	2710	0.91	42	1951	81.3	104	37	 	 	47.5
21:43	20:41	09:50:38	7.4	0.9	36.6	2632	2444	0.93	38	1896	71.5	104	37	 	 	53.8
21:46	20:44	09:50:41	7.1	0.9	15.5	1115	1058	0.95	20	1680	32.9	108	34	 	 	78.7
21:48	20:46	09:50:43	7.4	0.9	64.6	4642	3641	0.78	28	3453	97.7	95	40	 	 	36.8
21:50	20:48	09:50:45	7.3	0.9	48.6	3489	2936	0.84	36	2386	84.7	102	36	 	 	45.2
21:51	20:49	09:50:46	7.6	0.9	39.1	2807	2484	0.88	52	1496	78.0	106	35	 	 	49.6
21:52	20:50	09:50:47	7.3	0.9	38.8	2791	2526	0.91	51	1538	78.2	104	36	 	 	49.4
21:53	20:51	09:50:48	7.3	0.9	37.8	2717	2485	0.91	44	1789	78.3	107	35	 	 	49.4
21:55	20:53	09:50:50	7.3	0.9	44.7	3214	2948	0.92	39	2235	88.2	104	37	 	 	43.0
21:56	20:54	09:50:51	7.4	0.9	38.9	2793	2594	0.93	43	1808	77.0	102	38	 	 	50.3
21:58	20:56	09:50:53	7.4	0.9	39.7	2855	2608	0.91	42	1845	77.9	102	38	 	 	49.6
21:59	20:57	09:50:54	7.3	0.9	40.1	2883	2646	0.92	45	1771	80.5	107	35	 	 	48.0
22:00	20:58	09:50:55	7.5	0.9	46.1	3312	2965	0.90	46	1937	88.7	105	36	 	 	42.6
22:02	21:00	09:50:57	7.3	0.9	37.8	2719	2528	0.93	44	1757	77.5	106	36	 	 	49.9
22:03	21:01	09:50:58	7.3	0.9	39.7	2854	2566	0.90	54	1512	81.8	106	36	 	 	47.2
22:04	21:02	09:50:59	7.4	0.9	34.7	2493	2327	0.93	48	1490	72.1	108	35	 	 	53.4
22:05	21:03	09:51:00	7.6	0.9	45.3	3256	2952	0.91	50	1792	90.4	105	36	 	 	41.6
22:07	21:05	09:51:02	7.5	0.9	36.5	2623	2330	0.89	43	1638	70.2	103	37	 	 	54.6
22:08	21:06	09:51:03	7.6	0.9	42.0	3016	2669	0.88	49	1642	80.7	105	36	 	 	47.8
22:09	21:07	09:51:04	7.5	0.9	39.7	2850	2594	0.91	45	1673	75.5	103	37	 	 	51.2
22:11	21:09	09:51:06	7.6	0.8	36.8	2641	2413	0.91	43	1687	73.3	103	38	 	 	52.6
22:12	21:10	09:51:07	7.6	0.8	38.8	2788	2502	0.90	43	1742	75.2	102	38	 	 	51.4
22:13	21:11	09:51:08	7.4	0.8	43.7	3140	2775	0.88	49	1730	84.4	105	36	 	 	45.4
22:15	21:13	09:51:10	7.6	0.8	40.0	2873	2577	0.90	45	1763	79.0	105	36	 	 	49.0
22:16	21:14	09:51:11	7.6	0.8	39.5	2836	2602	0.92	49	1621	79.1	106	36	 	 	48.9
22:17	21:15	09:51:12	7.6	0.8	44.6	3205	2907	0.91	45	1954	88.2	105	37	 	 	43.0
22:19	21:17	09:51:14	7.6	0.8	37.1	2667	2524	0.95	45	1751	79.0	105	36	 	 	48.9
22:20	21:18	09:51:15	7.6	0.8	39.5	2836	2623	0.92	47	1765	83.4	108	35	 	 	46.1
22:21	21:19	09:51:16	7.8	0.8	40.7	2928	2802	0.96	38	2195	84.4	105	36	 	 	45.4
22:23	21:21	09:51:18	7.6	0.8	43.0	3090	2803	0.91	42	1997	83.8	105	36	 	 	45.8
22:24	21:22	09:51:19	7.8	0.8	32.7	2351	2187	0.93	46	1448	66.8	106	36	 	 	56.8
22:26	21:24	09:51:21	7.6	0.8	44.3	3183	2963	0.93	27	3251	87.1	102	38	 	 	43.7
22:28	21:26	09:51:23	7.8	0.8	32.1	2309	1918	0.83	43	1199	51.0	97	41	 	 	67.0
22:29	21:27	09:51:24	7.6	0.8	47.9	3438	2968	0.86	50	1752	86.9	102	37	 	 	43.8
22:30	21:28	09:51:25	7.6	0.8	44.1	3167	2742	0.87	40	1970	79.3	103	37	 	 	48.7
22:32	21:30	09:51:27	7.8	0.8	46.5	3341	2937	0.88	45	1976	89.8	105	36	 	 	41.9
22:33	21:31	09:51:28	7.6	0.8	39.1	2813	2592	0.92	45	1795	81.0	105	36	 	 	47.6
22:34	21:32	09:51:29	8.0	0.8	40.5	2909	2742	0.94	52	1569	81.1	104	37	 	 	47.5
22:36	21:34	09:51:31	7.8	0.8	42.4	3044	2898	0.95	30	2945	87.1	104	37	 	 	43.7
22:37	21:35	09:51:32	7.9	0.8	37.6	2698	2433	0.90	50	1444	72.2	105	37	 	 	53.3
22:39	21:37	09:51:34	7.9	0.8	37.5	2691	2309	0.86	50	1385	69.2	102	38	 	 	55.2
22:40	21:38	09:51:35	7.9	0.8	42.5	3053	2680	0.88	49	1574	77.4	103	37	 	 	50.0
22:41	21:39	09:51:36	7.9	0.8	41.1	2955	2683	0.91	43	1784	77.0	104	37	 	 	50.2
22:43	21:41	09:51:38	7.9	0.8	43.2	3106	2808	0.90	43	1912	82.5	104	37	 	 	46.7
22:45	21:43	09:51:40	7.9	0.8	21.0	1512	1350	0.89	22	1560	34.7	98	40	 	 	77.6
22:47	21:45	09:51:42	7.8	0.8	60.3	4334	3532	0.82	32	2970	95.3	97	39	 	 	38.4
22:49	21:47	09:51:44	7.8	0.8	48.4	3477	3104	0.89	30	2967	89.0	102	38	 	 	42.5
22:51	21:49	09:51:46	7.9	0.8	43.6	3133	2725	0.87	34	2251	77.6	102	38	 	 	49.8
22:53	21:51	09:51:48	8.1	0.8	40.3	2892	2500	0.86	34	2027	68.3	100	39	 	 	55.8
22:54	21:52	09:51:49	7.9	0.8	45.8	3288	2876	0.87	40	2094	83.8	102	38	 	 	45.9
22:56	21:54	09:51:51	8.1	0.8	41.3	2970	2701	0.91	45	1753	79.1	103	37	 	 	48.9
22:57	21:55	09:51:52	7.9	0.8	45.3	3258	2923	0.90	43	2021	86.6	102	38	 	 	44.0
22:58	21:56	09:51:53	8.0	0.8	40.8	2933	2778	0.95	44	1858	82.6	105	37	 	 	46.6
23:00	21:58	09:51:55	7.9	0.8	42.1	3025	2896	0.96	45	1854	84.3	104	37	 	 	45.5
23:01	21:59	09:51:56	8.0	0.8	47.2	3391	3082	0.91	49	1881	91.7	104	37	 	 	40.7
23:02	22:00	09:51:57	7.9	0.8	46.0	3307	3044	0.92	45	2012	90.1	105	37	 	 	41.8
23:04	22:02	09:51:59	8.1	0.8	41.7	2999	2910	0.97	45	1926	86.2	106	36	 	 	44.3
23:05	22:03	09:52:00	8.1	0.8	38.4	2760	2591	0.94	52	1529	79.1	106	36	 	 	48.9
23:06	22:04	09:52:01	8.1	0.8	44.0	3162	2965	0.94	51	1734	88.2	104	38	 	 	43.0
23:07	22:05	09:52:02	8.3	0.8	41.2	2962	2793	0.94	48	1723	82.7	104	37	 	 	46.5
23:08	22:06	09:52:03	8.1	0.8	41.3	2966	2777	0.94	45	1814	82.5	104	38	 	 	46.7
23:11	22:09	09:52:06	8.3	0.8	48.2	3466	3256	0.94	29	3259	94.5	104	38	 	 	38.9
23:12	22:10	09:52:07	8.1	0.8	34.1	2449	2320	0.95	48	1417	68.0	104	37	 	 	56.0
23:13	22:11	09:52:08	8.3	0.8	44.6	3208	3015	0.94	55	1623	88.5	103	38	 	 	42.8
23:14	22:12	09:52:09	8.1	0.8	43.1	3096	2894	0.93	58	1508	87.8	104	37	 	 	43.2
23:15	22:13	09:52:10	8.3	0.8	46.3	3329	3051	0.92	44	2056	91.4	105	37	 	 	40.9
23:16	22:14	09:52:11	8.0	0.8	38.2	2747	2707	0.99	50	1661	82.4	107	36	 	 	46.7
23:18	22:16	09:52:13	8.1	0.8	46.6	3348	3126	0.93	42	2228	92.8	104	37	 	 	40.0
23:19	22:17	09:52:14	8.1	0.8	39.0	2805	2766	0.99	48	1775	85.2	108	35	 	 	44.9
23:20	22:18	09:52:15	8.3	0.8	45.4	3263	3087	0.95	48	1976	94.8	107	35	 	 	38.7
23:22	22:20	09:52:17	8.1	0.8	46.8	3364	3151	0.94	47	2068	96.2	106	36	 	 	37.8
23:23	22:21	09:52:18	8.1	0.8	40.0	2876	2847	0.99	50	1745	88.0	108	35	 	 	43.1
23:24	22:22	09:52:19	8.1	0.8	44.6	3202	3048	0.95	55	1720	93.8	106	36	 	 	39.4
23:25	22:23	09:52:20	8.4	0.8	45.7	3283	3303	1.01	55	1873	103.1	108	35	 	 	33.4
23:26	22:24	09:52:21	8.1	0.8	44.0	3162	3112	0.98	59	1692	99.5	109	35	 	 	35.7
23:27	22:25	09:52:22	8.4	0.8	41.3	2967	2994	1.01	56	1812	100.7	111	34	 	 	34.9
23:29	22:27	09:52:24	8.1	0.8	42.6	3059	3093	1.01	46	2146	99.1	109	35	 	 	36.0
23:30	22:28	09:52:25	8.3	0.8	41.8	3001	2983	0.99	51	1871	95.1	110	34	 	 	38.5
23:31	22:29	09:52:26	8.1	0.8	40.8	2930	2819	0.96	51	1712	87.8	106	37	 	 	43.2
23:33	22:31	09:52:28	8.1	0.8	13.1	942	967	1.03	23	1384	31.7	111	33	 	 	79.5
23:35	22:33	09:52:30	8.3	0.8	74.7	5368	4269	0.80	42	2681	113.3	94	41	 	 	26.8
23:36	22:34	09:52:31	8.5	0.8	56.5	4060	3594	0.89	42	2628	109.5	104	36	 	 	29.2
23:38	22:36	09:52:33	8.4	0.8	43.5	3127	2996	0.96	50	1917	95.8	108	34	 	 	38.1
23:39	22:37	09:52:34	8.5	0.8	44.0	3164	3036	0.96	61	1616	98.0	109	34	 	 	36.7
23:40	22:38	09:52:35	8.6	0.8	43.2	3101	3019	0.97	56	1652	91.8	105	36	 	 	40.7
23:41	22:39	09:52:36	8.6	0.8	42.0	3017	2823	0.94	55	1690	93.0	108	35	 	 	39.9
23:42	22:40	09:52:37	8.4	0.8	35.6	2558	2467	0.96	43	1703	74.1	107	36	 	 	52.1
23:44	22:42	09:52:39	8.5	0.8	51.3	3686	3613	0.98	43	2511	106.9	105	36	 	 	30.9
23:45	22:43	09:52:40	8.6	0.8	47.1	3384	3370	1.00	58	1880	108.4	109	35	 	 	29.9
23:46	22:44	09:52:41	8.6	0.8	44.6	3208	3179	0.99	61	1675	101.5	109	34	 	 	34.4
23:47	22:45	09:52:42	8.4	0.8	41.5	2979	3216	1.08	62	1703	105.4	110	34	 	 	31.9
23:48	22:46	09:52:43	8.4	0.8	44.3	3181	3288	1.03	39	2668	103.3	109	35	 	 	33.2
23:49	22:47	09:52:44	8.5	0.8	40.9	2937	2886	0.98	48	1889	90.7	109	35	 	 	41.4
23:50	22:48	09:52:45	8.7	0.8	42.8	3078	3075	1.00	57	1656	93.7	107	36	 	 	39.4
23:51	22:49	09:52:46	8.7	0.8	45.1	3242	3045	0.94	58	1620	94.4	105	37	 	 	39.0
23:53	22:51	09:52:48	8.7	0.8	43.2	3100	3055	0.99	50	1871	92.8	108	35	 	 	40.0
23:54	22:52	09:52:49	8.5	0.8	46.5	3344	3207	0.96	45	2144	97.4	107	35	 	 	37.0
23:55	22:53	09:52:50	8.5	0.8	45.9	3300	3167	0.96	56	1785	100.1	108	35	 	 	35.3
23:56	22:54	09:52:51	8.5	0.8	47.6	3417	3374	0.99	58	1865	108.6	109	35	 	 	29.8
23:57	22:55	09:52:52	8.6	0.8	36.1	2597	2802	1.08	52	1682	87.0	108	35	 	 	43.7
23:59	22:57	09:52:54	8.7	0.8	45.6	3277	3225	0.98	45	2138	95.7	104	37	 	 	38.1
24:00	22:58	09:52:55	8.6	0.8	50.0	3595	3545	0.99	33	3286	107.8	107	36	 	 	30.3
24:02	23:00	09:52:57	8.5	0.8	42.8	3074	3017	0.98	50	1865	93.3	108	35	 	 	39.7
24:03	23:01	09:52:58	8.7	0.8	44.6	3206	3046	0.95	56	1677	94.1	107	36	 	 	39.2
24:04	23:02	09:52:59	8.4	0.8	41.4	2974	2971	1.00	52	1752	90.6	108	35	 	 	41.4
24:05	23:03	09:53:00	8.5	0.8	45.1	3243	3201	0.99	54	1815	97.2	105	37	 	 	37.1
24:06	23:04	09:53:01	8.7	1.4	45.8	3290	3113	0.95	56	1730	96.1	106	36	 	 	37.9
24:07	23:05	09:53:02	8.4	1.5	39.5	2838	2938	1.03	53	1754	92.3	109	35	 	 	40.3
24:08	23:06	09:53:03	8.4	1.5	45.9	3301	3159	0.96	55	1793	98.7	107	36	 	 	36.2
24:09	23:07	09:53:04	8.5	1.5	46.9	3367	3264	0.97	52	1935	100.1	107	36	 	 	35.3
24:11	23:09	09:53:06	8.5	1.5	46.3	3330	3230	0.97	50	2006	101.1	106	36	 	 	34.6
24:12	23:10	09:53:07	8.5	1.5	38.4	2761	2727	0.99	44	1893	84.1	108	35	 	 	45.6
24:13	23:11	09:53:08	8.5	1.5	49.0	3518	3294	0.94	52	1938	101.1	106	36	 	 	34.6
24:14	23:12	09:53:09	8.5	1.5	44.3	3184	3131	0.98	49	1944	95.6	107	36	 	 	38.2
24:15	23:13	09:53:10	8.6	1.5	46.9	3369	3253	0.97	53	1937	102.9	108	35	 	 	33.5
24:17	23:15	09:53:12	8.4	1.5	43.7	3136	3142	1.00	47	2122	100.3	109	35	 	 	35.2
24:18	23:16	09:53:13	8.6	1.5	41.9	3008	3088	1.03	50	1904	95.2	108	35	 	 	38.4
24:19	23:17	09:53:14	8.6	1.7	44.8	3216	3145	0.98	41	2303	94.0	103	39	 	 	39.2
24:21	23:19	09:53:16	8.5	1.7	45.3	3252	3224	0.99	44	2141	95.1	104	38	 	 	38.5
24:22	23:20	09:53:17	8.5	1.7	45.6	3273	3215	0.98	49	1978	97.3	108	35	 	 	37.1
24:23	23:21	09:53:18	8.5	1.7	53.6	3848	3753	0.98	48	2395	115.9	108	35	 	 	25.1
24:24	23:22	09:53:19	8.6	1.7	47.9	3439	3379	0.98	47	2222	103.3	108	36	 	 	33.2
24:26	23:24	09:53:21	8.5	1.7	48.5	3483	3497	1.00	54	2024	109.4	109	35	 	 	29.3
24:27	23:25	09:53:22	8.5	1.7	40.2	2890	2880	1.00	47	1897	88.3	106	37	 	 	43.0
24:28	23:26	09:53:23	8.6	1.7	45.8	3290	3213	0.98	47	2054	97.0	104	38	 	 	37.3
AT																
24:29	23:27	09:53:24	8.5	1.7	46.2	3321	3392	1.02	47	2179	103.0	108	36	 	 	33.4
24:31	23:29	09:53:26	8.5	1.7	48.3	3468	3579	1.03	33	3233	107.8	108	36	 	 	30.3
24:32	23:30	09:53:27	8.5	1.7	46.9	3368	3319	0.99	59	1724	101.4	106	37	 	 	34.4
24:33	23:31	09:53:28	8.7	1.7	47.1	3382	3401	1.01	57	1813	102.6	108	36	 	 	33.6
24:35	23:33	09:53:30	8.4	1.7	45.9	3298	3369	1.02	48	2119	101.7	106	37	 	 	34.2
24:36	23:34	09:53:31	8.6	2.3	47.0	3379	3413	1.01	55	1977	107.9	109	35	 	 	30.3
24:37	23:35	09:53:32	8.5	2.3	46.6	3349	3426	1.02	59	1874	111.3	111	34	 	 	28.0
24:38	23:36	09:53:33	8.5	2.4	50.2	3608	3686	1.02	57	2103	119.0	110	34	 	 	23.1
24:39	23:37	09:53:34	8.7	2.4	44.0	3159	3410	1.08	57	2004	114.5	112	34	 	 	26.0
24:40	23:38	09:53:35	8.6	2.4	42.0	3019	3185	1.06	60	1722	103.3	110	35	 	 	33.2
24:42	23:40	09:53:37	8.5	2.4	17.4	1254	1460	1.16	29	1670	48.2	112	33	 	 	68.9
24:43	23:41	09:53:38	8.5	2.4	75.4	5415	4752	0.88	48	2630	127.2	99	40	 	 	17.7
24:44	23:42	09:53:39	8.5	2.4	53.4	3837	3841	1.00	50	2343	118.1	107	35	 	 	23.6
24:46	23:44	09:53:41	8.6	2.4	52.4	3763	3834	1.02	45	2725	123.9	110	34	 	 	19.9
24:47	23:45	09:53:42	8.5	2.4	41.7	2999	3147	1.05	38	2461	94.7	108	36	 	 	38.8
24:48	23:46	09:53:43	8.8	2.4	46.6	3345	3288	0.98	47	2090	98.0	107	36	 	 	36.7
24:50	23:48	09:53:45	8.5	2.8	44.8	3219	3192	0.99	44	2121	93.6	107	37	 	 	39.5
24:51	23:49	09:53:46	8.6	3.0	48.6	3493	3534	1.01	53	2100	110.5	108	35	 	 	28.6
24:52	23:50	09:53:47	8.5	3.0	51.1	3674	3716	1.01	59	1974	116.1	109	35	 	 	24.9
24:53	23:51	09:53:48	8.5	3.0	42.4	3044	3234	1.06	49	2113	103.9	108	36	 	 	32.8
24:54	23:52	09:53:49	8.7	3.0	49.3	3542	3825	1.08	52	2322	121.1	110	35	 	 	21.7
24:56	23:54	09:53:51	8.5	3.0	43.2	3107	3331	1.07	50	2107	104.5	109	35	 	 	32.5
24:57	23:55	09:53:52	8.7	3.0	44.2	3176	3378	1.06	56	1856	103.1	108	36	 	 	33.3
24:58	23:56	09:53:53	8.6	3.0	45.8	3292	3452	1.05	51	2083	105.9	109	35	 	 	31.5
24:59	23:57	09:53:54	8.7	3.0	55.1	3958	4162	1.05	48	2694	130.4	109	35	 	 	15.7
25:00	23:58	09:53:55	8.5	3.0	44.9	3224	3404	1.06	54	2062	111.5	111	34	 	 	27.9
25:01	23:59	09:53:56	8.6	3.0	42.7	3067	3335	1.09	54	1899	102.7	110	35	 	 	33.6
25:02	24:00	09:53:57	8.5	3.0	48.8	3504	3908	1.12	56	2196	123.1	109	36	 	 	20.4
25:03	24:01	09:53:58	8.6	3.0	50.8	3649	3873	1.06	54	2305	123.5	110	35	 	 	20.2
25:05	24:03	09:54:00	8.7	3.0	44.9	3223	3429	1.06	49	2229	108.7	109	36	 	 	29.7
25:06	24:04	09:54:01	8.7	3.3	50.3	3612	3857	1.07	56	2143	119.1	110	35	 	 	23.0
25:07	24:05	09:54:02	8.5	3.3	49.5	3559	3848	1.08	58	2124	123.8	111	34	 	 	20.0
25:08	24:06	09:54:03	8.6	3.3	46.2	3323	3470	1.04	50	2174	108.7	109	36	 	 	29.7
25:09	24:07	09:54:04	8.7	3.3	51.3	3686	4005	1.09	58	2214	127.7	110	35	 	 	17.4
25:10	24:08	09:54:05	8.5	3.3	48.7	3502	3731	1.07	48	2424	115.5	109	36	 	 	25.4
25:12	24:10	09:54:07	8.5	3.3	48.7	3498	3767	1.08	35	3330	116.2	108	37	 	 	24.9
25:13	24:11	09:54:08	8.5	3.3	43.7	3139	3334	1.06	56	1878	105.3	110	35	 	 	31.9
25:14	24:12	09:54:09	8.5	3.3	46.7	3353	3705	1.11	65	1790	116.7	109	36	 	 	24.5
25:15	24:13	09:54:10	8.5	3.3	48.4	3478	3717	1.07	61	1995	120.9	110	35	 	 	21.8
25:16	24:14	09:54:11	8.5	3.3	44.0	3158	3479	1.10	51	2125	109.0	112	34	 	 	29.6
25:17	24:15	09:54:12	8.6	3.3	51.3	3683	3819	1.04	56	2155	119.7	109	36	 	 	22.6
25:18	24:16	09:54:13	8.5	3.3	46.5	3338	3677	1.10	56	2135	119.7	111	34	 	 	22.6
25:19	24:17	09:54:14	8.7	3.3	48.1	3459	3757	1.09	59	1990	118.2	110	35	 	 	23.6
25:20	24:18	09:54:15	8.5	3.7	45.2	3244	3577	1.10	55	2104	115.8	112	34	 	 	25.1
25:22	24:20	09:54:17	8.5	4.0	52.0	3738	4007	1.07	48	2564	124.1	109	36	 	 	19.8
25:23	24:21	09:54:18	8.7	4.0	47.0	3379	3613	1.07	55	2075	114.2	110	35	 	 	26.2
25:24	24:22	09:54:19	8.7	4.0	44.5	3200	3640	1.14	59	2039	119.9	112	34	 	 	22.5
25:25	24:23	09:54:20	8.6	4.0	43.6	3130	3247	1.04	43	2128	91.2	108	37	 	 	41.0
25:26	24:24	09:54:21	8.5	4.0	49.9	3584	3922	1.09	56	2150	120.5	109	36	 	 	22.1
25:27	24:25	09:54:22	8.5	4.0	46.4	3337	3694	1.11	55	2116	116.5	110	35	 	 	24.7
25:28	24:26	09:54:23	8.5	4.0	45.7	3285	3537	1.08	54	2110	113.1	111	35	 	 	26.9
25:31	24:29	09:54:26	8.5	4.0	16.8	1208	1311	1.08	28	1516	43.1	113	33	 	 	72.1
25:32	24:30	09:54:27	8.7	4.0	77.7	5584	5249	0.94	50	2855	144.0	102	39	 	 	6.9
25:33	24:31	09:54:28	8.5	4.0	55.2	3969	4038	1.02	48	2586	125.1	108	35	 	 	19.1
25:34	24:32	09:54:29	8.6	4.0	53.9	3874	4180	1.08	55	2493	137.2	112	34	 	 	11.3
V02 Max																
25:35	24:33	09:54:30	8.7	4.0	49.9	3588	3950	1.10	58	2292	132.2	113	33	 	 	14.5
25:36	24:34	09:54:31	8.5	4.6	41.9	3010	3441	1.14	66	1744	115.0	112	34	 	 	25.7
25:37	24:35	09:54:32	8.5	4.7	43.4	3121	3495	1.12	61	1907	115.6	112	34	 	 	25.3
25:38	24:36	09:54:33	8.7	4.7	46.7	3357	3768	1.12	58	2119	122.3	110	35	 	 	21.0
25:39	24:37	09:54:34	8.6	4.7	51.3	3682	4028	1.09	54	2360	127.6	111	35	 	 	17.5
25:40	24:38	09:54:35	8.7	4.7	47.9	3444	3831	1.11	56	2300	127.8	113	33	 	 	17.4
25:41	24:39	09:54:36	8.5	4.7	42.4	3049	3457	1.13	56	2059	115.4	113	33	 	 	25.4
25:43	24:41	09:54:38	8.6	4.7	48.4	3481	3881	1.11	50	2558	127.9	112	34	 	 	17.3
25:44	24:42	09:54:39	8.6	4.7	47.6	3423	3885	1.13	57	2232	126.4	112	34	 	 	18.3
25:45	24:43	09:54:40	8.7	4.7	47.5	3413	3922	1.15	60	2147	128.8	112	34	 	 	16.7
25:46	24:44	09:54:41	8.5	4.7	47.4	3406	3792	1.11	56	2214	123.0	112	34	 	 	20.5
25:47	24:45	09:54:42	8.5	4.7	42.2	3029	3418	1.13	53	2064	108.6	111	34	 	 	29.8
25:48	24:46	09:54:43	8.5	4.7	52.9	3804	4123	1.08	41	3107	126.8	110	35	 	 	18.0
25:49	24:47	09:54:44	8.5	4.7	52.3	3761	4103	1.09	58	2256	130.1	111	35	 	 	15.9
25:50	24:48	09:54:45	8.7	5.0	43.4	3116	3605	1.16	62	1905	117.8	113	34	 	 	23.8
25:51	24:49	09:54:46	8.7	5.1	48.1	3455	3928	1.14	59	2177	129.3	113	33	 	 	16.4
25:52	24:50	09:54:47	8.5	5.1	43.5	3129	3665	1.17	60	2039	122.3	114	33	 	 	20.9
25:53	24:51	09:54:48	8.5	5.1	43.6	3133	3732	1.19	63	2028	128.1	114	33	 	 	17.2
25:54	24:52	09:54:49	8.7	5.1	43.0	3092	3600	1.16	59	2038	119.9	113	33	 	 	22.5
25:55	24:53	09:54:50	8.6	5.1	43.5	3127	3796	1.21	59	2177	129.3	114	33	 	 	16.4
25:56	24:54	09:54:51	8.5	5.1	43.1	3098	3484	1.12	59	1954	115.0	113	34	 	 	25.7
25:57	24:55	09:54:52	8.5	5.1	48.8	3503	3898	1.11	61	2135	130.7	113	34	 	 	15.5
25:58	24:56	09:54:53	8.5	5.1	42.6	3064	3462	1.13	61	1835	112.3	111	35	 	 	27.4
25:59	24:57	09:54:54	8.6	5.1	49.3	3544	3964	1.12	59	2120	125.9	111	35	 	 	18.6
26:00	24:58	09:54:55	8.7	5.1	52.2	3750	4093	1.09	56	2358	132.2	112	34	 	 	14.5
26:01	24:59	09:54:56	8.5	5.1	45.8	3289	3640	1.11	57	2103	120.2	112	34	 	 	22.3
26:03	25:01	09:54:58	8.7	5.1	49.8	3575	3997	1.12	47	2719	127.4	111	34	 	 	17.6
26:04	25:02	09:54:59	8.5	5.1	44.6	3208	3788	1.18	48	2565	124.1	113	34	 	 	19.8
26:05	25:03	09:55:00	8.6	5.6	46.3	3325	3696	1.11	58	2085	120.3	113	34	 	 	22.2
26:06	25:04	09:55:01	8.6	5.6	46.9	3368	3809	1.13	59	2117	125.8	113	34	 	 	18.7
26:07	25:05	09:55:02	8.5	5.7	46.8	3359	3892	1.16	61	2144	129.9	113	34	 	 	16.0
26:08	25:06	09:55:03	8.5	5.7	49.1	3529	4028	1.14	63	2178	136.1	114	33	 	 	12.0
26:09	25:07	09:55:04	8.5	5.7	48.0	3452	3886	1.13	61	2047	124.1	112	35	 	 	19.8
26:10	25:08	09:55:05	8.6	5.7	49.8	3575	4167	1.17	58	2379	137.2	113	34	 	 	11.3
26:11	25:09	09:55:06	8.7	5.7	47.2	3389	3812	1.12	57	2212	125.2	113	33	 	 	19.1
26:12	25:10	09:55:07	8.5	5.7	49.7	3572	4225	1.18	65	2192	141.4	114	33	 	 	8.6
26:13	25:11	09:55:08	8.6	5.7	48.7	3502	4012	1.15	61	2197	133.2	113	34	 	 	13.9
26:14	25:12	09:55:09	8.6	5.7	46.9	3368	3948	1.17	61	2237	135.6	114	33	 	 	12.3
26:15	25:13	09:55:10	8.7	5.7	45.3	3254	3888	1.19	58	2256	130.1	114	33	 	 	15.9
26:16	25:14	09:55:11	8.6	5.7	45.1	3242	3774	1.16	48	2550	123.4	111	35	 	 	20.2
26:17	25:15	09:55:12	8.7	5.7	49.7	3569	4074	1.14	49	2764	134.8	114	33	 	 	12.9
26:18	25:16	09:55:13	8.7	5.7	48.1	3459	3928	1.14	63	2081	130.0	113	34	 	 	15.9
26:19	25:17	09:55:14	8.5	5.7	48.8	3508	4093	1.17	65	2138	137.9	113	34	 	 	10.8
26:20	25:18	09:55:15	8.7	5.7	48.3	3473	3941	1.13	59	2126	125.1	112	35	 	 	19.2
26:21	25:19	09:55:16	8.7	5.7	48.3	3467	3943	1.14	61	2079	127.3	112	34	 	 	17.7
26:22	25:20	09:55:17	8.5	5.7	52.9	3799	4334	1.14	59	2467	145.1	114	33	 	 	6.2
26:23	25:21	09:55:18	8.5	5.7	49.6	3564	4115	1.15	61	2283	138.4	114	33	 	 	10.6
26:25	25:23	09:55:20	8.5	5.7	46.0	3308	3817	1.15	37	3300	121.5	111	35	 	 	21.5
26:26	25:24	09:55:21	8.5	5.7	44.7	3214	3698	1.15	46	2499	115.3	111	35	 	 	25.4
26:28	25:26	09:55:23	8.6	5.7	45.7	3282	3680	1.12	48	2340	112.3	110	36	 	 	27.4
26:29	25:27	09:55:24	8.6	5.7	52.7	3789	3983	1.05	54	2252	120.7	109	37	 	 	22.0
26:30	25:28	09:55:25	8.5	5.7	49.6	3560	3781	1.06	47	2348	110.9	107	38	 	 	28.3
26:31	25:29	09:55:26	8.5	5.7	50.6	3634	4180	1.15	54	2330	125.9	109	36	 	 	18.6
26:32	25:30	09:55:27	8.5	5.7	48.3	3467	4084	1.18	61	2166	131.3	113	34	 	 	15.1
RC																
26:33	25:31	09:55:28	8.6	5.7	44.6	3202	4100	1.28	60	2284	137.0	114	33	 	 	11.4
26:34	25:32	09:55:29	8.5	5.7	47.3	3402	3917	1.15	60	2210	132.6	114	33	 	 	14.3
26:35	25:33	09:55:30	8.7	5.7	43.9	3158	3728	1.18	68	1823	124.3	114	33	 	 	19.7
26:36	25:34	09:55:31	8.7	6.2	47.2	3392	4095	1.21	63	2131	133.2	114	33	 	 	13.9
26:37	25:35	09:55:32	8.5	6.3	50.7	3645	4268	1.17	65	2222	143.4	114	33	 	 	7.3
26:38	25:36	09:55:33	8.6	6.3	50.8	3649	4217	1.16	61	2243	137.3	113	34	 	 	11.2
26:39	25:37	09:55:34	8.5	6.3	47.3	3400	4094	1.20	61	2319	142.0	115	32	 	 	8.2
26:40	25:38	09:55:35	8.5	6.3	45.4	3265	3885	1.19	62	2101	129.9	113	34	 	 	16.0
26:41	25:39	09:55:36	8.6	6.3	51.2	3682	4260	1.16	55	2522	137.6	113	34	 	 	11.1
26:42	25:40	09:55:37	8.6	6.3	50.0	3593	4323	1.20	61	2337	141.6	113	34	 	 	8.4
26:43	25:41	09:55:38	8.6	6.3	48.1	3458	4118	1.19	62	2261	139.9	114	33	 	 	9.6
26:44	25:42	09:55:39	8.5	6.3	48.7	3496	4103	1.17	58	2338	136.2	114	34	 	 	12.0
26:45	25:43	09:55:40	8.7	6.3	47.2	3389	4074	1.20	59	2401	142.6	116	32	 	 	7.8
26:46	25:44	09:55:41	8.5	6.3	45.5	3266	4026	1.23	61	2239	135.7	114	34	 	 	12.3
26:47	25:45	09:55:42	8.6	6.3	48.2	3464	4209	1.22	60	2371	142.3	114	34	 	 	8.0
26:48	25:46	09:55:43	8.5	6.3	46.7	3355	4154	1.24	59	2315	137.5	113	34	 	 	11.1
26:49	25:47	09:55:44	8.5	6.3	47.4	3405	4289	1.26	59	2476	145.6	114	33	 	 	5.9
26:50	25:48	09:55:45	8.5	6.6	45.0	3236	4013	1.24	59	2273	133.7	114	33	 	 	13.6
26:51	25:49	09:55:46	8.7	6.8	46.1	3309	4447	1.34	58	2621	151.2	115	33	 	 	2.2
26:52	25:50	09:55:47	8.6	6.8	47.2	3389	4123	1.22	59	2355	139.9	114	34	 	 	9.6
26:53	25:51	09:55:48	8.6	6.8	45.5	3271	4159	1.27	61	2246	137.5	114	34	 	 	11.1
26:54	25:52	09:55:49	8.6	6.8	43.7	3141	3586	1.14	53	2208	116.2	112	35	 	 	24.9
26:55	25:53	09:55:50	8.5	6.8	40.9	2941	3358	1.14	45	2340	105.6	112	35	 	 	31.7
26:58	25:56	09:55:53	8.5	6.8	26.9	1934	2151	1.11	22	2920	65.1	101	44	 	 	57.9
